Func,Video,CertRate,CertStat,Keys,Text,RespTime,Onset,Offset,SystemTime_Start,SystemTime_Stop,FrameTimestamps,Participant*,date,expName,psychopyVersion,frameRate,
instrFunc,NA,NA,NA,0,"Before the task begins, we will run a very quick scan. You will see a fixation cross appear on the screen. Please just relax while this scan runs.",498.93220419995487,22.101135000004433,521.0893720999593,2022-11-03 17:15:06.926001,2022-11-03 17:23:25.914350,NA,SR-1371,2022_Nov_03_1715,certainty_neuro,2021.2.3,59.978539668710326,
instrFunc,NA,NA,NA,0,+,552.7908102000365,521.0583089999855,1073.8844982499722,2022-11-03 17:23:25.914350,2022-11-03 17:32:38.729245,NA,SR-1371,2022_Nov_03_1715,certainty_neuro,2021.2.3,59.978539668710326,
instrFunc,NA,NA,NA,1,"To start this study, you will be watching an episode of television and making continous assessments about one of the characters.


Press the thumb button when ready to continue.",17.467237400007434,1073.875037599937,1091.3863790499745,2022-11-03 17:32:38.729245,2022-11-03 17:32:56.229350,NA,SR-1371,2022_Nov_03_1715,certainty_neuro,2021.2.3,59.978539668710326,
instrFunc,NA,NA,NA,1,"You will first be presented with background information for the show, which is a murder mystery in which one character has been accused of murdering another.

You will be given information about the accused, the victim, and the surrounding context.


Press the thumb button when ready to continue.",21.067303500021808,1091.3752716999734,1112.4858888500603,2022-11-03 17:32:56.229350,2022-11-03 17:33:17.328959,NA,SR-1371,2022_Nov_03_1715,certainty_neuro,2021.2.3,59.978539668710326,
instrFunc,NA,NA,NA,1,"You will be judging how certain you are that the accused person is either innocent or guilty.


Press the thumb button when ready to continue.",3.3761509999167174,1112.4721996999579,1115.8840995500796,2022-11-03 17:33:17.328959,2022-11-03 17:33:20.729737,NA,SR-1371,2022_Nov_03_1715,certainty_neuro,2021.2.3,59.978539668710326,
instrFunc,NA,NA,NA,1,"You will use the provided button pad to indicate your certainty of the accused's innocence or guilt.


Press the thumb button when ready to continue.",3.9811343000037596,1115.8721318999305,1119.882527949987,2022-11-03 17:33:20.729737,2022-11-03 17:33:24.729591,NA,SR-1371,2022_Nov_03_1715,certainty_neuro,2021.2.3,59.978539668710326,
instrFunc,NA,NA,NA,1,"Pressing the index finger button will correspond to greater certainty that the accused is guilty.

Pressing the middle finger button will correspond to greater certainty that the accused is innocent.


Press the thumb button when ready to continue.",10.249217600096017,1119.8730722999899,1130.1498953500995,2022-11-03 17:33:24.729591,2022-11-03 17:33:34.995953,NA,SR-1371,2022_Nov_03_1715,certainty_neuro,2021.2.3,59.978539668710326,
instrFunc,NA,NA,NA,1,"Before we begin, we will take a moment to let you practice using the buttons to indicate your ratings.


Press the thumb button when ready to continue.",3.6500416001072153,1130.14021699992,1133.8168655500049,2022-11-03 17:33:34.995953,2022-11-03 17:33:38.661807,NA,SR-1371,2022_Nov_03_1715,certainty_neuro,2021.2.3,59.978539668710326,
isiFunc,NA,NA,NA,NA,+,NA,1133.8063497999683,1135.8165397499688,2022-11-03 17:33:38.661807,2022-11-03 17:33:40.660101,NA,SR-1371,2022_Nov_03_1715,certainty_neuro,2021.2.3,59.978539668710326,
ratingFunc,StimVidPractice.mp4,"['0', '0', '0', '0', '0', '0', '0', '0', '0', '0', '0', '0', '0', '0', '0', '0', '0', '0', '0', '0', '0', '0', '0', '0', '0', '0', '0', '0', '0', '0', '0', '0', '0', '0', '0', '0', '0', '0', '0', '0', '0', '0', '0', '0', '0', '0', '0', '0', '0', '0', '0', '0', '0', '0', '0', '0', '0', '0', '0', '0', '0', '0', '0', '0', '0', '0', '0', '0', '0', '0', '0', '0', '0', '0', '0', '0', '0', '0', '0', '0', '0', '0', '0', '0', '0', '0', '0', '0', '0', '0', '0', '0', '0', '0', '0', '0', '0', '0', '0', '0', '0', '0', '0', '0', '0', '0', '0', '0', '0', '0', '0', '0', '0', '0', '0', '0', '0', '0', '0', '0', '0', '0', '0', '0', '0', '0', '0', '0', '0', '0', '0', '0', '0', '0', '0', '0', '0', '0', '0', '0', '0', '0', '0', '0', '0', '0', '0', '0', '0', '0', '0', '0', '0', '0', '0', '0', '0', '0', '0', '0', '0', '0', '0', '0', '0', '0', '0', '0', '0', '0', '0', '0', '0', '0', '0', '0', '0', '0', '0', '0', '0', '0', '0', '0', '0', '0', '0', '0', '0', '0', '0', '0', '0', '0', '0', '0', '0', '0', '0', '0', '0', '0', '0', '0', '0', '0', '0', '0', '0', '0', '0', '0', '0', '0', '0', '0', '0', '0', '0', '0', '0', '0', '0', '0', '0', '0', '0', '0', '0', '0', '0', '0', '0', '0', '0', '0', '0', '0', '0', '0', '0', '0', '0', '0', '0', '0', '0', '0', '0', '0', '0', '0', '0', '0', '0', '0', '0', '0', '0', '0', '0', '0', '0', '0', '0', '0', '0', '0', '0', '0', '0', '0', '0', '0', '0', '0', '0', '0', '0', '0', '0', '0', '0', '0', '0', '0', '0', '0', '0', '0', '0', '0', '0', '0', '0', '0', '0', '0', '0', '0', '0', '0', '0', '0', '0', '0', '0', '0', '0', '0', '0', '0', '0', '0', '0', '0', '0', '0', '0', '0', '0', '0', '0', '0', '0', '0', '0', '0', '0', '0', '0', '0', '0', '0', '0', '0', '0', '0', '0', '0', '0', '0', '0', '0', '0', '0', '0', '0', '0', '0', '0', '0', '0', '0', '0', '0', '0', '0', '0', '0', '0', '0', '0', '0', '0', '0', '0', '0', '0', '0', '0', '0', '0', '0', '0', '0', '0', '0', '0', '0', '0', '0', '0', '0', '0', '0', '0', '0', '0', '0', '0', '0', '0', '0', '0', '0', '0', '0', '0', '0', '0', '0', '0', '0', '0', '0', '0', '0', '0', '0', '0', '0', '0', '0', '0', '0', '0', '0', '0', '0', '0', '0', '0', '0', '0', '0', '0', '0', '0', '0', '0', '0', '0', '0', '0', '0', '0', '0', '0', '0', '0', '0', '0', '0', '0', '0', '0', '0', '0', '0', '0', '0', '0', '0', '0', '0', '0', '0', '0', '0', '0', '0', '0', '0', '0', '0', '0', '0', '0', '0', '0', '0', '0', '0', '0', '0', '0', '0', '0', '0', '0', '0', '0', '0', '0', '0', '0', '0', '0', '0', '0', '0', '0', '0', '0', '0', '0', '0', '0', '0', '0', '0', '0', '0', '0', '0', '0', '0', '0', '0', '0', '0', '0', '0', '0', '0', '0', '0', '0', '0', '0', '0', '0', '0', '0', '0', '0', '0', '0', '0', '0', '0', '0', '0', '0', '0', '0', '0', '0', '0', '0', '0', '0', '0', '0', '0', '0', '0', '0', '0', '0', '0', '0', '0', '0', '0', '0', '0', '0', '0', '0', '0', '0', '0', '0', '0', '0', '0', '0', '0', '0', '0', '0', '0', '0', '0', '0', '0', '0', '0', '0', '0', '0', '0', '0', '0', '0', '0', '0', '0', '0', '0', '0', '0', '0', '0', '0', '0', '0', '0', '0', '0', '0', '0', '0', '0', '0', '0', '0', '0', '0', '0', '0', '0', '0', '0', '0', '0', '0', '0', '0', '0', '0', '0', '0', '0', '0', '0', '0', '0', '0', '0', '0', '0', '0', '0', '0', '0', '0', '0', '0', '0', '0', '0', '0', '0', '0', '0', '0', '0', '0', '0', '0', '0', '0', '0', '0', '0', '0', '0', '0', '0', '0', '0', '0', '0', '0', '0', '0', '0', '0', '0', '0', '0', '0', '0', '0', '0', '0', '0', '0', '0', '0', '0', '0', '0', '0', '0', '0', '0', '0', '0', '0', '0', '0', '0', '0', '0', '0', '0', '0', '0', '0', '0', '0', '0', '0', '0', '0', '0', '0', '0', '0', '0', '0', '0', '0', '0', '0', '0', '0', '0', '0', '0', '0', '0', '0', '0', '0', '0', '0', '0', '0', '0', '0', '0', '0', '0', '0', '0', '0', '0', '0', '0', '0', '0', '0', '0', '0', '0', '0', '0', '0', '0', '0', '0', '0', '0', '0', '0', '0', '0', '0', '0', '0', '0', '0', '0', '0', '0', '0', '0', '0', '0', '0', '0', '0', '0', '0', '0', '0', '0', '0', '0', '0', '0', '0', '0', '0', '0', '0', '0', '0', '0', '0', '0', '0', '0', '0', '0', '0', '0', '0', '0', '0', '0', '0', '0', '0', '0', '0', '0', '0', '0', '0', '0', '0', '0', '0', '0', '0', '0', '0', '0', '0', '0', '0', '0', '0', '0', '0', '0', '0', '0', '0', '0', '0', '0', '0', '0', '0', '0', '0', '0', '0', '0', '0', '0', '0', '0', '0', '0', '0', '0', '0', '0', '0', '0', '0', '0', '0', '0', '0', '0', '0', '0', '0', '0', '0', '0', '0', '0', '0', '0', '0', '0', '0', '0', '0', '0', '0', '0', '0', '0', '0', '0', '0', '0', '0', '0', '0', '0', '0', '0', '0', '0', '0', '0', '0', '0', '0', '0', '0', '0', '0', '0', '0', '0', '0', '0', '0', '0', '0', '0', '0', '0', '0', '0', '0', '0', '0', '0', '0', '0', '0', '0', '0', '0', '0', '0', '0', '0', '0', '0', '0', '0', '0', '0', '0', '0', '0', '0', '0', '0', '0', '0', '0', '0', '0', '0', '0', '0', '0', '0', '0', '0', '0', '0', '0', '0', '0', '0', '0', '0', '0', '0', '0', '0', '0', '0', '0', '0', '0', '0', '0', '0', '0', '0', '0', '0', '0', '0', '0', '0', '0', '0', '0', '0', '0', '0', '0', '0', '0', '0', '0', '0', '0', '0', '0', '0', '0', '0', '0', '0', '0', '0', '0', '0', '0', '0', '0', '0', '0', '0', '0', '0', '0', '0', '0', '0', '0', '0', '0', '0', '0', '0', '0', '0', '0', '0', '0', '0', '0', '0', '0', '0', '0', '0', '0', '0', '0', '0', '0', '0', '0', '0', '0', '0', '0', '0', '0', '0', '0', '0', '0', '0', '0', '0', '0', '0', '0', '0', '0', '0', '0', '0', '0', '0', '0', '0', '0', '0', '0', '0', '0', '0', '0', '0', '0', '0', '0', '0', '0', '0', '0', '0', '0', '0', '0', '0', '0', '0', '0', '0', '0', '0', '0', '0', '0', '0', '0', '0', '0', '0', '0', '0', '0', '0', '0', '0', '0', '0', '0', '0', '0', '0', '0', '0', '0', '0', '0', '0', '0', '0', '0', '0', '0', '0', '0', '0', '0', '0', '0', '0', '0', '0', '0', '0', '0', '0', '0', '0', '0', '0', '0', '0', '0', '0', '0', '0', '0', '0', '0', '0', '0', '0', '0', '0', '0', '0', '0', '0', '0', '0', '0', '0', '0', '0', '0', '0', '0', '0', '0', '0', '0', '0', '0', '0', '0', '0', '0', '0', '0', '0', '0', '0', '0', '0', '0', '0', '0', '0', '0', '0', '0', '0', '0', '0', '0', '0', '0', '0', '0', '0', '0', '0', '0', '0', '0', '0', '0', '0', '0', '0', '0', '0', '0', '0', '0', '0', '0', '0', '0', '0', '0', '0', '0', '0', '0', '0', '0', '0', '0', '0', '0', '0', '0', '0', '0', '0', '0', '0', '0', '0', '0', '0', '0', '0', '0', '0', '0', '0', '0', '0', '0', '0', '0', '0', '0', '0', '0', '0', '0', '0', '0', '0', '0', '0', '0', '0', '0', '0', '0', '0', '0', '0', '0', '0', '0', '0', '0', '0', '0', '0', '0', '0', '0', '0', '0', '0', '0', '0', '0', '0', '0', '0', '0', '0', '0', '0', '0', '0', '0', '0', '0', '0', '0', '0', '0', '0', '0', '0', '0', '0', '0', '0', '0', '0', '0', '0', '0', '0', '0', '0', '0', '0', '0', '0', '0', '0', '0', '0', '0', '0', '0', '0', '0', '0', '0', '0', '0', '0', '0', '0', '0', '0', '0', '0', '0', '0', '0', '0', '0', '0', '0', '0', '0', '0', '0', '0', '0', '0', '0', '0', '0', '0', '0', '0', '0', '0', '0', '0', '0', '0', '0', '0', '0', '0', '0', '0', '0', '0', '0', '0', '0', '0', '0', '0', '0', '0', '0', '0', '0', '0', '0', '0', '0', '0', '0', '0', '0', '0', '0', '0', '0', '0', '0', '0', '0', '0', '0', '0', '0', '0', '0', '0', '0', '0', '0', '0', '0', '0', '0', '0', '0', '0', '0', '0', '0', '0', '0', '0', '0', '0', '0', '0', '0', '0', '0', '0', '0', '0', '0', '0', '0', '0', '0', '0', '0', '0', '0', '0', '0', '0', '0', '0', '0', '0', '0', '0', '0', '0', '0', '0', '0', '0', '0', '0', '0', '0', '0', '0', '0', '0', '0', '0', '0', '0', '0', '0', '0', '0', '0', '0', '0', '0', '0', '0', '0', '0', '0', '0', '0', '0', '0', '0', '0', '0', '0', '0', '0', '0', '0', '0', '0', '0', '0', '0', '0', '0', '0', '0', '0', '0', '0', '0', '0', '0', '0', '0', '0', '0', '0', '0', '0', '0', '0', '0', '0', '0', '0', '0', '0', '0', '0', '0', '0', '0', '0', '0', '0', '0', '0', '0', '0', '0', '0', '0', '0', '0', '0', '0', '0', '0', '0', '0', '0', '0', '0', '0', '0', '0', '0', '0', '0', '0', '0', '0', '0', '0', '0', '0', '0', '0', '0', '0', '0', '0', '0', '0', '0', '0', '0', '0', '0', '0', '0', '0', '0', '0', '0', '0', '0', '0', '0', '0', '0', '0', '0', '0', '0', '0', '0', '0', '0', '0', '0', '0', '0', '0', '0', '0', '0', '0', '0', '0', '0', '0', '0', '0', '0', '0', '0', '0', '0', '0', '0', '0', '0', '0', '0', '0', '0', '0', '0', '0', '0', '0', '0', '0', '0', '0', '0', '0', '0', '0', '0', '0', '0', '0', '0', '0', '0', '0', '0', '0', '0', '0', '0', '0', '0', '0', '0', '0', '0', '0', '0', '0', '0', '0', '0', '0', '0', '0', '0', '0', '0', '0', '0', '0', '0', '0', '0', '0', '0', '0', '0', '0', '0', '0', '0', '0', '0', '0', '0', '0', '0', '0', '0', '0', '0', '0', '0', '0', '0', '0', '0', '0', '0', '0', '0', '0', '0', '0', '0', '0', '0', '0', '0', '0', '0', '0', '0', '0', '0', '0', '0', '0', '0', '0', '0', '0', '0', '0', '0', '0', '0', '0', '0', '0', '0', '0', '0', '0', '0', '0', '0', '0', '0', '0', '0', '0', '0', '0', '0', '0', '0', '0', '0', '0', '0', '0', '0', '0', '0', '0', '0', '0', '0', '0', '0', '0', '0', '0', '0', '0', '0', '0', '0', '0', '0', '0', '0', '0', '0', '0', '0', '0', '0', '0', '0', '0', '0', '0', '0', '0', '0', '0', '0', '0', '0', '0', '0', '0', '0', '0', '0', '0', '0', '0', '0', '0', '0', '0', '0', '0', '0', '0', '0', '0', '0', '0', '0', '0', '0', '0', '0', '0', '0', '0', '0', '0', '0', '0', '0', '0', '0', '0', '0', '0', '0', '0', '0', '0', '0', '0', '0', '0', '0', '0', '0', '0', '0', '0', '0', '0', '0', '0', '0', '0', '0', '0', '0', '0', '0', '0', '0', '0', '0', '0', '0', '0', '0', '0', '0', '0', '0', '0', '0', '0', '0', '0', '0', '0', '0', '0', '0', '0', '0', '0', '0', '0', '0', '0', '0', '0', '0', '0', '0', '0', '0', '0', '0', '0', '0', '0', '0', '0', '0', '0', '0', '0', '0', '0', '0', '0', '0', '0', '0', '0', '0', '0', '0', '0', '0', '0', '0', '0', '0', '0', '0', '0', '0', '0', '0', '0', '0', '0', '0', '0', '0', '0', '0', '0', '0', '0', '0', '0', '0', '0', '0', '0', '0', '0', '0', '0', '0', '0', '0', '0', '0', '0', '0', '0', '0', '0', '0', '0', '0', '0', '0', '0', '0', '0', '0', '0', '0', '0', '0', '0', '0', '0', '0', '0', '0', '0', '0', '0', '0', '0', '0', '0', '0', '0', '0', '0', '0', '0', '0', '0', '0', '0', '0', '0', '0', '0', '0', '0', '0', '0', '0', '0', '0', '0', '0', '0', '0', '0', '0', '0', '0', '0', '0', '0', '0', '0', '0', '0', '0', '0', '0', '0', '0', '0', '0', '0', '0', '0', '0', '0', '0', '0', '0', '0', '0', '0', '0', '0', '0', '0', '0', '0', '0', '0', '0', '0', '0', '0', '0', '0', '0', '0', '0', '0', '0', '0', '0', '0', '0', '0', '0', '0', '0', '0', '0', '0', '0', '0', '0', '0', '0', '0', '0', '0', '0', '0', '0', '0', '0', '0', '0', '0', '0', '0', '0', '0', '0', '0', '0', '0', '0', '0', '0', '0', '0', '0', '0', '0', '0', '0', '0', '0', '0', '0', '0', '0', '0', '0', '0', '0', '0', '0', '0', '0', '0', '0', '0', '0', '0', '0', '0', '0', '0', '0', '0', '0', '0', '0', '0', '0', '0', '0', '0', '0', '0', '0', '0', '0', '0', '0', '0', '0', '0', '0', '0', '0', '0', '0', '0', '0', '0', '0', '0', '0', '0', '0', '0', '0', '0', '0', '0', '0', '0', '0', '0', '0', '0', '0', '0', '0', '0', '0', '0', '0', '0', '0', '0', '0', '0', '0', '0', '0', '0', '0', '0', '0', '0', '0', '0', '0', '0', '0', '0', '0', '0', '0', '0', '0', '0', '0', '0', '0', '0', '0', '0', '0', '0', '0', '0', '0', '0', '0', '0', '0', '0', '0', '0', '0', '0', '0', '0', '0', '0', '0', '0', '0', '0', '0', '0', '0', '0', '0', '0', '0', '0', '0', '0', '0', '0', '0', '0', '0', '0', '0', '0', '0', '0', '0', '0', '0', '0', '0', '0', '0', '0', '0', '0', '0', '0', '0', '0', '0', '0', '0', '0', '0', '0', '0', '0', '0', '0', '0', '0', '0', '0', '0', '0', '0', '0', '0', '0', '0', '0', '0', '0', '0', '0', '0', '0', '0', '0', '0', '0', '0', '0', '0', '0', '0', '0', '0', '0', '0', '0', '0', '0', '0', '0', '0', '0', '0', '0', '0', '0', '0', '0', '0', '0', '0', '0', '0', '0', '0', '0', '0', '0', '0', '0', '0', '0', '0', '0', '0', '0', '0', '0', '0', '0', '0', '0', '0', '0', '0', '0', '0', '0', '0', '0', '0', '0', '0', '0', '0', '0', '0', '0', '0', '0', '0', '0', '0', '0', '0', '0', '0', '0', '0', '0', '0', '0', '0', '0', '0', '0', '0', '0', '0', '0', '0', '0', '0', '0', '0', '0', '0', '0', '0', '0', '0', '0', '0', '0', '0', '0', '0', '0', '0', '0', '0', '0', '0', '0', '0', '0', '0', '0', '0', '0', '0', '0', '0', '0', '0', '0', '0', '0', '0', '0', '0', '0', '0', '0', '0', '0', '0', '0', '0', '0', '0', '0', '0', '0', '0', '0', '0', '0', '0', '0', '0', '0', '0', '0', '0', '0', '0', '0', '0', '0', '0', '0', '0', '0', '0', '0', '0', '0', '0', '0', '0', '0', '0', '0', '0', '0', '0', '0', '0', '0', '0', '0', '0', '0', '0', '0', '0', '0', '0', '0', '0', '0', '0', '0', '0', '0', '0', '0', '0', '0', '0', '0', '0', '0', '0', '0', '0', '0', '0', '0', '0', '0', '0', '0', '0', '0', '0', '0', '0', '0', '0', '0', '0', '0', '0', '0', '0', '0', '0', '0', '0', '0', '0', '0', '0', '0', '0', '0', '0', '0', '0', '0', '0', '0', '0', '0', '0', '0', '0', '0', '0', '0', '0', '0', '0', '0', '0', '0', '0', '0', '0', '0', '0', '0', '0', '0', '0', '0', '0', '0', '0', '0', '0', '0', '0', '0', '0', '0', '0', '0', '0', '0', '0', '0', '0', '0', '0', '0', '0', '0', '0', '0', '0', '0', '0', '0', '0', '0', '0', '0', '0', '0', '0', '0', '0', '0', '0', '0', '0', '0', '0', '0', '0', '0', '0', '0', '0', '0', '0', '0', '0', '0', '0', '0', '0', '0', '0', '0', '0', '0', '0', '0', '0', '0', '0', '0', '0', '0', '0', '0', '0', '0', '0', '0', '0', '0', '0', '0', '0', '0', '0', '0', '0', '0', '0', '0', '0', '0', '0', '0', '0', '0', '0', '0', '0', '0', '0', '0', '0', '0', '0', '0', '0', '0', '0', '0', '0', '0', '0', '0', '0', '0', '0', '0', '0', '0', '0', '0', '0', '0', '0', '0', '0', '0', '0', '0', '0', '0', '0', '0', '0', '0', '0', '0', '0', '0', '0', '0', '0', '0', '0', '0', '0', '0', '0', '0', '0', '0', '0', '0', '0', '0', '0', '0', '0', '0', '0', '0', '0', '0', '0', '0', '0', '0', '0', '0', '0', '0', '0', '0', '0', '0', '0', '0', '0', '0', '0', '0', '0', '0', '0', '0', '0', '0', '0', '0', '0', '0', '0', '0', '0', '0', '0', '0', '0', '0', '0', '0', '0', '0', '0', '0', '0', '0', '0', '0', '0', '0', '0', '0', '0', '0', '0', '0', '0', '0', '0', '0', '0', '0', '0', '0', '0', '0', '0', '0', '0', '0', '0', '0', '0', '0', '0', '0', '0', '0', '0', '0', '0', '0', '0', '0', '0', '0', '0', '0', '0', '0', '0', '0', '0', '0', '0', '0', '0', '0', '0', '0', '0', '0', '0', '0', '0', '0', '0', '0', '0', '0', '0', '0', '0', '0', '0', '0', '0', '0', '0', '0', '0', '0', '0', '0', '0', '0', '0', '0', '0', '0', '0', '5', '5', '5', '5', '5', '5', '5', '5', '5', '5', '5', '5', '5', '5', '5', '5', '5', '5', '5', '5', '5', '5', '5', '5', '5', '5', '5', '5', '5', '5', '5', '5', '5', '5', '5', '5', '5', '5', '5', '5', '5', '5', '5', '5', '5', '5', '5', '5', '5', '5', '5', '5', '5', '5', '5', '5', '5', '5', '5', '5', '5', '5', '5', '5', '5', '5', '5', '5', '5', '5', '5', '5', '5', '5', '5', '5', '5', '5', '5', '5', '5', '5', '5', '5', '5', '5', '5', '5', '5', '5', '5', '5', '5', '5', '5', '5', '5', '5', '5', '5', '5', '5', '5', '5', '5', '5', '5', '5', '5', '5', '5', '5', '5', '5', '5', '5', '5', '5', '5', '5', '5', '5', '5', '5', '5', '5', '5', '5', '5', '5', '5', '5', '0', '0', '0', '0', '0', '0', '0', '0', '0', '0', '0', '0', '0', '0', '0', '0', '0', '0', '0', '0', '0', '0', '0', '0', '0', '0', '0', '0', '0', '0', '0', '0', '0', '0', '0', '0', '0', '0', '0', '0', '0', '0', '0', '0', '0', '0', '0', '0', '0', '0', '0', '0', '0', '0', '0', '0', '0', '0', '0', '0', '0', '0', '0', '0', '0', '0', '0', '-5', '-5', '-5', '-5', '-5', '-5', '-5', '-5', '-5', '-5', '-5', '-5', '-5', '-5', '-5', '-5', '-5', '-5', '-5', '-5', '-5', '-5', '-5', '-5', '-5', '-5', '-5', '-5', '-5', '-5', '-5', '-5', '-5', '-5', '-5', '-5', '-10', '-10', '-10', '-10', '-10', '-10', '-10', '-10', '-10', '-10', '-10', '-10', '-10', '-10', '-10', '-10', '-10', '-10', '-10', '-15', '-15', '-15', '-15', '-15', '-15', '-15', '-15', '-15', '-15', '-15', '-15', '-15', '-15', '-20', '-20', '-20', '-20', '-20', '-20', '-20', '-20', '-20', '-20', '-20', '-20', '-20', '-20', '-20', '-20', '-20', '-20', '-20', '-20', '-20', '-20', '-20', '-20', '-20', '-20', '-20', '-20', '-20', '-20', '-20', '-20', '-20', '-20', '-20', '-20', '-20', '-20', '-20', '-20', '-20', '-20', '-20', '-20', '-20', '-20', '-20', '-20', '-20', '-20', '-20', '-20', '-20', '-25', '-25', '-25', '-25', '-25', '-25', '-25', '-25', '-25', '-25', '-25', '-25', '-25', '-25', '-25', '-25', '-25', '-25', '-25', '-25', '-30', '-30', '-30', '-30', '-30', '-30', '-30', '-30', '-30', '-30', '-30', '-30', '-30', '-30', '-30', '-30', '-35', '-35', '-35', '-35', '-35', '-35', '-35', '-35', '-35', '-35', '-35', '-35', '-35', '-35', '-35', '-35', '-35', '-40', '-40', '-40', '-40', '-40', '-40', '-40', '-40', '-40', '-40', '-40', '-40', '-40', '-40', '-40', '-40', '-40', '-40', '-40', '-40', '-40', '-40', '-40', '-40', '-40', '-40', '-40', '-40', '-40', '-40', '-40', '-45', '-45', '-45', '-45', '-45', '-45', '-45', '-45', '-45', '-45', '-45', '-45', '-45', '-45', '-45', '-45', '-45', '-45', '-50', '-50', '-50', '-50', '-50', '-50', '-50', '-50', '-50', '-50', '-50', '-50', '-50', '-50', '-50', '-50', '-50', '-50', '-55', '-55', '-55', '-55', '-55', '-55', '-55', '-55', '-55', '-55', '-55', '-55', '-55', '-55', '-55', '-55', '-55', '-55', '-60', '-60', '-60', '-60', '-60', '-60', '-60', '-60', '-60', '-60', '-60', '-60', '-60', '-60', '-60', '-60', '-60', '-60', '-65', '-65', '-65', '-65', '-65', '-65', '-65', '-65', '-65', '-65', '-65', '-65', '-65', '-65', '-65', '-65', '-65', '-70', '-70', '-70', '-70', '-70', '-70', '-70', '-70', '-70', '-70', '-70', '-70', '-70', '-70', '-70', '-70', '-70', '-70', '-75', '-75', '-75', '-75', '-75', '-75', '-75', '-75', '-75', '-75', '-75', '-75', '-75', '-75', '-75', '-75', '-75', '-75', '-80', '-80', '-80', '-80', '-80', '-80', '-80', '-80', '-80', '-80', '-80', '-80', '-80', '-80', '-80', '-80', '-80', '-85', '-85', '-85', '-85', '-85', '-85', '-85', '-85', '-85', '-85', '-85', '-85', '-85', '-85', '-85', '-85', '-85', '-85', '-85', '-90', '-90', '-90', '-90', '-90', '-90', '-90', '-90', '-90', '-90', '-90', '-90', '-90', '-90', '-90', '-90', '-90', '-90', '-95', '-95', '-95', '-95', '-95', '-95', '-95', '-95', '-95', '-95', '-95', '-95', '-95', '-95', '-95', '-95', '-95', '-95', '-95', '-95', '-95', '-95', '-100', '-100', '-100', '-100', '-100', '-100', '-100', '-100', '-100', '-100', '-100', '-100', '-100', '-100', '-100', '-100', '-100', '-100', '-100', '-100', '-100', '-100', '-100', '-100', '-100', '-100', '-100', '-100', '-100', '-100', '-100', '-100', '-100', '-100', '-100', '-100', '-100', '-100', '-100', '-100', '-100', '-100', '-100', '-100', '-100', '-100', '-100', '-100', '-100', '-100', '-100', '-100', '-100', '-100', '-100', '-100', '-100', '-100', '-100', '-100', '-100', '-100', '-100', '-100', '-100', '-100', '-100', '-100', '-100', '-100', '-100', '-100', '-100', '-100', '-100', '-100', '-100', '-100', '-100', '-100', '-100', '-100', '-100', '-100', '-100', '-100', '-100', '-100', '-100', '-100', '-100', '-100', '-100', '-100', '-100', '-100', '-100', '-100', '-100', '-100', '-100', '-100', '-100', '-100', '-100', '-100', '-100', '-100', '-100', '-100', '-100', '-100', '-100', '-100', '-100', '-100', '-100', '-100', '-100', '-100', '-100', '-100', '-100', '-100', '-100', '-100', '-100', '-100', '-100', '-100', '-100', '-100', '-100', '-100', '-100', '-100', '-100', '-100', '-100', '-100', '-100', '-100', '-100', '-100', '-100', '-100', '-100', '-100', '-100', '-100', '-100', '-100', '-100', '-100', '-100', '-100', '-100', '-100', '-100', '-100', '-100', '-100', '-100', '-100', '-100', '-100', '-100', '-100', '-100', '-100', '-100', '-100', '-100', '-100', '-100', '-100', '-100', '-100', '-100', '-100', '-100', '-100', '-100', '-100', '-100', '-100', '-100', '-100', '-100', '-100', '-100', '-100', '-100', '-100', '-100', '-100', '-100', '-100', '-100', '-100', '-100', '-100', '-100', '-100', '-100', '-100', '-100', '-100', '-100', '-100', '-100', '-100', '-100', '-100', '-100', '-100', '-100', '-100', '-100', '-100', '-100', '-100', '-100', '-100', '-100', '-100', '-100', '-100', '-100', '-100', '-100', '-100', '-100', '-100', '-100', '-100', '-100', '-100', '-100', '-100', '-100', '-100', '-100', '-100', '-100', '-100', '-100', '-100', '-100', '-100', '-100', '-100', '-100', '-100', '-100', '-100', '-100', '-100', '-100', '-100', '-100', '-100', '-100', '-100', '-95', '-95', '-95', '-95', '-95', '-95', '-95', '-95', '-95', '-95', '-95', '-95', '-95', '-95', '-95', '-95', '-95', '-95', '-95', '-95', '-95', '-95', '-95', '-90', '-90', '-90', '-90', '-90', '-90', '-90', '-90', '-90', '-90', '-90', '-90', '-90', '-90', '-90', '-90', '-90', '-90', '-90', '-85', '-85', '-85', '-85', '-85', '-85', '-85', '-85', '-85', '-85', '-85', '-85', '-85', '-85', '-85', '-85', '-85', '-85', '-80', '-80', '-80', '-80', '-80', '-80', '-80', '-80', '-80', '-80', '-80', '-80', '-80', '-80', '-80', '-80', '-80', '-80', '-80', '-80', '-80', '-80', '-75', '-75', '-75', '-75', '-75', '-75', '-75', '-75', '-75', '-75', '-75', '-75', '-75', '-75', '-75', '-75', '-75', '-75', '-75', '-75', '-75', '-75', '-75', '-70', '-70', '-70', '-70', '-70', '-70', '-70', '-70', '-70', '-70', '-70', '-70', '-70', '-70', '-70', '-70', '-70', '-70', '-70', '-65', '-65', '-65', '-65', '-65', '-65', '-65', '-65', '-65', '-65', '-65', '-65', '-65', '-65', '-65', '-65', '-65', '-65', '-65', '-65', '-65', '-65', '-65', '-65', '-65', '-60', '-60', '-60', '-60', '-60', '-60', '-60', '-60', '-60', '-60', '-60', '-60', '-60', '-60', '-60', '-60', '-60', '-60', '-60', '-60', '-60', '-60', '-60', '-55', '-55', '-55', '-55', '-55', '-55', '-55', '-55', '-55', '-55', '-55', '-55', '-55', '-55', '-55', '-55', '-55', '-55', '-55', '-55', '-55', '-55', '-55', '-55', '-55', '-55', '-50', '-50', '-50', '-50', '-50', '-50', '-50', '-50', '-50', '-50', '-50', '-50', '-50', '-50', '-50', '-50', '-50', '-50', '-50', '-50', '-50', '-50', '-50', '-50', '-50', '-50', '-50', '-50', '-50', '-50', '-50', '-50', '-50', '-50', '-50', '-45', '-45', '-45', '-45', '-45', '-45', '-45', '-45', '-45', '-45', '-45', '-45', '-45', '-45', '-45', '-45', '-45', '-45', '-45', '-45', '-45', '-45', '-45', '-45', '-45', '-45', '-45', '-40', '-40', '-40', '-40', '-40', '-40', '-40', '-40', '-40', '-40', '-40', '-40', '-40', '-40', '-40', '-40', '-40', '-40', '-40', '-40', '-40', '-40', '-40', '-40', '-40', '-35', '-35', '-35', '-35', '-35', '-35', '-35', '-35', '-35', '-35', '-35', '-35', '-35', '-35', '-35', '-35', '-35', '-35', '-35', '-35', '-35', '-35', '-35', '-30', '-30', '-30', '-30', '-30', '-30', '-30', '-30', '-30', '-30', '-30', '-30', '-30', '-30', '-30', '-30', '-30', '-30', '-30', '-30', '-30', '-30', '-25', '-25', '-25', '-25', '-25', '-25', '-25', '-25', '-25', '-25', '-25', '-25', '-25', '-25', '-25', '-25', '-25', '-25', '-25', '-25', '-25', '-20', '-20', '-20', '-20', '-20', '-20', '-20', '-20', '-20', '-20', '-20', '-20', '-20', '-20', '-20', '-20', '-20', '-20', '-20', '-15', '-15', '-15', '-15', '-15', '-15', '-15', '-15', '-15', '-15', '-15', '-15', '-15', '-15', '-15', '-15', '-15', '-15', '-15', '-15', '-10', '-10', '-10', '-10', '-10', '-10', '-10', '-10', '-10', '-10', '-10', '-10', '-10', '-10', '-10', '-10', '-10', '-10', '-10', '-10', '-10', '-10', '-10', '-10', '-10', '-10', '-10', '-10', '-10', '-10', '-10', '-5', '-5', '-5', '-5', '-5', '-5', '-5', '-5', '-5', '-5', '-5', '-5', '-5', '-5', '-5', '-5', '0', '0', '0', '0', '0', '0', '0', '0', '0', '0', '0', '0', '0', '0', '0', '0', '5', '5', '5', '5', '5', '5', '5', '5', '5', '5', '5', '5', '5', '10', '10', '10', '10', '10', '10', '10', '10', '10', '10', '10', '10', '10', '15', '15', '15', '15', '15', '15', '15', '15', '15', '15', '15', '15', '15', '15', '15', '15', '15', '15', '15', '15', '15', '15', '15', '15', '15', '20', '20', '20', '20', '20', '20', '20', '20', '20', '20', '20', '20', '20', '25', '25', '25', '25', '25', '25', '25', '25', '25', '25', '25', '25', '25', '25', '25', '30', '30', '30', '30', '30', '30', '30', '30', '30', '30', '30', '30', '30', '30', '30', '35', '35', '35', '35', '35', '35', '35', '35', '35', '35', '35', '35', '35', '35', '35', '40', '40', '40', '40', '40', '40', '40', '40', '40', '40', '40', '40', '40', '40', '40', '40', '40', '40', '40', '45', '45', '45', '45', '45', '45', '45', '45', '45', '45', '45', '45', '45', '45', '45', '45', '45', '45', '45', '45', '45', '50', '50', '50', '50', '50', '50', '50', '50', '50', '50', '50', '50', '50', '50', '50', '50', '50', '50', '50', '50', '50', '50', '50', '50', '50', '50', '50', '50', '50', '50', '50', '50', '50', '50', '50', '50', '50', '50', '50', '50', '50', '50', '50', '50', '50', '50', '50', '50', '50', '50', '50', '50', '50', '50', '50', '50', '50', '50', '50', '50', '50', '50', '50', '50', '50', '50', '50', '50', '50', '50', '50', '50', '50', '50', '50', '50', '50', '50', '50', '50', '50', '50', '50', '50', '50', '50', '50', '50', '50', '50', '50', '50', '50', '50', '50', '50', '50', '50', '50', '50', '50', '50', '50', '50', '50', '50', '50', '50', '50', '50', '50', '50', '50', '50', '50', '50', '50', '50', '50', '50', '50', '50', '50', '50', '50', '50', '50', '50', '50', '50', '50', '50', '50', '50', '50', '50', '50', '50', '50', '50', '50', '50', '50', '50', '50', '50', '50', '50', '50', '50', '50', '50', '50', '50', '50', '50', '50', '50', '50', '50', '50', '50', '50', '50', '50', '50', '50', '50', '50', '50', '50', '50', '50', '50', '50', '45', '45', '45', '45', '45', '45', '45', '45', '45', '45', '45', '45', '45', '45', '45', '45', '45', '45', '45', '45', '45', '45', '45', '45', '45', '45', '45', '45', '45', '45', '45', '45', '45', '45', '45', '45', '45', '45', '45', '45', '45', '45', '45', '45', '45', '45', '45', '45', '45', '45', '45', '45', '45', '45', '45', '45', '45', '40', '40', '40', '40', '40', '40', '40', '40', '40', '40', '40', '40', '40', '40', '40', '40', '40', '40', '40', '40', '40', '40', '40', '40', '40', '40', '40', '40', '40', '40', '40', '40', '40', '40', '40', '40', '40', '40', '40', '40', '40', '35', '35', '35', '35', '35', '35', '35', '35', '35', '35', '35', '35', '35', '35', '35', '35', '35', '35', '35', '35', '35', '35', '35', '35', '35', '35', '35', '35', '35', '35', '35', '35', '35', '35', '35', '35', '35', '35', '35', '35', '35', '35', '35', '35', '35', '35', '35', '35', '35', '35', '35', '35', '35', '35', '35', '35', '35', '35', '35', '35', '35', '35', '30', '30', '30', '30', '30', '30', '30', '30', '30', '30', '30', '30', '30', '30', '30', '30', '30', '30', '30', '30', '30', '30', '30', '30', '30', '30', '30', '30', '30', '25', '25', '25', '25', '25', '25', '25', '25', '25', '25', '25', '25', '25', '25', '25', '25', '25', '25', '25', '25', '25', '25', '25', '25', '25', '25', '25', '25', '25', '20', '20', '20', '20', '20', '20', '20', '20', '20', '20', '20', '20', '20', '20', '20', '20', '20', '20', '20', '20', '20', '20', '20', '20', '20', '20', '20', '15', '15', '15', '15', '15', '15', '15', '15', '15', '15', '15', '15', '15', '15', '15', '15', '15', '15', '15', '15', '15', '15', '15', '15', '15', '15', '15', '10', '10', '10', '10', '10', '10', '10', '10', '10', '10', '10', '10', '10', '10', '10', '10', '10', '10', '10', '10', '10', '10', '10', '10', '10', '10', '5', '5', '5', '5', '5', '5', '5', '5', '5', '5', '5', '5', '5', '5', '5', '5', '5', '5', '5', '5', '5', '5', '5', '5', '5', '5', '5', '5', '5', '5', '5', '5', '5', '5', '5', '5', '5', '5', '5', '5', '5', '5', '5', '5', '0', '0', '0', '0', '0', '0', '0', '0', '0', '0', '0', '0', '0', '0', '0', '0', '0', '0', '0', '0', '0', '0', '0', '0', '0', '0', '0', '0', '0', '0', '0', '0', '0', '0', '0', '0', '0', '0', '0', '0', '0', '0', '0', '0', '0', '0', '0', '0', '0', '0', '0', '0', '0', '0', '0', '0', '0', '0', '0', '0', '0', '0', '0', '0', '0', '0', '0', '0', '0', '0', '0', '0', '0', '0', '0', '0', '0', '0', '0', '0', '0', '0', '0', '0', '0', '0', '0', '0', '0', '0', '0', '0', '0', '0', '0', '0', '0', '0', '0', '0', '0', '0', '0', '0', '0', '0', '0', '0', '0', '0', '0', '0', '0', '0', '0', '0', '0', '0', '0', '0', '0', '0', '0', '0', '0', '0', '0', '0', '0', '0', '0', '0', '0', '0', '0', '0', '0', '0', '0', '0', '0', '0', '0', '0', '0', '0', '0', '0', '0', '0', '0', '0', '0', '0', '0', '0', '0', '0', '0', '0', '0', '0', '0', '0', '0', '0', '0', '0', '0', '0', '0', '0', '0', '0', '0', '0', '0', '0', '0', '0', '0', '0', '0', '0', '0', '0', '0', '0', '0', '0', '0', '0', '0', '0', '0', '0', '0', '0', '0', '0', '0', '0', '0', '0', '0', '0', '0', '0', '0', '0', '0', '0', '0', '0', '0', '0', '0', '0', '0', '0', '0', '0', '0', '0', '0', '0', '0', '0', '0', '0', '0', '0', '0', '0', '0', '0', '0', '0', '0', '0', '0', '0', '0', '0', '0', '0', '0', '0', '0', '0', '0', '0', '0', '0', '0', '0', '0', '0', '0', '0', '0', '0', '0', '0', '0', '0', '0', '0', '0', '0', '0', '0', '0', '0', '0', '0', '0', '0', '0', '0', '0', '0', '0', '0', '0', '0', '0', '0', '0', '0', '0', '0', '0', '0', '0', '0', '0', '0', '0', '0', '0', '0', '0', '0', '0', '0', '0', '0', '0', '0', '0', '0', '0', '0', '0', '0', '0', '0', '0', '0', '0', '0', '0', '0', '0', '0', '0', '0', '0', '0', '0', '0', '0', '0', '0', '0', '0', '0', '0', '0', '0', '0', '0', '0', '0', '0', '0', '0', '0', '0', '0', '0', '0', '0', '0', '0', '0', '0', '0', '0', '0', '0', '0', '0', '0', '0', '0', '0', '0', '0', '0', '0', '0', '0', '0', '0', '0', '0', '0', '0', '0', '0', '0', '0', '0', '0', '0', '0', '0', '0', '0', '0', '0', '0', '0', '0', '0', '0', '0', '0', '0', '0', '0', '0', '0', '0', '0', '0', '0', '0', '0', '0', '0', '0', '0', '0', '0', '0', '0', '0', '0', '0', '0', '0', '0', '0', '0', '0', '0', '0', '0', '0', '0', '0', '0', '0', '0', '0', '0', '0', '0', '0', '0', '0', '0', '0', '0', '0', '0', '0', '0', '0', '0', '0', '0', '0', '0', '0', '0', '0', '0', '0', '0', '0', '0', '0', '0', '0', '0', '0', '0', '0', '0', '0', '0', '0', '0', '0', '0', '0', '0', '0', '0', '0', '0', '0', '0', '0', '0', '0', '0', '0', '0', '0', '0', '0', '0', '0', '0', '0', '0', '0', '0', '0', '0', '0', '0', '0', '0', '0', '0', '0', '0', '0', '0', '0', '0', '0', '0', '0', '0', '0', '0', '0', '0', '0', '0', '0', '0', '0', '0', '0', '0', '0', '0', '0', '0', '0', '0', '0', '0', '0', '0', '0', '0', '0', '0', '0', '0', '0', '0', '0', '0', '0', '0', '0', '0', '0', '0', '0', '0', '0', '0', '0', '0', '0', '0', '0', '0', '0', '0', '0', '0', '0', '0', '0', '0', '0', '0', '0', '0', '0', '0', '0', '0', '0', '0', '0', '0', '0', '0', '0', '0', '0', '0', '0', '0', '0', '0', '0', '0', '0', '0', '0', '0', '0', '0', '0', '0', '0', '0', '0', '0', '0', '0', '0', '0', '0', '0', '0', '0', '0', '0', '0', '0', '0', '0', '0', '0', '0', '0', '0', '0', '0', '0', '0', '0', '0', '0', '0', '0', '0', '0', '0', '0', '0', '0', '0', '0', '0', '0', '0', '0', '0', '0', '0', '0', '0', '0', '0', '0', '0', '0', '0', '0', '0', '0', '0', '0', '0', '0', '0', '0', '0', '0', '0', '0', '0', '0', '0', '0', '0', '0', '0', '0', '0', '0', '0', '0', '0', '0', '0', '0', '0', '0', '0', '0', '0', '0', '0', '0', '0', '0', '0', '0', '0', '0', '0', '0', '0', '0', '0', '0', '0', '0', '0', '0', '0', '0', '0', '0', '0', '0', '0', '0', '0', '0', '0', '0', '0', '0', '0', '0', '0', '0', '0', '0', '0', '0', '0', '0', '0', '0', '0', '0', '0', '0', '0', '0', '0', '0', '0', '0', '0', '0', '0', '0', '0', '0', '0', '0', '0', '0', '0', '0', '0', '0', '0', '0', '0', '0', '0', '0', '0', '0', '0', '0', '0', '0', '0', '0', '0', '0', '0', '0', '0', '0', '0', '0', '0', '0', '0', '0', '0', '0', '0', '0', '0', '0', '0', '0', '0', '0', '0', '0', '0', '0', '0', '0', '0', '0', '0', '0', '0', '0', '0', '0', '0', '0', '0', '0', '0', '0', '0', '0', '0', '0', '0', '0', '0', '0', '0', '0', '0', '0', '0', '0', '0', '0', '0', '0', '0', '0', '0', '0', '0', '0', '0', '0', '0', '0', '0', '0', '0', '0', '0', '0', '0', '0', '0', '0', '0', '0', '0', '0', '0', '0', '0', '0', '0', '0', '0', '0', '0', '0', '0', '0', '0', '0', '0', '0', '0', '0', '0', '0', '0', '0', '0', '0', '0', '0', '0', '0', '0', '0', '0', '0', '0', '0', '0', '0', '0', '0', '0', '0', '0', '0', '0', '0', '0', '0', '0', '0', '0', '0', '0', '0', '0', '0', '0', '0', '0', '0', '0', '0', '0', '0', '0', '0', '0', '0', '0', '0', '0', '0', '0', '0', '0', '0', '0', '0', '0', '0', '0', '0', '0', '0', '0', '0', '0', '0', '0', '0', '0', '0', '0', '0', '0', '0', '0', '0', '0', '0', '0', '0', '0', '0', '0', '0', '0', '0', '0', '0', '0', '0', '0', '0', '0', '0', '0', '0', '0', '0', '0', '0', '0', '0', '0', '0', '0', '0', '0', '0', '0', '0', '0', '0', '0', '0', '0', '0', '0', '0', '0', '0', '0', '0', '0', '0', '0', '0', '0', '0', '0', '0', '0', '0', '0', '0', '0', '0', '0', '0', '0', '0', '0', '0', '0', '0', '0', '0', '0', '0', '0', '0', '0', '0', '0', '0', '0', '0', '0', '0', '0', '0', '0', '0', '0', '0', '0', '0', '0', '0', '0', '0', '0', '0', '0', '0', '0', '0', '0', '0', '0', '0', '0', '0', '0', '0', '0', '0', '0', '0', '0', '0', '0', '0', '0', '0', '0', '0', '0', '0', '0', '0', '0', '0', '0', '0', '0', '0', '0', '0', '0', '0', '0', '0', '0', '0', '0', '0', '0', '0', '0', '0', '0', '0', '0', '0', '0', '0', '0', '0', '0', '0', '0', '0', '0', '0', '0', '0', '0', '0', '0', '0', '0', '0', '0', '0', '0', '0', '0', '0', '0', '0', '0', '0', '0', '0', '0', '0', '0', '0', '0', '0', '0', '0', '0', '0', '0', '0', '0', '0', '0', '0', '0', '0', '0', '0', '0', '0', '0', '0', '0', '0', '0', '0', '0', '0', '0', '0', '0', '0', '0', '0', '0', '0', '0', '0', '0', '0', '0', '0', '0', '0', '0', '0', '0', '0', '0', '0', '0', '0', '0', '0', '0', '0', '0', '0', '0', '0', '0', '0', '0', '0', '0', '0', '0', '0', '0', '0', '0', '0', '0', '0', '0', '0', '0', '0', '0', '0', '0', '0', '0', '0', '0', '0', '0', '0', '0', '0', '0', '0', '0', '0', '0', '0', '0', '0', '0', '0', '0', '0', '0', '0', '0', '0', '0', '0', '0', '0', '0', '0', '0', '0', '0', '0', '0', '0', '0', '0', '0', '0', '0', '0', '0', '0', '0', '0', '0', '0', '0', '0', '0', '0', '0', '0', '0', '0', '0', '0', '0', '0', '0', '0', '0', '0', '0', '0', '0', '0', '0', '0', '0', '0', '0', '0', '0', '0', '0', '0', '0', '0', '0', '0', '0', '0', '0', '0', '0', '0', '0', '0', '0', '0', '0', '0', '0', '0', '0', '0', '0', '0', '0', '0', '0', '0', '0', '0', '0', '0', '0', '0', '0', '0', '0', '0', '0', '0', '0', '0', '0', '0', '0', '0', '0', '0', '0', '0', '0', '0', '0', '0', '0', '0', '0', '0', '0', '0', '0', '0', '0', '0', '0', '0', '0', '0', '0', '0', '0', '0', '0', '0', '0', '0', '0', '0', '0', '0', '0', '0', '0', '0', '0', '0', '0', '0', '0', '0', '0', '0', '0', '0', '0', '0', '0', '0', '0', '0', '0', '0', '0', '0', '0', '0', '0', '0', '0', '0', '0', '0', '0', '0', '0', '0', '0', '0', '0', '0', '0', '0', '0', '0', '0', '0', '0', '0', '0', '0', '0', '0', '0', '0', '0', '0', '0', '0', '0', '0', '0', '0', '0', '0', '0', '0', '0', '0', '0', '0', '0', '0', '0', '0', '0', '0', '0', '0', '0', '0', '0', '0', '0', '0', '0', '0', '0', '0', '0', '0', '0', '0', '0', '0', '0', '0', '0', '0', '0', '0', '0', '0', '0', '0', '0', '0', '0', '0', '0', '0', '0', '0', '0', '0', '0', '0', '0', '0', '0', '0', '0', '0', '0', '0', '0', '0', '0', '0', '0', '0', '0', '0', '0', '0', '0', '0', '0', '0', '0', '0', '0', '0', '0', '0', '0', '0', '0', '0', '0', '0', '0', '0', '0', '0', '0', '0', '0', '0', '0', '0', '0', '0', '0', '0', '0', '0', '0', '0', '0', '0', '0', '0', '0', '0', '0', '0', '0', '0', '0', '0', '0', '0', '0', '0', '0', '0', '0', '0', '0', '0', '0', '0', '0', '0', '0']","['Innocent', 'Innocent', 'Innocent', 'Innocent', 'Innocent', 'Innocent', 'Innocent', 'Innocent', 'Innocent', 'Innocent', 'Innocent', 'Innocent', 'Innocent', 'Innocent', 'Innocent', 'Innocent', 'Innocent', 'Innocent', 'Innocent', 'Innocent', 'Innocent', 'Innocent', 'Innocent', 'Innocent', 'Innocent', 'Innocent', 'Innocent', 'Innocent', 'Innocent', 'Innocent', 'Innocent', 'Innocent', 'Innocent', 'Innocent', 'Innocent', 'Innocent', 'Innocent', 'Innocent', 'Innocent', 'Innocent', 'Innocent', 'Innocent', 'Innocent', 'Innocent', 'Innocent', 'Innocent', 'Innocent', 'Innocent', 'Innocent', 'Innocent', 'Innocent', 'Innocent', 'Innocent', 'Innocent', 'Innocent', 'Innocent', 'Innocent', 'Innocent', 'Innocent', 'Innocent', 'Innocent', 'Innocent', 'Innocent', 'Innocent', 'Innocent', 'Innocent', 'Innocent', 'Innocent', 'Innocent', 'Innocent', 'Innocent', 'Innocent', 'Innocent', 'Innocent', 'Innocent', 'Innocent', 'Innocent', 'Innocent', 'Innocent', 'Innocent', 'Innocent', 'Innocent', 'Innocent', 'Innocent', 'Innocent', 'Innocent', 'Innocent', 'Innocent', 'Innocent', 'Innocent', 'Innocent', 'Innocent', 'Innocent', 'Innocent', 'Innocent', 'Innocent', 'Innocent', 'Innocent', 'Innocent', 'Innocent', 'Innocent', 'Innocent', 'Innocent', 'Innocent', 'Innocent', 'Innocent', 'Innocent', 'Innocent', 'Innocent', 'Innocent', 'Innocent', 'Innocent', 'Innocent', 'Innocent', 'Innocent', 'Innocent', 'Innocent', 'Innocent', 'Innocent', 'Innocent', 'Innocent', 'Innocent', 'Innocent', 'Innocent', 'Innocent', 'Innocent', 'Innocent', 'Innocent', 'Innocent', 'Innocent', 'Innocent', 'Innocent', 'Innocent', 'Innocent', 'Innocent', 'Innocent', 'Innocent', 'Innocent', 'Innocent', 'Innocent', 'Innocent', 'Innocent', 'Innocent', 'Innocent', 'Innocent', 'Innocent', 'Innocent', 'Innocent', 'Innocent', 'Innocent', 'Innocent', 'Innocent', 'Innocent', 'Innocent', 'Innocent', 'Innocent', 'Innocent', 'Innocent', 'Innocent', 'Innocent', 'Innocent', 'Innocent', 'Innocent', 'Innocent', 'Innocent', 'Innocent', 'Innocent', 'Innocent', 'Innocent', 'Innocent', 'Innocent', 'Innocent', 'Innocent', 'Innocent', 'Innocent', 'Innocent', 'Innocent', 'Innocent', 'Innocent', 'Innocent', 'Innocent', 'Innocent', 'Innocent', 'Innocent', 'Innocent', 'Innocent', 'Innocent', 'Innocent', 'Innocent', 'Innocent', 'Innocent', 'Innocent', 'Innocent', 'Innocent', 'Innocent', 'Innocent', 'Innocent', 'Innocent', 'Innocent', 'Innocent', 'Innocent', 'Innocent', 'Innocent', 'Innocent', 'Innocent', 'Innocent', 'Innocent', 'Innocent', 'Innocent', 'Innocent', 'Innocent', 'Innocent', 'Innocent', 'Innocent', 'Innocent', 'Innocent', 'Innocent', 'Innocent', 'Innocent', 'Innocent', 'Innocent', 'Innocent', 'Innocent', 'Innocent', 'Innocent', 'Innocent', 'Innocent', 'Innocent', 'Innocent', 'Innocent', 'Innocent', 'Innocent', 'Innocent', 'Innocent', 'Innocent', 'Innocent', 'Innocent', 'Innocent', 'Innocent', 'Innocent', 'Innocent', 'Innocent', 'Innocent', 'Innocent', 'Innocent', 'Innocent', 'Innocent', 'Innocent', 'Innocent', 'Innocent', 'Innocent', 'Innocent', 'Innocent', 'Innocent', 'Innocent', 'Innocent', 'Innocent', 'Innocent', 'Innocent', 'Innocent', 'Innocent', 'Innocent', 'Innocent', 'Innocent', 'Innocent', 'Innocent', 'Innocent', 'Innocent', 'Innocent', 'Innocent', 'Innocent', 'Innocent', 'Innocent', 'Innocent', 'Innocent', 'Innocent', 'Innocent', 'Innocent', 'Innocent', 'Innocent', 'Innocent', 'Innocent', 'Innocent', 'Innocent', 'Innocent', 'Innocent', 'Innocent', 'Innocent', 'Innocent', 'Innocent', 'Innocent', 'Innocent', 'Innocent', 'Innocent', 'Innocent', 'Innocent', 'Innocent', 'Innocent', 'Innocent', 'Innocent', 'Innocent', 'Innocent', 'Innocent', 'Innocent', 'Innocent', 'Innocent', 'Innocent', 'Innocent', 'Innocent', 'Innocent', 'Innocent', 'Innocent', 'Innocent', 'Innocent', 'Innocent', 'Innocent', 'Innocent', 'Innocent', 'Innocent', 'Innocent', 'Innocent', 'Innocent', 'Innocent', 'Innocent', 'Innocent', 'Innocent', 'Innocent', 'Innocent', 'Innocent', 'Innocent', 'Innocent', 'Innocent', 'Innocent', 'Innocent', 'Innocent', 'Innocent', 'Innocent', 'Innocent', 'Innocent', 'Innocent', 'Innocent', 'Innocent', 'Innocent', 'Innocent', 'Innocent', 'Innocent', 'Innocent', 'Innocent', 'Innocent', 'Innocent', 'Innocent', 'Innocent', 'Innocent', 'Innocent', 'Innocent', 'Innocent', 'Innocent', 'Innocent', 'Innocent', 'Innocent', 'Innocent', 'Innocent', 'Innocent', 'Innocent', 'Innocent', 'Innocent', 'Innocent', 'Innocent', 'Innocent', 'Innocent', 'Innocent', 'Innocent', 'Innocent', 'Innocent', 'Innocent', 'Innocent', 'Innocent', 'Innocent', 'Innocent', 'Innocent', 'Innocent', 'Innocent', 'Innocent', 'Innocent', 'Innocent', 'Innocent', 'Innocent', 'Innocent', 'Innocent', 'Innocent', 'Innocent', 'Innocent', 'Innocent', 'Innocent', 'Innocent', 'Innocent', 'Innocent', 'Innocent', 'Innocent', 'Innocent', 'Innocent', 'Innocent', 'Innocent', 'Innocent', 'Innocent', 'Innocent', 'Innocent', 'Innocent', 'Innocent', 'Innocent', 'Innocent', 'Innocent', 'Innocent', 'Innocent', 'Innocent', 'Innocent', 'Innocent', 'Innocent', 'Innocent', 'Innocent', 'Innocent', 'Innocent', 'Innocent', 'Innocent', 'Innocent', 'Innocent', 'Innocent', 'Innocent', 'Innocent', 'Innocent', 'Innocent', 'Innocent', 'Innocent', 'Innocent', 'Innocent', 'Innocent', 'Innocent', 'Innocent', 'Innocent', 'Innocent', 'Innocent', 'Innocent', 'Innocent', 'Innocent', 'Innocent', 'Innocent', 'Innocent', 'Innocent', 'Innocent', 'Innocent', 'Innocent', 'Innocent', 'Innocent', 'Innocent', 'Innocent', 'Innocent', 'Innocent', 'Innocent', 'Innocent', 'Innocent', 'Innocent', 'Innocent', 'Innocent', 'Innocent', 'Innocent', 'Innocent', 'Innocent', 'Innocent', 'Innocent', 'Innocent', 'Innocent', 'Innocent', 'Innocent', 'Innocent', 'Innocent', 'Innocent', 'Innocent', 'Innocent', 'Innocent', 'Innocent', 'Innocent', 'Innocent', 'Innocent', 'Innocent', 'Innocent', 'Innocent', 'Innocent', 'Innocent', 'Innocent', 'Innocent', 'Innocent', 'Innocent', 'Innocent', 'Innocent', 'Innocent', 'Innocent', 'Innocent', 'Innocent', 'Innocent', 'Innocent', 'Innocent', 'Innocent', 'Innocent', 'Innocent', 'Innocent', 'Innocent', 'Innocent', 'Innocent', 'Innocent', 'Innocent', 'Innocent', 'Innocent', 'Innocent', 'Innocent', 'Innocent', 'Innocent', 'Innocent', 'Innocent', 'Innocent', 'Innocent', 'Innocent', 'Innocent', 'Innocent', 'Innocent', 'Innocent', 'Innocent', 'Innocent', 'Innocent', 'Innocent', 'Innocent', 'Innocent', 'Innocent', 'Innocent', 'Innocent', 'Innocent', 'Innocent', 'Innocent', 'Innocent', 'Innocent', 'Innocent', 'Innocent', 'Innocent', 'Innocent', 'Innocent', 'Innocent', 'Innocent', 'Innocent', 'Innocent', 'Innocent', 'Innocent', 'Innocent', 'Innocent', 'Innocent', 'Innocent', 'Innocent', 'Innocent', 'Innocent', 'Innocent', 'Innocent', 'Innocent', 'Innocent', 'Innocent', 'Innocent', 'Innocent', 'Innocent', 'Innocent', 'Innocent', 'Innocent', 'Innocent', 'Innocent', 'Innocent', 'Innocent', 'Innocent', 'Innocent', 'Innocent', 'Innocent', 'Innocent', 'Innocent', 'Innocent', 'Innocent', 'Innocent', 'Innocent', 'Innocent', 'Innocent', 'Innocent', 'Innocent', 'Innocent', 'Innocent', 'Innocent', 'Innocent', 'Innocent', 'Innocent', 'Innocent', 'Innocent', 'Innocent', 'Innocent', 'Innocent', 'Innocent', 'Innocent', 'Innocent', 'Innocent', 'Innocent', 'Innocent', 'Innocent', 'Innocent', 'Innocent', 'Innocent', 'Innocent', 'Innocent', 'Innocent', 'Innocent', 'Innocent', 'Innocent', 'Innocent', 'Innocent', 'Innocent', 'Innocent', 'Innocent', 'Innocent', 'Innocent', 'Innocent', 'Innocent', 'Innocent', 'Innocent', 'Innocent', 'Innocent', 'Innocent', 'Innocent', 'Innocent', 'Innocent', 'Innocent', 'Innocent', 'Innocent', 'Innocent', 'Innocent', 'Innocent', 'Innocent', 'Innocent', 'Innocent', 'Innocent', 'Innocent', 'Innocent', 'Innocent', 'Innocent', 'Innocent', 'Innocent', 'Innocent', 'Innocent', 'Innocent', 'Innocent', 'Innocent', 'Innocent', 'Innocent', 'Innocent', 'Innocent', 'Innocent', 'Innocent', 'Innocent', 'Innocent', 'Innocent', 'Innocent', 'Innocent', 'Innocent', 'Innocent', 'Innocent', 'Innocent', 'Innocent', 'Innocent', 'Innocent', 'Innocent', 'Innocent', 'Innocent', 'Innocent', 'Innocent', 'Innocent', 'Innocent', 'Innocent', 'Innocent', 'Innocent', 'Innocent', 'Innocent', 'Innocent', 'Innocent', 'Innocent', 'Innocent', 'Innocent', 'Innocent', 'Innocent', 'Innocent', 'Innocent', 'Innocent', 'Innocent', 'Innocent', 'Innocent', 'Innocent', 'Innocent', 'Innocent', 'Innocent', 'Innocent', 'Innocent', 'Innocent', 'Innocent', 'Innocent', 'Innocent', 'Innocent', 'Innocent', 'Innocent', 'Innocent', 'Innocent', 'Innocent', 'Innocent', 'Innocent', 'Innocent', 'Innocent', 'Innocent', 'Innocent', 'Innocent', 'Innocent', 'Innocent', 'Innocent', 'Innocent', 'Innocent', 'Innocent', 'Innocent', 'Innocent', 'Innocent', 'Innocent', 'Innocent', 'Innocent', 'Innocent', 'Innocent', 'Innocent', 'Innocent', 'Innocent', 'Innocent', 'Innocent', 'Innocent', 'Innocent', 'Innocent', 'Innocent', 'Innocent', 'Innocent', 'Innocent', 'Innocent', 'Innocent', 'Innocent', 'Innocent', 'Innocent', 'Innocent', 'Innocent', 'Innocent', 'Innocent', 'Innocent', 'Innocent', 'Innocent', 'Innocent', 'Innocent', 'Innocent', 'Innocent', 'Innocent', 'Innocent', 'Innocent', 'Innocent', 'Innocent', 'Innocent', 'Innocent', 'Innocent', 'Innocent', 'Innocent', 'Innocent', 'Innocent', 'Innocent', 'Innocent', 'Innocent', 'Innocent', 'Innocent', 'Innocent', 'Innocent', 'Innocent', 'Innocent', 'Innocent', 'Innocent', 'Innocent', 'Innocent', 'Innocent', 'Innocent', 'Innocent', 'Innocent', 'Innocent', 'Innocent', 'Innocent', 'Innocent', 'Innocent', 'Innocent', 'Innocent', 'Innocent', 'Innocent', 'Innocent', 'Innocent', 'Innocent', 'Innocent', 'Innocent', 'Innocent', 'Innocent', 'Innocent', 'Innocent', 'Innocent', 'Innocent', 'Innocent', 'Innocent', 'Innocent', 'Innocent', 'Innocent', 'Innocent', 'Innocent', 'Innocent', 'Innocent', 'Innocent', 'Innocent', 'Innocent', 'Innocent', 'Innocent', 'Innocent', 'Innocent', 'Innocent', 'Innocent', 'Innocent', 'Innocent', 'Innocent', 'Innocent', 'Innocent', 'Innocent', 'Innocent', 'Innocent', 'Innocent', 'Innocent', 'Innocent', 'Innocent', 'Innocent', 'Innocent', 'Innocent', 'Innocent', 'Innocent', 'Innocent', 'Innocent', 'Innocent', 'Innocent', 'Innocent', 'Innocent', 'Innocent', 'Innocent', 'Innocent', 'Innocent', 'Innocent', 'Innocent', 'Innocent', 'Innocent', 'Innocent', 'Innocent', 'Innocent', 'Innocent', 'Innocent', 'Innocent', 'Innocent', 'Innocent', 'Innocent', 'Innocent', 'Innocent', 'Innocent', 'Innocent', 'Innocent', 'Innocent', 'Innocent', 'Innocent', 'Innocent', 'Innocent', 'Innocent', 'Innocent', 'Innocent', 'Innocent', 'Innocent', 'Innocent', 'Innocent', 'Innocent', 'Innocent', 'Innocent', 'Innocent', 'Innocent', 'Innocent', 'Innocent', 'Innocent', 'Innocent', 'Innocent', 'Innocent', 'Innocent', 'Innocent', 'Innocent', 'Innocent', 'Innocent', 'Innocent', 'Innocent', 'Innocent', 'Innocent', 'Innocent', 'Innocent', 'Innocent', 'Innocent', 'Innocent', 'Innocent', 'Innocent', 'Innocent', 'Innocent', 'Innocent', 'Innocent', 'Innocent', 'Innocent', 'Innocent', 'Innocent', 'Innocent', 'Innocent', 'Innocent', 'Innocent', 'Innocent', 'Innocent', 'Innocent', 'Innocent', 'Innocent', 'Innocent', 'Innocent', 'Innocent', 'Innocent', 'Innocent', 'Innocent', 'Innocent', 'Innocent', 'Innocent', 'Innocent', 'Innocent', 'Innocent', 'Innocent', 'Innocent', 'Innocent', 'Innocent', 'Innocent', 'Innocent', 'Innocent', 'Innocent', 'Innocent', 'Innocent', 'Innocent', 'Innocent', 'Innocent', 'Innocent', 'Innocent', 'Innocent', 'Innocent', 'Innocent', 'Innocent', 'Innocent', 'Innocent', 'Innocent', 'Innocent', 'Innocent', 'Innocent', 'Innocent', 'Innocent', 'Innocent', 'Innocent', 'Innocent', 'Innocent', 'Innocent', 'Innocent', 'Innocent', 'Innocent', 'Innocent', 'Innocent', 'Innocent', 'Innocent', 'Innocent', 'Innocent', 'Innocent', 'Innocent', 'Innocent', 'Innocent', 'Innocent', 'Innocent', 'Innocent', 'Innocent', 'Innocent', 'Innocent', 'Innocent', 'Innocent', 'Innocent', 'Innocent', 'Innocent', 'Innocent', 'Innocent', 'Innocent', 'Innocent', 'Innocent', 'Innocent', 'Innocent', 'Innocent', 'Innocent', 'Innocent', 'Innocent', 'Innocent', 'Innocent', 'Innocent', 'Innocent', 'Innocent', 'Innocent', 'Innocent', 'Innocent', 'Innocent', 'Innocent', 'Innocent', 'Innocent', 'Innocent', 'Innocent', 'Innocent', 'Innocent', 'Innocent', 'Innocent', 'Innocent', 'Innocent', 'Innocent', 'Innocent', 'Innocent', 'Innocent', 'Innocent', 'Innocent', 'Innocent', 'Innocent', 'Innocent', 'Innocent', 'Innocent', 'Innocent', 'Innocent', 'Innocent', 'Innocent', 'Innocent', 'Innocent', 'Innocent', 'Innocent', 'Innocent', 'Innocent', 'Innocent', 'Innocent', 'Innocent', 'Innocent', 'Innocent', 'Innocent', 'Innocent', 'Innocent', 'Innocent', 'Innocent', 'Innocent', 'Innocent', 'Innocent', 'Innocent', 'Innocent', 'Innocent', 'Innocent', 'Innocent', 'Innocent', 'Innocent', 'Innocent', 'Innocent', 'Innocent', 'Innocent', 'Innocent', 'Innocent', 'Innocent', 'Innocent', 'Innocent', 'Innocent', 'Innocent', 'Innocent', 'Innocent', 'Innocent', 'Innocent', 'Innocent', 'Innocent', 'Innocent', 'Innocent', 'Innocent', 'Innocent', 'Innocent', 'Innocent', 'Innocent', 'Innocent', 'Innocent', 'Innocent', 'Innocent', 'Innocent', 'Innocent', 'Innocent', 'Innocent', 'Innocent', 'Innocent', 'Innocent', 'Innocent', 'Innocent', 'Innocent', 'Innocent', 'Innocent', 'Innocent', 'Innocent', 'Innocent', 'Innocent', 'Innocent', 'Innocent', 'Innocent', 'Innocent', 'Innocent', 'Innocent', 'Innocent', 'Innocent', 'Innocent', 'Innocent', 'Innocent', 'Innocent', 'Innocent', 'Innocent', 'Innocent', 'Innocent', 'Innocent', 'Innocent', 'Innocent', 'Innocent', 'Innocent', 'Innocent', 'Innocent', 'Innocent', 'Innocent', 'Innocent', 'Innocent', 'Innocent', 'Innocent', 'Innocent', 'Innocent', 'Innocent', 'Innocent', 'Innocent', 'Innocent', 'Innocent', 'Innocent', 'Innocent', 'Innocent', 'Innocent', 'Innocent', 'Innocent', 'Innocent', 'Innocent', 'Innocent', 'Innocent', 'Innocent', 'Innocent', 'Innocent', 'Innocent', 'Innocent', 'Innocent', 'Innocent', 'Innocent', 'Innocent', 'Innocent', 'Innocent', 'Innocent', 'Innocent', 'Innocent', 'Innocent', 'Innocent', 'Innocent', 'Innocent', 'Innocent', 'Innocent', 'Innocent', 'Innocent', 'Innocent', 'Innocent', 'Innocent', 'Innocent', 'Innocent', 'Innocent', 'Innocent', 'Innocent', 'Innocent', 'Innocent', 'Innocent', 'Innocent', 'Innocent', 'Innocent', 'Innocent', 'Innocent', 'Innocent', 'Innocent', 'Innocent', 'Innocent', 'Innocent', 'Innocent', 'Innocent', 'Innocent', 'Innocent', 'Innocent', 'Innocent', 'Innocent', 'Innocent', 'Innocent', 'Innocent', 'Innocent', 'Innocent', 'Innocent', 'Innocent', 'Innocent', 'Innocent', 'Innocent', 'Innocent', 'Innocent', 'Innocent', 'Innocent', 'Innocent', 'Innocent', 'Innocent', 'Innocent', 'Innocent', 'Innocent', 'Innocent', 'Innocent', 'Innocent', 'Innocent', 'Innocent', 'Innocent', 'Innocent', 'Innocent', 'Innocent', 'Innocent', 'Innocent', 'Innocent', 'Innocent', 'Innocent', 'Innocent', 'Innocent', 'Innocent', 'Innocent', 'Innocent', 'Innocent', 'Innocent', 'Innocent', 'Innocent', 'Innocent', 'Innocent', 'Innocent', 'Innocent', 'Innocent', 'Innocent', 'Innocent', 'Innocent', 'Innocent', 'Innocent', 'Innocent', 'Innocent', 'Innocent', 'Innocent', 'Innocent', 'Innocent', 'Innocent', 'Innocent', 'Innocent', 'Innocent', 'Innocent', 'Innocent', 'Innocent', 'Innocent', 'Innocent', 'Innocent', 'Innocent', 'Innocent', 'Innocent', 'Innocent', 'Innocent', 'Innocent', 'Innocent', 'Innocent', 'Innocent', 'Innocent', 'Innocent', 'Innocent', 'Innocent', 'Innocent', 'Innocent', 'Innocent', 'Innocent', 'Innocent', 'Innocent', 'Innocent', 'Innocent', 'Innocent', 'Innocent', 'Innocent', 'Innocent', 'Innocent', 'Innocent', 'Innocent', 'Innocent', 'Innocent', 'Innocent', 'Innocent', 'Innocent', 'Innocent', 'Innocent', 'Innocent', 'Innocent', 'Innocent', 'Innocent', 'Innocent', 'Innocent', 'Innocent', 'Innocent', 'Innocent', 'Innocent', 'Innocent', 'Innocent', 'Innocent', 'Innocent', 'Innocent', 'Innocent', 'Innocent', 'Innocent', 'Innocent', 'Innocent', 'Innocent', 'Innocent', 'Innocent', 'Innocent', 'Innocent', 'Innocent', 'Innocent', 'Innocent', 'Innocent', 'Innocent', 'Innocent', 'Innocent', 'Innocent', 'Innocent', 'Innocent', 'Innocent', 'Innocent', 'Innocent', 'Innocent', 'Innocent', 'Innocent', 'Innocent', 'Innocent', 'Innocent', 'Innocent', 'Innocent', 'Innocent', 'Innocent', 'Innocent', 'Innocent', 'Innocent', 'Innocent', 'Innocent', 'Innocent', 'Innocent', 'Innocent', 'Innocent', 'Innocent', 'Innocent', 'Innocent', 'Innocent', 'Innocent', 'Innocent', 'Innocent', 'Innocent', 'Innocent', 'Innocent', 'Innocent', 'Innocent', 'Innocent', 'Innocent', 'Innocent', 'Innocent', 'Innocent', 'Innocent', 'Innocent', 'Innocent', 'Innocent', 'Innocent', 'Innocent', 'Innocent', 'Innocent', 'Innocent', 'Innocent', 'Innocent', 'Innocent', 'Innocent', 'Innocent', 'Innocent', 'Innocent', 'Innocent', 'Innocent', 'Innocent', 'Innocent', 'Innocent', 'Innocent', 'Innocent', 'Innocent', 'Innocent', 'Innocent', 'Innocent', 'Innocent', 'Innocent', 'Innocent', 'Innocent', 'Innocent', 'Innocent', 'Innocent', 'Innocent', 'Innocent', 'Innocent', 'Innocent', 'Innocent', 'Innocent', 'Innocent', 'Innocent', 'Innocent', 'Innocent', 'Innocent', 'Innocent', 'Innocent', 'Innocent', 'Innocent', 'Innocent', 'Innocent', 'Innocent', 'Innocent', 'Innocent', 'Innocent', 'Innocent', 'Innocent', 'Innocent', 'Innocent', 'Innocent', 'Innocent', 'Innocent', 'Innocent', 'Innocent', 'Innocent', 'Innocent', 'Innocent', 'Innocent', 'Innocent', 'Innocent', 'Innocent', 'Innocent', 'Innocent', 'Innocent', 'Innocent', 'Innocent', 'Innocent', 'Innocent', 'Innocent', 'Innocent', 'Innocent', 'Innocent', 'Innocent', 'Innocent', 'Innocent', 'Innocent', 'Innocent', 'Innocent', 'Innocent', 'Innocent', 'Innocent', 'Innocent', 'Innocent', 'Innocent', 'Innocent', 'Innocent', 'Innocent', 'Innocent', 'Innocent', 'Innocent', 'Innocent', 'Innocent', 'Innocent', 'Innocent', 'Innocent', 'Innocent', 'Innocent', 'Innocent', 'Innocent', 'Innocent', 'Innocent', 'Innocent', 'Innocent', 'Innocent', 'Innocent', 'Innocent', 'Innocent', 'Innocent', 'Innocent', 'Innocent', 'Innocent', 'Innocent', 'Innocent', 'Innocent', 'Innocent', 'Innocent', 'Innocent', 'Innocent', 'Innocent', 'Innocent', 'Innocent', 'Innocent', 'Innocent', 'Innocent', 'Innocent', 'Innocent', 'Innocent', 'Innocent', 'Innocent', 'Innocent', 'Innocent', 'Innocent', 'Innocent', 'Innocent', 'Innocent', 'Innocent', 'Innocent', 'Innocent', 'Innocent', 'Innocent', 'Innocent', 'Innocent', 'Innocent', 'Innocent', 'Innocent', 'Innocent', 'Innocent', 'Innocent', 'Innocent', 'Innocent', 'Innocent', 'Innocent', 'Innocent', 'Innocent', 'Innocent', 'Innocent', 'Innocent', 'Innocent', 'Innocent', 'Innocent', 'Innocent', 'Innocent', 'Innocent', 'Innocent', 'Innocent', 'Innocent', 'Innocent', 'Innocent', 'Innocent', 'Innocent', 'Innocent', 'Innocent', 'Innocent', 'Innocent', 'Innocent', 'Innocent', 'Innocent', 'Innocent', 'Innocent', 'Innocent', 'Innocent', 'Innocent', 'Innocent', 'Innocent', 'Innocent', 'Innocent', 'Innocent', 'Innocent', 'Innocent', 'Innocent', 'Innocent', 'Innocent', 'Innocent', 'Innocent', 'Innocent', 'Innocent', 'Innocent', 'Innocent', 'Innocent', 'Innocent', 'Innocent', 'Innocent', 'Innocent', 'Innocent', 'Innocent', 'Innocent', 'Innocent', 'Innocent', 'Innocent', 'Innocent', 'Innocent', 'Innocent', 'Innocent', 'Innocent', 'Innocent', 'Innocent', 'Innocent', 'Innocent', 'Innocent', 'Innocent', 'Innocent', 'Innocent', 'Innocent', 'Innocent', 'Innocent', 'Innocent', 'Innocent', 'Innocent', 'Innocent', 'Innocent', 'Innocent', 'Innocent', 'Innocent', 'Innocent', 'Innocent', 'Innocent', 'Innocent', 'Innocent', 'Innocent', 'Innocent', 'Innocent', 'Innocent', 'Innocent', 'Innocent', 'Innocent', 'Innocent', 'Innocent', 'Innocent', 'Innocent', 'Innocent', 'Innocent', 'Innocent', 'Innocent', 'Innocent', 'Innocent', 'Innocent', 'Innocent', 'Innocent', 'Innocent', 'Innocent', 'Innocent', 'Innocent', 'Innocent', 'Innocent', 'Innocent', 'Innocent', 'Innocent', 'Innocent', 'Innocent', 'Innocent', 'Innocent', 'Innocent', 'Innocent', 'Innocent', 'Innocent', 'Innocent', 'Innocent', 'Innocent', 'Innocent', 'Innocent', 'Innocent', 'Innocent', 'Innocent', 'Innocent', 'Innocent', 'Innocent', 'Innocent', 'Innocent', 'Innocent', 'Innocent', 'Innocent', 'Innocent', 'Innocent', 'Innocent', 'Innocent', 'Innocent', 'Innocent', 'Innocent', 'Innocent', 'Innocent', 'Innocent', 'Innocent', 'Innocent', 'Innocent', 'Innocent', 'Innocent', 'Innocent', 'Innocent', 'Innocent', 'Innocent', 'Innocent', 'Innocent', 'Innocent', 'Innocent', 'Innocent', 'Innocent', 'Innocent', 'Innocent', 'Innocent', 'Innocent', 'Innocent', 'Innocent', 'Innocent', 'Innocent', 'Innocent', 'Innocent', 'Innocent', 'Innocent', 'Innocent', 'Innocent', 'Innocent', 'Innocent', 'Innocent', 'Innocent', 'Innocent', 'Innocent', 'Innocent', 'Innocent', 'Innocent', 'Innocent', 'Innocent', 'Innocent', 'Innocent', 'Innocent', 'Innocent', 'Innocent', 'Innocent', 'Innocent', 'Innocent', 'Innocent', 'Innocent', 'Innocent', 'Innocent', 'Innocent', 'Innocent', 'Innocent', 'Innocent', 'Innocent', 'Innocent', 'Innocent', 'Innocent', 'Innocent', 'Innocent', 'Innocent', 'Innocent', 'Innocent', 'Innocent', 'Innocent', 'Innocent', 'Innocent', 'Innocent', 'Innocent', 'Innocent', 'Innocent', 'Innocent', 'Innocent', 'Innocent', 'Innocent', 'Innocent', 'Innocent', 'Innocent', 'Innocent', 'Innocent', 'Innocent', 'Innocent', 'Innocent', 'Innocent', 'Innocent', 'Innocent', 'Innocent', 'Innocent', 'Innocent', 'Innocent', 'Innocent', 'Innocent', 'Innocent', 'Innocent', 'Innocent', 'Innocent', 'Innocent', 'Innocent', 'Innocent', 'Innocent', 'Innocent', 'Innocent', 'Innocent', 'Innocent', 'Innocent', 'Innocent', 'Innocent', 'Innocent', 'Innocent', 'Innocent', 'Innocent', 'Innocent', 'Innocent', 'Innocent', 'Innocent', 'Innocent', 'Innocent', 'Innocent', 'Innocent', 'Innocent', 'Innocent', 'Innocent', 'Innocent', 'Innocent', 'Innocent', 'Innocent', 'Innocent', 'Innocent', 'Innocent', 'Innocent', 'Innocent', 'Innocent', 'Innocent', 'Innocent', 'Innocent', 'Innocent', 'Innocent', 'Innocent', 'Innocent', 'Innocent', 'Innocent', 'Innocent', 'Innocent', 'Innocent', 'Innocent', 'Innocent', 'Innocent', 'Innocent', 'Innocent', 'Innocent', 'Innocent', 'Innocent', 'Innocent', 'Innocent', 'Innocent', 'Innocent', 'Innocent', 'Innocent', 'Innocent', 'Innocent', 'Innocent', 'Innocent', 'Innocent', 'Innocent', 'Innocent', 'Innocent', 'Innocent', 'Innocent', 'Innocent', 'Innocent', 'Innocent', 'Innocent', 'Innocent', 'Innocent', 'Innocent', 'Innocent', 'Innocent', 'Innocent', 'Innocent', 'Innocent', 'Innocent', 'Innocent', 'Innocent', 'Innocent', 'Innocent', 'Innocent', 'Innocent', 'Innocent', 'Innocent', 'Innocent', 'Innocent', 'Innocent', 'Innocent', 'Innocent', 'Innocent', 'Innocent', 'Innocent', 'Innocent', 'Innocent', 'Innocent', 'Innocent', 'Innocent', 'Innocent', 'Innocent', 'Innocent', 'Innocent', 'Innocent', 'Innocent', 'Innocent', 'Innocent', 'Innocent', 'Innocent', 'Innocent', 'Innocent', 'Innocent', 'Innocent', 'Innocent', 'Innocent', 'Innocent', 'Innocent', 'Innocent', 'Innocent', 'Innocent', 'Innocent', 'Innocent', 'Innocent', 'Innocent', 'Innocent', 'Innocent', 'Innocent', 'Innocent', 'Innocent', 'Innocent', 'Innocent', 'Innocent', 'Innocent', 'Innocent', 'Innocent', 'Innocent', 'Innocent', 'Innocent', 'Innocent', 'Innocent', 'Innocent', 'Innocent', 'Innocent', 'Innocent', 'Innocent', 'Innocent', 'Innocent', 'Innocent', 'Innocent', 'Innocent', 'Innocent', 'Innocent', 'Innocent', 'Innocent', 'Innocent', 'Innocent', 'Innocent', 'Innocent', 'Innocent', 'Innocent', 'Innocent', 'Innocent', 'Innocent', 'Innocent', 'Innocent', 'Innocent', 'Innocent', 'Innocent', 'Innocent', 'Innocent', 'Innocent', 'Innocent', 'Innocent', 'Innocent', 'Innocent', 'Innocent', 'Innocent', 'Innocent', 'Innocent', 'Innocent', 'Innocent', 'Innocent', 'Innocent', 'Innocent', 'Innocent', 'Innocent', 'Innocent', 'Innocent', 'Innocent', 'Innocent', 'Innocent', 'Innocent', 'Innocent', 'Innocent', 'Innocent', 'Innocent', 'Innocent', 'Innocent', 'Innocent', 'Innocent', 'Innocent', 'Innocent', 'Innocent', 'Innocent', 'Innocent', 'Innocent', 'Innocent', 'Innocent', 'Innocent', 'Innocent', 'Innocent', 'Innocent', 'Innocent', 'Innocent', 'Innocent', 'Innocent', 'Innocent', 'Innocent', 'Innocent', 'Innocent', 'Innocent', 'Innocent', 'Innocent', 'Innocent', 'Innocent', 'Innocent', 'Innocent', 'Innocent', 'Innocent', 'Innocent', 'Innocent', 'Innocent', 'Innocent', 'Innocent', 'Innocent', 'Innocent', 'Innocent', 'Innocent', 'Innocent', 'Innocent', 'Innocent', 'Innocent', 'Innocent', 'Innocent', 'Innocent', 'Innocent', 'Innocent', 'Innocent', 'Innocent', 'Innocent', 'Innocent', 'Innocent', 'Innocent', 'Innocent', 'Innocent', 'Innocent', 'Innocent', 'Innocent', 'Innocent', 'Innocent', 'Innocent', 'Innocent', 'Innocent', 'Innocent', 'Innocent', 'Innocent', 'Innocent', 'Innocent', 'Innocent', 'Innocent', 'Innocent', 'Innocent', 'Innocent', 'Innocent', 'Innocent', 'Innocent', 'Innocent', 'Innocent', 'Innocent', 'Innocent', 'Innocent', 'Innocent', 'Innocent', 'Innocent', 'Innocent', 'Innocent', 'Innocent', 'Innocent', 'Innocent', 'Innocent', 'Innocent', 'Innocent', 'Innocent', 'Innocent', 'Innocent', 'Innocent', 'Innocent', 'Innocent', 'Innocent', 'Innocent', 'Innocent', 'Innocent', 'Innocent', 'Innocent', 'Innocent', 'Innocent', 'Innocent', 'Innocent', 'Innocent', 'Innocent', 'Innocent', 'Innocent', 'Innocent', 'Innocent', 'Innocent', 'Innocent', 'Innocent', 'Innocent', 'Innocent', 'Innocent', 'Innocent', 'Innocent', 'Innocent', 'Innocent', 'Innocent', 'Innocent', 'Innocent', 'Innocent', 'Innocent', 'Innocent', 'Innocent', 'Innocent', 'Innocent', 'Innocent', 'Innocent', 'Innocent', 'Innocent', 'Innocent', 'Innocent', 'Innocent', 'Innocent', 'Innocent', 'Innocent', 'Innocent', 'Innocent', 'Innocent', 'Innocent', 'Innocent', 'Innocent', 'Innocent', 'Innocent', 'Innocent', 'Innocent', 'Innocent', 'Innocent', 'Innocent', 'Innocent', 'Innocent', 'Innocent', 'Innocent', 'Innocent', 'Innocent', 'Innocent', 'Innocent', 'Innocent', 'Innocent', 'Innocent', 'Innocent', 'Innocent', 'Innocent', 'Innocent', 'Innocent', 'Innocent', 'Innocent', 'Innocent', 'Innocent', 'Innocent', 'Innocent', 'Innocent', 'Innocent', 'Innocent', 'Innocent', 'Innocent', 'Innocent', 'Innocent', 'Innocent', 'Innocent', 'Innocent', 'Innocent', 'Innocent', 'Innocent', 'Innocent', 'Innocent', 'Innocent', 'Innocent', 'Innocent', 'Innocent', 'Innocent', 'Innocent', 'Innocent', 'Innocent', 'Innocent', 'Innocent', 'Innocent', 'Innocent', 'Innocent', 'Innocent', 'Innocent', 'Innocent', 'Innocent', 'Innocent', 'Innocent', 'Innocent', 'Innocent', 'Innocent', 'Innocent', 'Innocent', 'Innocent', 'Innocent', 'Innocent', 'Innocent', 'Innocent', 'Innocent', 'Innocent', 'Innocent', 'Innocent', 'Innocent', 'Innocent', 'Innocent', 'Innocent', 'Innocent', 'Innocent', 'Innocent', 'Innocent', 'Innocent', 'Innocent', 'Innocent', 'Innocent', 'Innocent', 'Innocent', 'Innocent', 'Innocent', 'Innocent', 'Innocent', 'Innocent', 'Innocent', 'Innocent', 'Innocent', 'Innocent', 'Innocent', 'Innocent', 'Innocent', 'Innocent', 'Innocent', 'Innocent', 'Innocent', 'Innocent', 'Innocent', 'Innocent', 'Innocent', 'Innocent', 'Innocent', 'Innocent', 'Innocent', 'Innocent', 'Innocent', 'Innocent', 'Innocent', 'Innocent', 'Innocent', 'Innocent', 'Innocent', 'Innocent', 'Innocent', 'Innocent', 'Innocent', 'Innocent', 'Innocent', 'Innocent', 'Innocent', 'Innocent', 'Innocent', 'Innocent', 'Innocent', 'Innocent', 'Innocent', 'Innocent', 'Innocent', 'Innocent', 'Innocent', 'Innocent', 'Innocent', 'Innocent', 'Innocent', 'Innocent', 'Innocent', 'Innocent', 'Innocent', 'Innocent', 'Innocent', 'Innocent', 'Innocent', 'Innocent', 'Innocent', 'Innocent', 'Innocent', 'Innocent', 'Innocent', 'Innocent', 'Innocent', 'Innocent', 'Innocent', 'Innocent', 'Innocent', 'Innocent', 'Innocent', 'Innocent', 'Innocent', 'Innocent', 'Innocent', 'Innocent', 'Innocent', 'Innocent', 'Innocent', 'Innocent', 'Innocent', 'Innocent', 'Innocent', 'Innocent', 'Innocent', 'Innocent', 'Innocent', 'Innocent', 'Innocent', 'Innocent', 'Innocent', 'Innocent', 'Innocent', 'Innocent', 'Innocent', 'Innocent', 'Innocent', 'Innocent', 'Innocent', 'Innocent', 'Innocent', 'Innocent', 'Innocent', 'Innocent', 'Innocent', 'Innocent', 'Innocent', 'Innocent', 'Innocent', 'Innocent', 'Innocent', 'Innocent', 'Innocent', 'Innocent', 'Innocent', 'Innocent', 'Innocent', 'Innocent', 'Innocent', 'Innocent', 'Innocent', 'Innocent', 'Innocent', 'Innocent', 'Innocent', 'Innocent', 'Innocent', 'Innocent', 'Innocent', 'Innocent', 'Innocent', 'Innocent', 'Innocent', 'Innocent', 'Innocent', 'Innocent', 'Innocent', 'Innocent', 'Innocent', 'Innocent', 'Innocent', 'Innocent', 'Innocent', 'Innocent', 'Innocent', 'Innocent', 'Innocent', 'Innocent', 'Innocent', 'Innocent', 'Innocent', 'Innocent', 'Innocent', 'Innocent', 'Innocent', 'Innocent', 'Innocent', 'Innocent', 'Innocent', 'Innocent', 'Innocent', 'Innocent', 'Innocent', 'Innocent', 'Innocent', 'Innocent', 'Innocent', 'Innocent', 'Innocent', 'Innocent', 'Innocent', 'Innocent', 'Innocent', 'Innocent', 'Innocent', 'Innocent', 'Innocent', 'Innocent', 'Innocent', 'Innocent', 'Innocent', 'Innocent', 'Innocent', 'Innocent', 'Innocent', 'Innocent', 'Innocent', 'Innocent', 'Innocent', 'Innocent', 'Innocent', 'Innocent', 'Innocent', 'Innocent', 'Innocent', 'Innocent', 'Innocent', 'Innocent', 'Innocent', 'Innocent', 'Innocent', 'Innocent', 'Innocent', 'Innocent', 'Innocent', 'Innocent', 'Innocent', 'Innocent', 'Innocent', 'Innocent', 'Innocent', 'Innocent', 'Innocent', 'Innocent', 'Innocent', 'Innocent', 'Innocent', 'Innocent', 'Innocent', 'Innocent', 'Innocent', 'Innocent', 'Innocent', 'Innocent', 'Innocent', 'Innocent', 'Innocent', 'Innocent', 'Innocent', 'Innocent', 'Innocent', 'Innocent', 'Innocent', 'Innocent', 'Innocent', 'Innocent', 'Innocent', 'Innocent', 'Innocent', 'Innocent', 'Innocent', 'Innocent', 'Innocent', 'Innocent', 'Innocent', 'Innocent', 'Innocent', 'Innocent', 'Innocent', 'Innocent', 'Innocent', 'Innocent', 'Innocent', 'Innocent', 'Innocent', 'Innocent', 'Innocent', 'Innocent', 'Innocent', 'Innocent', 'Innocent', 'Innocent', 'Innocent', 'Innocent', 'Innocent', 'Innocent', 'Innocent', 'Innocent', 'Innocent', 'Innocent', 'Innocent', 'Innocent', 'Innocent', 'Innocent', 'Innocent', 'Innocent', 'Innocent', 'Innocent', 'Innocent', 'Innocent', 'Innocent', 'Innocent', 'Innocent', 'Innocent', 'Innocent', 'Innocent', 'Innocent', 'Innocent', 'Innocent', 'Innocent', 'Innocent', 'Innocent', 'Innocent', 'Innocent', 'Innocent', 'Innocent', 'Innocent', 'Innocent', 'Innocent', 'Innocent', 'Innocent', 'Innocent', 'Innocent', 'Innocent', 'Innocent', 'Innocent', 'Innocent', 'Innocent', 'Innocent', 'Innocent', 'Innocent', 'Innocent', 'Innocent', 'Innocent', 'Innocent', 'Innocent', 'Innocent', 'Innocent', 'Innocent', 'Innocent', 'Innocent', 'Innocent', 'Innocent', 'Innocent', 'Innocent', 'Innocent', 'Innocent', 'Innocent', 'Innocent', 'Innocent', 'Innocent', 'Innocent', 'Innocent', 'Innocent', 'Innocent', 'Innocent', 'Innocent', 'Innocent', 'Innocent', 'Innocent', 'Innocent', 'Innocent', 'Innocent', 'Innocent', 'Innocent', 'Innocent', 'Innocent', 'Innocent', 'Innocent', 'Innocent', 'Innocent', 'Innocent', 'Innocent', 'Innocent', 'Innocent', 'Innocent', 'Innocent', 'Innocent', 'Innocent', 'Innocent', 'Innocent', 'Innocent', 'Innocent', 'Innocent', 'Innocent', 'Innocent', 'Innocent', 'Innocent', 'Innocent', 'Innocent', 'Innocent', 'Innocent', 'Innocent', 'Innocent', 'Innocent', 'Innocent', 'Innocent', 'Innocent', 'Innocent', 'Innocent', 'Innocent', 'Innocent', 'Innocent', 'Innocent', 'Innocent', 'Innocent', 'Innocent', 'Innocent', 'Innocent', 'Innocent', 'Innocent', 'Innocent', 'Innocent', 'Innocent', 'Innocent', 'Innocent', 'Innocent', 'Innocent', 'Innocent', 'Innocent', 'Innocent', 'Innocent', 'Innocent', 'Innocent', 'Innocent', 'Innocent', 'Innocent', 'Innocent', 'Innocent', 'Innocent', 'Innocent', 'Innocent', 'Innocent', 'Innocent', 'Innocent', 'Innocent', 'Innocent', 'Innocent', 'Innocent', 'Innocent', 'Innocent', 'Innocent', 'Innocent', 'Innocent', 'Innocent', 'Innocent', 'Innocent', 'Innocent', 'Innocent', 'Innocent', 'Innocent', 'Innocent', 'Innocent', 'Innocent', 'Innocent', 'Innocent', 'Innocent', 'Innocent', 'Innocent', 'Innocent', 'Innocent', 'Innocent', 'Innocent', 'Innocent', 'Innocent', 'Innocent', 'Innocent', 'Innocent', 'Innocent', 'Innocent', 'Innocent', 'Innocent', 'Innocent', 'Innocent', 'Innocent', 'Innocent', 'Innocent', 'Innocent', 'Innocent', 'Innocent', 'Innocent', 'Innocent', 'Innocent', 'Innocent', 'Innocent', 'Innocent', 'Innocent', 'Innocent', 'Innocent', 'Innocent', 'Innocent', 'Innocent', 'Innocent', 'Innocent', 'Innocent', 'Innocent', 'Innocent', 'Innocent', 'Innocent', 'Innocent', 'Innocent', 'Innocent', 'Innocent', 'Innocent', 'Innocent', 'Innocent', 'Innocent', 'Innocent', 'Innocent', 'Innocent', 'Innocent', 'Innocent', 'Innocent', 'Innocent', 'Innocent', 'Innocent', 'Innocent', 'Innocent', 'Innocent', 'Innocent', 'Innocent', 'Innocent', 'Innocent', 'Innocent', 'Innocent', 'Innocent', 'Innocent', 'Innocent', 'Innocent', 'Innocent', 'Innocent', 'Innocent', 'Innocent', 'Innocent', 'Innocent', 'Innocent', 'Innocent', 'Innocent', 'Innocent', 'Innocent', 'Innocent', 'Innocent', 'Innocent', 'Innocent', 'Innocent', 'Innocent', 'Innocent', 'Innocent', 'Innocent', 'Innocent', 'Innocent', 'Innocent', 'Innocent', 'Innocent', 'Innocent', 'Innocent', 'Innocent', 'Innocent', 'Innocent', 'Innocent', 'Innocent', 'Innocent', 'Innocent', 'Innocent', 'Innocent', 'Innocent', 'Innocent', 'Innocent', 'Innocent', 'Innocent', 'Innocent', 'Innocent', 'Innocent', 'Innocent', 'Innocent', 'Innocent', 'Innocent', 'Innocent', 'Innocent', 'Innocent', 'Innocent', 'Innocent', 'Innocent', 'Innocent', 'Innocent', 'Innocent', 'Innocent', 'Innocent', 'Innocent', 'Innocent', 'Innocent', 'Innocent', 'Innocent', 'Innocent', 'Innocent', 'Innocent', 'Innocent', 'Innocent', 'Innocent', 'Innocent', 'Innocent', 'Innocent', 'Innocent', 'Innocent', 'Innocent', 'Innocent', 'Innocent', 'Innocent', 'Innocent', 'Innocent', 'Innocent', 'Innocent', 'Innocent', 'Innocent', 'Innocent', 'Innocent', 'Innocent', 'Innocent', 'Innocent', 'Innocent', 'Innocent', 'Innocent', 'Innocent', 'Innocent', 'Innocent', 'Innocent', 'Innocent', 'Innocent', 'Innocent', 'Innocent', 'Innocent', 'Innocent', 'Innocent', 'Innocent', 'Innocent', 'Innocent', 'Innocent', 'Innocent', 'Innocent', 'Innocent', 'Innocent', 'Innocent', 'Innocent', 'Innocent', 'Innocent', 'Innocent', 'Innocent', 'Innocent', 'Innocent', 'Innocent', 'Innocent', 'Innocent', 'Innocent', 'Innocent', 'Innocent', 'Innocent', 'Innocent', 'Innocent', 'Innocent', 'Innocent', 'Innocent', 'Innocent', 'Innocent', 'Innocent', 'Innocent', 'Innocent', 'Innocent', 'Innocent', 'Innocent', 'Innocent', 'Innocent', 'Innocent', 'Innocent', 'Innocent', 'Innocent', 'Innocent', 'Innocent', 'Innocent', 'Innocent', 'Innocent', 'Innocent', 'Innocent', 'Innocent', 'Innocent', 'Innocent', 'Innocent', 'Innocent', 'Innocent', 'Innocent', 'Innocent', 'Innocent', 'Innocent', 'Innocent', 'Innocent', 'Innocent', 'Innocent', 'Innocent', 'Innocent', 'Innocent', 'Innocent', 'Innocent', 'Innocent', 'Innocent', 'Innocent', 'Innocent', 'Innocent', 'Innocent', 'Innocent', 'Innocent', 'Innocent', 'Innocent', 'Innocent', 'Innocent', 'Innocent', 'Innocent', 'Innocent', 'Innocent', 'Innocent', 'Innocent', 'Innocent', 'Innocent', 'Innocent', 'Innocent', 'Innocent', 'Innocent', 'Innocent', 'Innocent', 'Innocent', 'Innocent', 'Innocent', 'Innocent', 'Innocent', 'Innocent', 'Innocent', 'Innocent', 'Innocent', 'Innocent', 'Innocent', 'Innocent', 'Innocent', 'Innocent', 'Innocent', 'Innocent', 'Innocent', 'Innocent', 'Innocent', 'Innocent', 'Innocent', 'Innocent', 'Innocent', 'Innocent', 'Innocent', 'Innocent', 'Innocent', 'Innocent', 'Innocent', 'Innocent', 'Innocent', 'Innocent', 'Innocent', 'Innocent', 'Innocent', 'Innocent', 'Innocent', 'Innocent', 'Innocent', 'Innocent', 'Innocent', 'Innocent', 'Innocent', 'Innocent', 'Innocent', 'Innocent', 'Innocent', 'Innocent', 'Innocent', 'Innocent', 'Innocent', 'Innocent', 'Innocent', 'Innocent', 'Innocent', 'Innocent', 'Innocent', 'Innocent', 'Innocent', 'Innocent', 'Innocent', 'Innocent', 'Innocent', 'Innocent', 'Innocent', 'Innocent', 'Innocent', 'Innocent', 'Innocent', 'Innocent', 'Innocent', 'Innocent', 'Innocent', 'Innocent', 'Innocent', 'Innocent', 'Innocent', 'Innocent', 'Innocent', 'Innocent', 'Innocent', 'Innocent', 'Innocent', 'Innocent', 'Innocent', 'Innocent', 'Innocent', 'Innocent', 'Innocent', 'Innocent', 'Innocent', 'Innocent', 'Innocent', 'Innocent', 'Innocent', 'Innocent', 'Innocent', 'Innocent', 'Innocent', 'Innocent', 'Innocent', 'Innocent', 'Guilty', 'Guilty', 'Guilty', 'Guilty', 'Guilty', 'Guilty', 'Guilty', 'Guilty', 'Guilty', 'Guilty', 'Guilty', 'Guilty', 'Guilty', 'Guilty', 'Guilty', 'Guilty', 'Guilty', 'Guilty', 'Guilty', 'Guilty', 'Guilty', 'Guilty', 'Guilty', 'Guilty', 'Guilty', 'Guilty', 'Guilty', 'Guilty', 'Guilty', 'Guilty', 'Guilty', 'Guilty', 'Guilty', 'Guilty', 'Guilty', 'Guilty', 'Guilty', 'Guilty', 'Guilty', 'Guilty', 'Guilty', 'Guilty', 'Guilty', 'Guilty', 'Guilty', 'Guilty', 'Guilty', 'Guilty', 'Guilty', 'Guilty', 'Guilty', 'Guilty', 'Guilty', 'Guilty', 'Guilty', 'Guilty', 'Guilty', 'Guilty', 'Guilty', 'Guilty', 'Guilty', 'Guilty', 'Guilty', 'Guilty', 'Guilty', 'Guilty', 'Guilty', 'Guilty', 'Guilty', 'Guilty', 'Guilty', 'Guilty', 'Guilty', 'Guilty', 'Guilty', 'Guilty', 'Guilty', 'Guilty', 'Guilty', 'Guilty', 'Guilty', 'Guilty', 'Guilty', 'Guilty', 'Guilty', 'Guilty', 'Guilty', 'Guilty', 'Guilty', 'Guilty', 'Guilty', 'Guilty', 'Guilty', 'Guilty', 'Guilty', 'Guilty', 'Guilty', 'Guilty', 'Guilty', 'Guilty', 'Guilty', 'Guilty', 'Guilty', 'Guilty', 'Guilty', 'Guilty', 'Guilty', 'Guilty', 'Guilty', 'Guilty', 'Guilty', 'Guilty', 'Guilty', 'Guilty', 'Guilty', 'Guilty', 'Guilty', 'Guilty', 'Guilty', 'Guilty', 'Guilty', 'Guilty', 'Guilty', 'Guilty', 'Guilty', 'Guilty', 'Guilty', 'Guilty', 'Guilty', 'Guilty', 'Guilty', 'Guilty', 'Guilty', 'Guilty', 'Guilty', 'Guilty', 'Guilty', 'Guilty', 'Guilty', 'Guilty', 'Guilty', 'Guilty', 'Guilty', 'Guilty', 'Guilty', 'Guilty', 'Guilty', 'Guilty', 'Guilty', 'Guilty', 'Guilty', 'Guilty', 'Guilty', 'Guilty', 'Guilty', 'Guilty', 'Guilty', 'Guilty', 'Guilty', 'Guilty', 'Guilty', 'Guilty', 'Guilty', 'Guilty', 'Guilty', 'Guilty', 'Guilty', 'Guilty', 'Guilty', 'Guilty', 'Guilty', 'Guilty', 'Guilty', 'Guilty', 'Guilty', 'Guilty', 'Guilty', 'Guilty', 'Guilty', 'Guilty', 'Guilty', 'Guilty', 'Guilty', 'Guilty', 'Guilty', 'Guilty', 'Guilty', 'Guilty', 'Guilty', 'Guilty', 'Guilty', 'Guilty', 'Guilty', 'Guilty', 'Guilty', 'Guilty', 'Guilty', 'Guilty', 'Guilty', 'Guilty', 'Guilty', 'Guilty', 'Guilty', 'Guilty', 'Guilty', 'Guilty', 'Guilty', 'Guilty', 'Guilty', 'Guilty', 'Guilty', 'Guilty', 'Guilty', 'Guilty', 'Guilty', 'Guilty', 'Guilty', 'Guilty', 'Guilty', 'Guilty', 'Guilty', 'Guilty', 'Guilty', 'Guilty', 'Guilty', 'Guilty', 'Guilty', 'Guilty', 'Guilty', 'Guilty', 'Guilty', 'Guilty', 'Guilty', 'Guilty', 'Guilty', 'Guilty', 'Guilty', 'Guilty', 'Guilty', 'Guilty', 'Guilty', 'Guilty', 'Guilty', 'Guilty', 'Guilty', 'Guilty', 'Guilty', 'Guilty', 'Guilty', 'Guilty', 'Guilty', 'Guilty', 'Guilty', 'Guilty', 'Guilty', 'Guilty', 'Guilty', 'Guilty', 'Guilty', 'Guilty', 'Guilty', 'Guilty', 'Guilty', 'Guilty', 'Guilty', 'Guilty', 'Guilty', 'Guilty', 'Guilty', 'Guilty', 'Guilty', 'Guilty', 'Guilty', 'Guilty', 'Guilty', 'Guilty', 'Guilty', 'Guilty', 'Guilty', 'Guilty', 'Guilty', 'Guilty', 'Guilty', 'Guilty', 'Guilty', 'Guilty', 'Guilty', 'Guilty', 'Guilty', 'Guilty', 'Guilty', 'Guilty', 'Guilty', 'Guilty', 'Guilty', 'Guilty', 'Guilty', 'Guilty', 'Guilty', 'Guilty', 'Guilty', 'Guilty', 'Guilty', 'Guilty', 'Guilty', 'Guilty', 'Guilty', 'Guilty', 'Guilty', 'Guilty', 'Guilty', 'Guilty', 'Guilty', 'Guilty', 'Guilty', 'Guilty', 'Guilty', 'Guilty', 'Guilty', 'Guilty', 'Guilty', 'Guilty', 'Guilty', 'Guilty', 'Guilty', 'Guilty', 'Guilty', 'Guilty', 'Guilty', 'Guilty', 'Guilty', 'Guilty', 'Guilty', 'Guilty', 'Guilty', 'Guilty', 'Guilty', 'Guilty', 'Guilty', 'Guilty', 'Guilty', 'Guilty', 'Guilty', 'Guilty', 'Guilty', 'Guilty', 'Guilty', 'Guilty', 'Guilty', 'Guilty', 'Guilty', 'Guilty', 'Guilty', 'Guilty', 'Guilty', 'Guilty', 'Guilty', 'Guilty', 'Guilty', 'Guilty', 'Guilty', 'Guilty', 'Guilty', 'Guilty', 'Guilty', 'Guilty', 'Guilty', 'Guilty', 'Guilty', 'Guilty', 'Guilty', 'Guilty', 'Guilty', 'Guilty', 'Guilty', 'Guilty', 'Guilty', 'Guilty', 'Guilty', 'Guilty', 'Guilty', 'Guilty', 'Guilty', 'Guilty', 'Guilty', 'Guilty', 'Guilty', 'Guilty', 'Guilty', 'Guilty', 'Guilty', 'Guilty', 'Guilty', 'Guilty', 'Guilty', 'Guilty', 'Guilty', 'Guilty', 'Guilty', 'Guilty', 'Guilty', 'Guilty', 'Guilty', 'Guilty', 'Guilty', 'Guilty', 'Guilty', 'Guilty', 'Guilty', 'Guilty', 'Guilty', 'Guilty', 'Guilty', 'Guilty', 'Guilty', 'Guilty', 'Guilty', 'Guilty', 'Guilty', 'Guilty', 'Guilty', 'Guilty', 'Guilty', 'Guilty', 'Guilty', 'Guilty', 'Guilty', 'Guilty', 'Guilty', 'Guilty', 'Guilty', 'Guilty', 'Guilty', 'Guilty', 'Guilty', 'Guilty', 'Guilty', 'Guilty', 'Guilty', 'Guilty', 'Guilty', 'Guilty', 'Guilty', 'Guilty', 'Guilty', 'Guilty', 'Guilty', 'Guilty', 'Guilty', 'Guilty', 'Guilty', 'Guilty', 'Guilty', 'Guilty', 'Guilty', 'Guilty', 'Guilty', 'Guilty', 'Guilty', 'Guilty', 'Guilty', 'Guilty', 'Guilty', 'Guilty', 'Guilty', 'Guilty', 'Guilty', 'Guilty', 'Guilty', 'Guilty', 'Guilty', 'Guilty', 'Guilty', 'Guilty', 'Guilty', 'Guilty', 'Guilty', 'Guilty', 'Guilty', 'Guilty', 'Guilty', 'Guilty', 'Guilty', 'Guilty', 'Guilty', 'Guilty', 'Guilty', 'Guilty', 'Guilty', 'Guilty', 'Guilty', 'Guilty', 'Guilty', 'Guilty', 'Guilty', 'Guilty', 'Guilty', 'Guilty', 'Guilty', 'Guilty', 'Guilty', 'Guilty', 'Guilty', 'Guilty', 'Guilty', 'Guilty', 'Guilty', 'Guilty', 'Guilty', 'Guilty', 'Guilty', 'Guilty', 'Guilty', 'Guilty', 'Guilty', 'Guilty', 'Guilty', 'Guilty', 'Guilty', 'Guilty', 'Guilty', 'Guilty', 'Guilty', 'Guilty', 'Guilty', 'Guilty', 'Guilty', 'Guilty', 'Guilty', 'Guilty', 'Guilty', 'Guilty', 'Guilty', 'Guilty', 'Guilty', 'Guilty', 'Guilty', 'Guilty', 'Guilty', 'Guilty', 'Guilty', 'Guilty', 'Guilty', 'Guilty', 'Guilty', 'Guilty', 'Guilty', 'Guilty', 'Guilty', 'Guilty', 'Guilty', 'Guilty', 'Guilty', 'Guilty', 'Guilty', 'Guilty', 'Guilty', 'Guilty', 'Guilty', 'Guilty', 'Guilty', 'Guilty', 'Guilty', 'Guilty', 'Guilty', 'Guilty', 'Guilty', 'Guilty', 'Guilty', 'Guilty', 'Guilty', 'Guilty', 'Guilty', 'Guilty', 'Guilty', 'Guilty', 'Guilty', 'Guilty', 'Guilty', 'Guilty', 'Guilty', 'Guilty', 'Guilty', 'Guilty', 'Guilty', 'Guilty', 'Guilty', 'Guilty', 'Guilty', 'Guilty', 'Guilty', 'Guilty', 'Guilty', 'Guilty', 'Guilty', 'Guilty', 'Guilty', 'Guilty', 'Guilty', 'Guilty', 'Guilty', 'Guilty', 'Guilty', 'Guilty', 'Guilty', 'Guilty', 'Guilty', 'Guilty', 'Guilty', 'Guilty', 'Guilty', 'Guilty', 'Guilty', 'Guilty', 'Guilty', 'Guilty', 'Guilty', 'Guilty', 'Guilty', 'Guilty', 'Guilty', 'Guilty', 'Guilty', 'Guilty', 'Guilty', 'Guilty', 'Guilty', 'Guilty', 'Guilty', 'Guilty', 'Guilty', 'Guilty', 'Guilty', 'Guilty', 'Guilty', 'Guilty', 'Guilty', 'Guilty', 'Guilty', 'Guilty', 'Guilty', 'Guilty', 'Guilty', 'Guilty', 'Guilty', 'Guilty', 'Guilty', 'Guilty', 'Guilty', 'Guilty', 'Guilty', 'Guilty', 'Guilty', 'Guilty', 'Guilty', 'Guilty', 'Guilty', 'Guilty', 'Guilty', 'Guilty', 'Guilty', 'Guilty', 'Guilty', 'Guilty', 'Guilty', 'Guilty', 'Guilty', 'Guilty', 'Guilty', 'Guilty', 'Guilty', 'Guilty', 'Guilty', 'Guilty', 'Guilty', 'Guilty', 'Guilty', 'Guilty', 'Guilty', 'Guilty', 'Guilty', 'Guilty', 'Guilty', 'Guilty', 'Guilty', 'Guilty', 'Guilty', 'Guilty', 'Guilty', 'Guilty', 'Guilty', 'Guilty', 'Guilty', 'Guilty', 'Guilty', 'Guilty', 'Guilty', 'Guilty', 'Guilty', 'Guilty', 'Guilty', 'Guilty', 'Guilty', 'Guilty', 'Guilty', 'Guilty', 'Guilty', 'Guilty', 'Guilty', 'Guilty', 'Guilty', 'Guilty', 'Guilty', 'Guilty', 'Guilty', 'Guilty', 'Guilty', 'Guilty', 'Guilty', 'Guilty', 'Guilty', 'Guilty', 'Guilty', 'Guilty', 'Guilty', 'Guilty', 'Guilty', 'Guilty', 'Guilty', 'Guilty', 'Guilty', 'Guilty', 'Guilty', 'Guilty', 'Guilty', 'Guilty', 'Guilty', 'Guilty', 'Guilty', 'Guilty', 'Guilty', 'Guilty', 'Guilty', 'Guilty', 'Guilty', 'Guilty', 'Guilty', 'Guilty', 'Guilty', 'Guilty', 'Guilty', 'Guilty', 'Guilty', 'Guilty', 'Guilty', 'Guilty', 'Guilty', 'Guilty', 'Guilty', 'Guilty', 'Guilty', 'Guilty', 'Guilty', 'Guilty', 'Guilty', 'Guilty', 'Guilty', 'Guilty', 'Guilty', 'Guilty', 'Guilty', 'Guilty', 'Guilty', 'Guilty', 'Guilty', 'Guilty', 'Guilty', 'Guilty', 'Guilty', 'Guilty', 'Guilty', 'Guilty', 'Guilty', 'Guilty', 'Guilty', 'Guilty', 'Guilty', 'Guilty', 'Guilty', 'Guilty', 'Guilty', 'Guilty', 'Guilty', 'Guilty', 'Guilty', 'Guilty', 'Guilty', 'Guilty', 'Guilty', 'Guilty', 'Guilty', 'Guilty', 'Guilty', 'Guilty', 'Guilty', 'Guilty', 'Guilty', 'Guilty', 'Guilty', 'Guilty', 'Guilty', 'Guilty', 'Guilty', 'Guilty', 'Guilty', 'Guilty', 'Guilty', 'Guilty', 'Guilty', 'Guilty', 'Guilty', 'Guilty', 'Guilty', 'Guilty', 'Guilty', 'Guilty', 'Guilty', 'Guilty', 'Guilty', 'Guilty', 'Guilty', 'Guilty', 'Guilty', 'Guilty', 'Guilty', 'Guilty', 'Guilty', 'Guilty', 'Guilty', 'Guilty', 'Guilty', 'Guilty', 'Guilty', 'Guilty', 'Guilty', 'Guilty', 'Guilty', 'Guilty', 'Guilty', 'Guilty', 'Guilty', 'Guilty', 'Guilty', 'Guilty', 'Guilty', 'Guilty', 'Guilty', 'Guilty', 'Guilty', 'Guilty', 'Guilty', 'Guilty', 'Guilty', 'Guilty', 'Guilty', 'Guilty', 'Guilty', 'Guilty', 'Guilty', 'Guilty', 'Guilty', 'Guilty', 'Guilty', 'Guilty', 'Guilty', 'Guilty', 'Guilty', 'Guilty', 'Guilty', 'Guilty', 'Guilty', 'Guilty', 'Guilty', 'Guilty', 'Guilty', 'Guilty', 'Guilty', 'Guilty', 'Guilty', 'Guilty', 'Guilty', 'Guilty', 'Guilty', 'Guilty', 'Guilty', 'Guilty', 'Guilty', 'Guilty', 'Guilty', 'Guilty', 'Guilty', 'Guilty', 'Guilty', 'Guilty', 'Guilty', 'Guilty', 'Guilty', 'Guilty', 'Guilty', 'Guilty', 'Guilty', 'Guilty', 'Guilty', 'Guilty', 'Guilty', 'Guilty', 'Guilty', 'Guilty', 'Guilty', 'Guilty', 'Guilty', 'Guilty', 'Guilty', 'Guilty', 'Guilty', 'Guilty', 'Guilty', 'Guilty', 'Guilty', 'Guilty', 'Guilty', 'Guilty', 'Guilty', 'Guilty', 'Guilty', 'Guilty', 'Guilty', 'Guilty', 'Guilty', 'Guilty', 'Guilty', 'Guilty', 'Guilty', 'Guilty', 'Guilty', 'Guilty', 'Guilty', 'Guilty', 'Guilty', 'Guilty', 'Guilty', 'Guilty', 'Guilty', 'Guilty', 'Guilty', 'Guilty', 'Guilty', 'Guilty', 'Guilty', 'Guilty', 'Guilty', 'Guilty', 'Guilty', 'Guilty', 'Guilty', 'Guilty', 'Guilty', 'Guilty', 'Guilty', 'Guilty', 'Guilty', 'Guilty', 'Guilty', 'Guilty', 'Guilty', 'Guilty', 'Guilty', 'Guilty', 'Guilty', 'Guilty', 'Guilty', 'Guilty', 'Guilty', 'Guilty', 'Guilty', 'Guilty', 'Guilty', 'Guilty', 'Guilty', 'Guilty', 'Guilty', 'Guilty', 'Guilty', 'Guilty', 'Guilty', 'Guilty', 'Guilty', 'Guilty', 'Guilty', 'Guilty', 'Guilty', 'Guilty', 'Guilty', 'Guilty', 'Guilty', 'Guilty', 'Guilty', 'Guilty', 'Guilty', 'Guilty', 'Guilty', 'Guilty', 'Guilty', 'Guilty', 'Guilty', 'Guilty', 'Guilty', 'Guilty', 'Guilty', 'Guilty', 'Guilty', 'Guilty', 'Guilty', 'Guilty', 'Guilty', 'Guilty', 'Guilty', 'Guilty', 'Guilty', 'Guilty', 'Guilty', 'Guilty', 'Guilty', 'Guilty', 'Guilty', 'Guilty', 'Guilty', 'Guilty', 'Guilty', 'Guilty', 'Guilty', 'Guilty', 'Guilty', 'Guilty', 'Guilty', 'Guilty', 'Guilty', 'Guilty', 'Guilty', 'Guilty', 'Guilty', 'Guilty', 'Guilty', 'Guilty', 'Guilty', 'Guilty', 'Guilty', 'Guilty', 'Guilty', 'Guilty', 'Guilty', 'Guilty', 'Guilty', 'Guilty', 'Guilty', 'Guilty', 'Guilty', 'Guilty', 'Guilty', 'Guilty', 'Guilty', 'Guilty', 'Guilty', 'Guilty', 'Guilty', 'Guilty', 'Guilty', 'Guilty', 'Guilty', 'Guilty', 'Guilty', 'Guilty', 'Guilty', 'Guilty', 'Guilty', 'Guilty', 'Guilty', 'Guilty', 'Guilty', 'Guilty', 'Guilty', 'Guilty', 'Guilty', 'Guilty', 'Guilty', 'Guilty', 'Guilty', 'Guilty', 'Guilty', 'Guilty', 'Guilty', 'Guilty', 'Guilty', 'Guilty', 'Guilty', 'Guilty', 'Guilty', 'Guilty', 'Innocent', 'Innocent', 'Innocent', 'Innocent', 'Innocent', 'Innocent', 'Innocent', 'Innocent', 'Innocent', 'Innocent', 'Innocent', 'Innocent', 'Innocent', 'Innocent', 'Innocent', 'Innocent', 'Innocent', 'Innocent', 'Innocent', 'Innocent', 'Innocent', 'Innocent', 'Innocent', 'Innocent', 'Innocent', 'Innocent', 'Innocent', 'Innocent', 'Innocent', 'Innocent', 'Innocent', 'Innocent', 'Innocent', 'Innocent', 'Innocent', 'Innocent', 'Innocent', 'Innocent', 'Innocent', 'Innocent', 'Innocent', 'Innocent', 'Innocent', 'Innocent', 'Innocent', 'Innocent', 'Innocent', 'Innocent', 'Innocent', 'Innocent', 'Innocent', 'Innocent', 'Innocent', 'Innocent', 'Innocent', 'Innocent', 'Innocent', 'Innocent', 'Innocent', 'Innocent', 'Innocent', 'Innocent', 'Innocent', 'Innocent', 'Innocent', 'Innocent', 'Innocent', 'Innocent', 'Innocent', 'Innocent', 'Innocent', 'Innocent', 'Innocent', 'Innocent', 'Innocent', 'Innocent', 'Innocent', 'Innocent', 'Innocent', 'Innocent', 'Innocent', 'Innocent', 'Innocent', 'Innocent', 'Innocent', 'Innocent', 'Innocent', 'Innocent', 'Innocent', 'Innocent', 'Innocent', 'Innocent', 'Innocent', 'Innocent', 'Innocent', 'Innocent', 'Innocent', 'Innocent', 'Innocent', 'Innocent', 'Innocent', 'Innocent', 'Innocent', 'Innocent', 'Innocent', 'Innocent', 'Innocent', 'Innocent', 'Innocent', 'Innocent', 'Innocent', 'Innocent', 'Innocent', 'Innocent', 'Innocent', 'Innocent', 'Innocent', 'Innocent', 'Innocent', 'Innocent', 'Innocent', 'Innocent', 'Innocent', 'Innocent', 'Innocent', 'Innocent', 'Innocent', 'Innocent', 'Innocent', 'Innocent', 'Innocent', 'Innocent', 'Innocent', 'Innocent', 'Innocent', 'Innocent', 'Innocent', 'Innocent', 'Innocent', 'Innocent', 'Innocent', 'Innocent', 'Innocent', 'Innocent', 'Innocent', 'Innocent', 'Innocent', 'Innocent', 'Innocent', 'Innocent', 'Innocent', 'Innocent', 'Innocent', 'Innocent', 'Innocent', 'Innocent', 'Innocent', 'Innocent', 'Innocent', 'Innocent', 'Innocent', 'Innocent', 'Innocent', 'Innocent', 'Innocent', 'Innocent', 'Innocent', 'Innocent', 'Innocent', 'Innocent', 'Innocent', 'Innocent', 'Innocent', 'Innocent', 'Innocent', 'Innocent', 'Innocent', 'Innocent', 'Innocent', 'Innocent', 'Innocent', 'Innocent', 'Innocent', 'Innocent', 'Innocent', 'Innocent', 'Innocent', 'Innocent', 'Innocent', 'Innocent', 'Innocent', 'Innocent', 'Innocent', 'Innocent', 'Innocent', 'Innocent', 'Innocent', 'Innocent', 'Innocent', 'Innocent', 'Innocent', 'Innocent', 'Innocent', 'Innocent', 'Innocent', 'Innocent', 'Innocent', 'Innocent', 'Innocent', 'Innocent', 'Innocent', 'Innocent', 'Innocent', 'Innocent', 'Innocent', 'Innocent', 'Innocent', 'Innocent', 'Innocent', 'Innocent', 'Innocent', 'Innocent', 'Innocent', 'Innocent', 'Innocent', 'Innocent', 'Innocent', 'Innocent', 'Innocent', 'Innocent', 'Innocent', 'Innocent', 'Innocent', 'Innocent', 'Innocent', 'Innocent', 'Innocent', 'Innocent', 'Innocent', 'Innocent', 'Innocent', 'Innocent', 'Innocent', 'Innocent', 'Innocent', 'Innocent', 'Innocent', 'Innocent', 'Innocent', 'Innocent', 'Innocent', 'Innocent', 'Innocent', 'Innocent', 'Innocent', 'Innocent', 'Innocent', 'Innocent', 'Innocent', 'Innocent', 'Innocent', 'Innocent', 'Innocent', 'Innocent', 'Innocent', 'Innocent', 'Innocent', 'Innocent', 'Innocent', 'Innocent', 'Innocent', 'Innocent', 'Innocent', 'Innocent', 'Innocent', 'Innocent', 'Innocent', 'Innocent', 'Innocent', 'Innocent', 'Innocent', 'Innocent', 'Innocent', 'Innocent', 'Innocent', 'Innocent', 'Innocent', 'Innocent', 'Innocent', 'Innocent', 'Innocent', 'Innocent', 'Innocent', 'Innocent', 'Innocent', 'Innocent', 'Innocent', 'Innocent', 'Innocent', 'Innocent', 'Innocent', 'Innocent', 'Innocent', 'Innocent', 'Innocent', 'Innocent', 'Innocent', 'Innocent', 'Innocent', 'Innocent', 'Innocent', 'Innocent', 'Innocent', 'Innocent', 'Innocent', 'Innocent', 'Innocent', 'Innocent', 'Innocent', 'Innocent', 'Innocent', 'Innocent', 'Innocent', 'Innocent', 'Innocent', 'Innocent', 'Innocent', 'Innocent', 'Innocent', 'Innocent', 'Innocent', 'Innocent', 'Innocent', 'Innocent', 'Innocent', 'Innocent', 'Innocent', 'Innocent', 'Innocent', 'Innocent', 'Innocent', 'Innocent', 'Innocent', 'Innocent', 'Innocent', 'Innocent', 'Innocent', 'Innocent', 'Innocent', 'Innocent', 'Innocent', 'Innocent', 'Innocent', 'Innocent', 'Innocent', 'Innocent', 'Innocent', 'Innocent', 'Innocent', 'Innocent', 'Innocent', 'Innocent', 'Innocent', 'Innocent', 'Innocent', 'Innocent', 'Innocent', 'Innocent', 'Innocent', 'Innocent', 'Innocent', 'Innocent', 'Innocent', 'Innocent', 'Innocent', 'Innocent', 'Innocent', 'Innocent', 'Innocent', 'Innocent', 'Innocent', 'Innocent', 'Innocent', 'Innocent', 'Innocent', 'Innocent', 'Innocent', 'Innocent', 'Innocent', 'Innocent', 'Innocent', 'Innocent', 'Innocent', 'Innocent', 'Innocent', 'Innocent', 'Innocent', 'Innocent', 'Innocent', 'Innocent', 'Innocent', 'Innocent', 'Innocent', 'Innocent', 'Innocent', 'Innocent', 'Innocent', 'Innocent', 'Innocent', 'Innocent', 'Innocent', 'Innocent', 'Innocent', 'Innocent', 'Innocent', 'Innocent', 'Innocent', 'Innocent', 'Innocent', 'Innocent', 'Innocent', 'Innocent', 'Innocent', 'Innocent', 'Innocent', 'Innocent', 'Innocent', 'Innocent', 'Innocent', 'Innocent', 'Innocent', 'Innocent', 'Innocent', 'Innocent', 'Innocent', 'Innocent', 'Innocent', 'Innocent', 'Innocent', 'Innocent', 'Innocent', 'Innocent', 'Innocent', 'Innocent', 'Innocent', 'Innocent', 'Innocent', 'Innocent', 'Innocent', 'Innocent', 'Innocent', 'Innocent', 'Innocent', 'Innocent', 'Innocent', 'Innocent', 'Innocent', 'Innocent', 'Innocent', 'Innocent', 'Innocent', 'Innocent', 'Innocent', 'Innocent', 'Innocent', 'Innocent', 'Innocent', 'Innocent', 'Innocent', 'Innocent', 'Innocent', 'Innocent', 'Innocent', 'Innocent', 'Innocent', 'Innocent', 'Innocent', 'Innocent', 'Innocent', 'Innocent', 'Innocent', 'Innocent', 'Innocent', 'Innocent', 'Innocent', 'Innocent', 'Innocent', 'Innocent', 'Innocent', 'Innocent', 'Innocent', 'Innocent', 'Innocent', 'Innocent', 'Innocent', 'Innocent', 'Innocent', 'Innocent', 'Innocent', 'Innocent', 'Innocent', 'Innocent', 'Innocent', 'Innocent', 'Innocent', 'Innocent', 'Innocent', 'Innocent', 'Innocent', 'Innocent', 'Innocent', 'Innocent', 'Innocent', 'Innocent', 'Innocent', 'Innocent', 'Innocent', 'Innocent', 'Innocent', 'Innocent', 'Innocent', 'Innocent', 'Innocent', 'Innocent', 'Innocent', 'Innocent', 'Innocent', 'Innocent', 'Innocent', 'Innocent', 'Innocent', 'Innocent', 'Innocent', 'Innocent', 'Innocent', 'Innocent', 'Innocent', 'Innocent', 'Innocent', 'Innocent', 'Innocent', 'Innocent', 'Innocent', 'Innocent', 'Innocent', 'Innocent', 'Innocent', 'Innocent', 'Innocent', 'Innocent', 'Innocent', 'Innocent', 'Innocent', 'Innocent', 'Innocent', 'Innocent', 'Innocent', 'Innocent', 'Innocent', 'Innocent', 'Innocent', 'Innocent', 'Innocent', 'Innocent', 'Innocent', 'Innocent', 'Innocent', 'Innocent', 'Innocent', 'Innocent', 'Innocent', 'Innocent', 'Innocent', 'Innocent', 'Innocent', 'Innocent', 'Innocent', 'Innocent', 'Innocent', 'Innocent', 'Innocent', 'Innocent', 'Innocent', 'Innocent', 'Innocent', 'Innocent', 'Innocent', 'Innocent', 'Innocent', 'Innocent', 'Innocent', 'Innocent', 'Innocent', 'Innocent', 'Innocent', 'Innocent', 'Innocent', 'Innocent', 'Innocent', 'Innocent', 'Innocent', 'Innocent', 'Innocent', 'Innocent', 'Innocent', 'Innocent', 'Innocent', 'Innocent', 'Innocent', 'Innocent', 'Innocent', 'Innocent', 'Innocent', 'Innocent', 'Innocent', 'Innocent', 'Innocent', 'Innocent', 'Innocent', 'Innocent', 'Innocent', 'Innocent', 'Innocent', 'Innocent', 'Innocent', 'Innocent', 'Innocent', 'Innocent', 'Innocent', 'Innocent', 'Innocent', 'Innocent', 'Innocent', 'Innocent', 'Innocent', 'Innocent', 'Innocent', 'Innocent', 'Innocent', 'Innocent', 'Innocent', 'Innocent', 'Innocent', 'Innocent', 'Innocent', 'Innocent', 'Innocent', 'Innocent', 'Innocent', 'Innocent', 'Innocent', 'Innocent', 'Innocent', 'Innocent', 'Innocent', 'Innocent', 'Innocent', 'Innocent', 'Innocent', 'Innocent', 'Innocent', 'Innocent', 'Innocent', 'Innocent', 'Innocent', 'Innocent', 'Innocent', 'Innocent', 'Innocent', 'Innocent', 'Innocent', 'Innocent', 'Innocent', 'Innocent', 'Innocent', 'Innocent', 'Innocent', 'Innocent', 'Innocent', 'Innocent', 'Innocent', 'Innocent', 'Innocent', 'Innocent', 'Innocent', 'Innocent', 'Innocent', 'Innocent', 'Innocent', 'Innocent', 'Innocent', 'Innocent', 'Innocent', 'Innocent', 'Innocent', 'Innocent', 'Innocent', 'Innocent', 'Innocent', 'Innocent', 'Innocent', 'Innocent', 'Innocent', 'Innocent', 'Innocent', 'Innocent', 'Innocent', 'Innocent', 'Innocent', 'Innocent', 'Innocent', 'Innocent', 'Innocent', 'Innocent', 'Innocent', 'Innocent', 'Innocent', 'Innocent', 'Innocent', 'Innocent', 'Innocent', 'Innocent', 'Innocent', 'Innocent', 'Innocent', 'Innocent', 'Innocent', 'Innocent', 'Innocent', 'Innocent', 'Innocent', 'Innocent', 'Innocent', 'Innocent', 'Innocent', 'Innocent', 'Innocent', 'Innocent', 'Innocent', 'Innocent', 'Innocent', 'Innocent', 'Innocent', 'Innocent', 'Innocent', 'Innocent', 'Innocent', 'Innocent', 'Innocent', 'Innocent', 'Innocent', 'Innocent', 'Innocent', 'Innocent', 'Innocent', 'Innocent', 'Innocent', 'Innocent', 'Innocent', 'Innocent', 'Innocent', 'Innocent', 'Innocent', 'Innocent', 'Innocent', 'Innocent', 'Innocent', 'Innocent', 'Innocent', 'Innocent', 'Innocent', 'Innocent', 'Innocent', 'Innocent', 'Innocent', 'Innocent', 'Innocent', 'Innocent', 'Innocent', 'Innocent', 'Innocent', 'Innocent', 'Innocent', 'Innocent', 'Innocent', 'Innocent', 'Innocent', 'Innocent', 'Innocent', 'Innocent', 'Innocent', 'Innocent', 'Innocent', 'Innocent', 'Innocent', 'Innocent', 'Innocent', 'Innocent', 'Innocent', 'Innocent', 'Innocent', 'Innocent', 'Innocent', 'Innocent', 'Innocent', 'Innocent', 'Innocent', 'Innocent', 'Innocent', 'Innocent', 'Innocent', 'Innocent', 'Innocent', 'Innocent', 'Innocent', 'Innocent', 'Innocent', 'Innocent', 'Innocent', 'Innocent', 'Innocent', 'Innocent', 'Innocent', 'Innocent', 'Innocent', 'Innocent', 'Innocent', 'Innocent', 'Innocent', 'Innocent', 'Innocent', 'Innocent', 'Innocent', 'Innocent', 'Innocent', 'Innocent', 'Innocent', 'Innocent', 'Innocent', 'Innocent', 'Innocent', 'Innocent', 'Innocent', 'Innocent', 'Innocent', 'Innocent', 'Innocent', 'Innocent', 'Innocent', 'Innocent', 'Innocent', 'Innocent', 'Innocent', 'Innocent', 'Innocent', 'Innocent', 'Innocent', 'Innocent', 'Innocent', 'Innocent', 'Innocent', 'Innocent', 'Innocent', 'Innocent', 'Innocent', 'Innocent', 'Innocent', 'Innocent', 'Innocent', 'Innocent', 'Innocent', 'Innocent', 'Innocent', 'Innocent', 'Innocent', 'Innocent', 'Innocent', 'Innocent', 'Innocent', 'Innocent', 'Innocent', 'Innocent', 'Innocent', 'Innocent', 'Innocent', 'Innocent', 'Innocent', 'Innocent', 'Innocent', 'Innocent', 'Innocent', 'Innocent', 'Innocent', 'Innocent', 'Innocent', 'Innocent', 'Innocent', 'Innocent', 'Innocent', 'Innocent', 'Innocent', 'Innocent', 'Innocent', 'Innocent', 'Innocent', 'Innocent', 'Innocent', 'Innocent', 'Innocent', 'Innocent', 'Innocent', 'Innocent', 'Innocent', 'Innocent', 'Innocent', 'Innocent', 'Innocent', 'Innocent', 'Innocent', 'Innocent', 'Innocent', 'Innocent', 'Innocent', 'Innocent', 'Innocent', 'Innocent', 'Innocent', 'Innocent', 'Innocent', 'Innocent', 'Innocent', 'Innocent', 'Innocent', 'Innocent', 'Innocent', 'Innocent', 'Innocent', 'Innocent', 'Innocent', 'Innocent', 'Innocent', 'Innocent', 'Innocent', 'Innocent', 'Innocent', 'Innocent', 'Innocent', 'Innocent', 'Innocent', 'Innocent', 'Innocent', 'Innocent', 'Innocent', 'Innocent', 'Innocent', 'Innocent', 'Innocent', 'Innocent', 'Innocent', 'Innocent', 'Innocent', 'Innocent', 'Innocent', 'Innocent', 'Innocent', 'Innocent', 'Innocent', 'Innocent', 'Innocent', 'Innocent', 'Innocent', 'Innocent', 'Innocent', 'Innocent', 'Innocent', 'Innocent', 'Innocent', 'Innocent', 'Innocent', 'Innocent', 'Innocent', 'Innocent', 'Innocent', 'Innocent', 'Innocent', 'Innocent', 'Innocent', 'Innocent', 'Innocent', 'Innocent', 'Innocent', 'Innocent', 'Innocent', 'Innocent', 'Innocent', 'Innocent', 'Innocent', 'Innocent', 'Innocent', 'Innocent', 'Innocent', 'Innocent', 'Innocent', 'Innocent', 'Innocent', 'Innocent', 'Innocent', 'Innocent', 'Innocent', 'Innocent', 'Innocent', 'Innocent', 'Innocent', 'Innocent', 'Innocent', 'Innocent', 'Innocent', 'Innocent', 'Innocent', 'Innocent', 'Innocent', 'Innocent', 'Innocent', 'Innocent', 'Innocent', 'Innocent', 'Innocent', 'Innocent', 'Innocent', 'Innocent', 'Innocent', 'Innocent', 'Innocent', 'Innocent', 'Innocent', 'Innocent', 'Innocent', 'Innocent', 'Innocent', 'Innocent', 'Innocent', 'Innocent', 'Innocent', 'Innocent', 'Innocent', 'Innocent', 'Innocent', 'Innocent', 'Innocent', 'Innocent', 'Innocent', 'Innocent', 'Innocent', 'Innocent', 'Innocent', 'Innocent', 'Innocent', 'Innocent', 'Innocent', 'Innocent', 'Innocent', 'Innocent', 'Innocent', 'Innocent', 'Innocent', 'Innocent', 'Innocent', 'Innocent', 'Innocent', 'Innocent', 'Innocent', 'Innocent', 'Innocent', 'Innocent', 'Innocent', 'Innocent', 'Innocent', 'Innocent', 'Innocent', 'Innocent', 'Innocent', 'Innocent', 'Innocent', 'Innocent', 'Innocent', 'Innocent', 'Innocent', 'Innocent', 'Innocent', 'Innocent', 'Innocent', 'Innocent', 'Innocent', 'Innocent', 'Innocent', 'Innocent', 'Innocent', 'Innocent', 'Innocent', 'Innocent', 'Innocent', 'Innocent', 'Innocent', 'Innocent', 'Innocent', 'Innocent', 'Innocent', 'Innocent', 'Innocent', 'Innocent', 'Innocent', 'Innocent', 'Innocent', 'Innocent', 'Innocent', 'Innocent', 'Innocent', 'Innocent', 'Innocent', 'Innocent', 'Innocent', 'Innocent', 'Innocent', 'Innocent', 'Innocent', 'Innocent', 'Innocent', 'Innocent', 'Innocent', 'Innocent', 'Innocent', 'Innocent', 'Innocent', 'Innocent', 'Innocent', 'Innocent', 'Innocent', 'Innocent', 'Innocent', 'Innocent', 'Innocent', 'Innocent', 'Innocent', 'Innocent', 'Innocent', 'Innocent', 'Innocent', 'Innocent', 'Innocent', 'Innocent', 'Innocent', 'Innocent', 'Innocent', 'Innocent', 'Innocent', 'Innocent', 'Innocent', 'Innocent', 'Innocent', 'Innocent', 'Innocent', 'Innocent', 'Innocent', 'Innocent', 'Innocent', 'Innocent', 'Innocent', 'Innocent', 'Innocent', 'Innocent', 'Innocent', 'Innocent', 'Innocent', 'Innocent', 'Innocent', 'Innocent', 'Innocent', 'Innocent', 'Innocent', 'Innocent', 'Innocent', 'Innocent', 'Innocent', 'Innocent', 'Innocent', 'Innocent', 'Innocent', 'Innocent', 'Innocent', 'Innocent', 'Innocent', 'Innocent', 'Innocent', 'Innocent', 'Innocent', 'Innocent', 'Innocent', 'Innocent', 'Innocent', 'Innocent', 'Innocent', 'Innocent', 'Innocent', 'Innocent', 'Innocent', 'Innocent', 'Innocent', 'Innocent', 'Innocent', 'Innocent', 'Innocent', 'Innocent', 'Innocent', 'Innocent', 'Innocent', 'Innocent', 'Innocent', 'Innocent', 'Innocent', 'Innocent', 'Innocent', 'Innocent', 'Innocent', 'Innocent', 'Innocent', 'Innocent', 'Innocent', 'Innocent', 'Innocent', 'Innocent', 'Innocent', 'Innocent', 'Innocent', 'Innocent', 'Innocent', 'Innocent', 'Innocent', 'Innocent', 'Innocent', 'Innocent', 'Innocent', 'Innocent', 'Innocent', 'Innocent', 'Innocent', 'Innocent', 'Innocent', 'Innocent', 'Innocent', 'Innocent', 'Innocent', 'Innocent', 'Innocent', 'Innocent', 'Innocent', 'Innocent', 'Innocent', 'Innocent', 'Innocent', 'Innocent', 'Innocent', 'Innocent', 'Innocent', 'Innocent', 'Innocent', 'Innocent', 'Innocent', 'Innocent', 'Innocent', 'Innocent', 'Innocent', 'Innocent', 'Innocent', 'Innocent', 'Innocent', 'Innocent', 'Innocent', 'Innocent', 'Innocent', 'Innocent', 'Innocent', 'Innocent', 'Innocent', 'Innocent', 'Innocent', 'Innocent', 'Innocent', 'Innocent', 'Innocent', 'Innocent', 'Innocent', 'Innocent', 'Innocent', 'Innocent', 'Innocent', 'Innocent', 'Innocent', 'Innocent', 'Innocent', 'Innocent', 'Innocent', 'Innocent', 'Innocent', 'Innocent', 'Innocent', 'Innocent', 'Innocent', 'Innocent', 'Innocent', 'Innocent', 'Innocent', 'Innocent', 'Innocent', 'Innocent', 'Innocent', 'Innocent', 'Innocent', 'Innocent', 'Innocent', 'Innocent', 'Innocent', 'Innocent', 'Innocent', 'Innocent', 'Innocent', 'Innocent', 'Innocent', 'Innocent', 'Innocent', 'Innocent', 'Innocent', 'Innocent', 'Innocent', 'Innocent', 'Innocent', 'Innocent', 'Innocent', 'Innocent', 'Innocent', 'Innocent', 'Innocent', 'Innocent', 'Innocent', 'Innocent', 'Innocent', 'Innocent', 'Innocent', 'Innocent', 'Innocent', 'Innocent', 'Innocent', 'Innocent', 'Innocent', 'Innocent', 'Innocent', 'Innocent', 'Innocent', 'Innocent', 'Innocent', 'Innocent', 'Innocent', 'Innocent', 'Innocent', 'Innocent', 'Innocent', 'Innocent', 'Innocent', 'Innocent', 'Innocent', 'Innocent', 'Innocent', 'Innocent', 'Innocent', 'Innocent', 'Innocent', 'Innocent', 'Innocent', 'Innocent', 'Innocent', 'Innocent', 'Innocent', 'Innocent', 'Innocent', 'Innocent', 'Innocent', 'Innocent', 'Innocent', 'Innocent', 'Innocent', 'Innocent', 'Innocent', 'Innocent', 'Innocent', 'Innocent', 'Innocent', 'Innocent', 'Innocent', 'Innocent', 'Innocent', 'Innocent', 'Innocent', 'Innocent', 'Innocent', 'Innocent', 'Innocent', 'Innocent', 'Innocent', 'Innocent', 'Innocent', 'Innocent', 'Innocent', 'Innocent', 'Innocent', 'Innocent', 'Innocent', 'Innocent', 'Innocent', 'Innocent', 'Innocent', 'Innocent', 'Innocent', 'Innocent', 'Innocent', 'Innocent', 'Innocent', 'Innocent', 'Innocent', 'Innocent', 'Innocent', 'Innocent', 'Innocent', 'Innocent', 'Innocent', 'Innocent', 'Innocent', 'Innocent', 'Innocent', 'Innocent', 'Innocent', 'Innocent', 'Innocent', 'Innocent', 'Innocent', 'Innocent', 'Innocent', 'Innocent', 'Innocent', 'Innocent', 'Innocent', 'Innocent', 'Innocent', 'Innocent', 'Innocent', 'Innocent', 'Innocent', 'Innocent', 'Innocent', 'Innocent', 'Innocent', 'Innocent', 'Innocent', 'Innocent', 'Innocent', 'Innocent', 'Innocent', 'Innocent', 'Innocent', 'Innocent', 'Innocent', 'Innocent', 'Innocent', 'Innocent', 'Innocent', 'Innocent', 'Innocent', 'Innocent', 'Innocent', 'Innocent', 'Innocent', 'Innocent', 'Innocent', 'Innocent', 'Innocent', 'Innocent', 'Innocent', 'Innocent', 'Innocent', 'Innocent', 'Innocent', 'Innocent', 'Innocent', 'Innocent', 'Innocent', 'Innocent', 'Innocent', 'Innocent', 'Innocent', 'Innocent', 'Innocent', 'Innocent', 'Innocent', 'Innocent', 'Innocent', 'Innocent', 'Innocent', 'Innocent', 'Innocent', 'Innocent', 'Innocent', 'Innocent', 'Innocent', 'Innocent', 'Innocent', 'Innocent', 'Innocent', 'Innocent', 'Innocent', 'Innocent', 'Innocent', 'Innocent', 'Innocent', 'Innocent', 'Innocent', 'Innocent', 'Innocent', 'Innocent', 'Innocent', 'Innocent', 'Innocent', 'Innocent', 'Innocent', 'Innocent', 'Innocent', 'Innocent', 'Innocent', 'Innocent', 'Innocent', 'Innocent', 'Innocent', 'Innocent', 'Innocent', 'Innocent', 'Innocent', 'Innocent', 'Innocent', 'Innocent', 'Innocent', 'Innocent', 'Innocent', 'Innocent', 'Innocent', 'Innocent', 'Innocent', 'Innocent', 'Innocent', 'Innocent', 'Innocent', 'Innocent', 'Innocent', 'Innocent', 'Innocent', 'Innocent', 'Innocent', 'Innocent', 'Innocent', 'Innocent', 'Innocent', 'Innocent', 'Innocent', 'Innocent', 'Innocent', 'Innocent', 'Innocent', 'Innocent', 'Innocent', 'Innocent', 'Innocent', 'Innocent', 'Innocent', 'Innocent', 'Innocent', 'Innocent', 'Innocent', 'Innocent', 'Innocent', 'Innocent', 'Innocent', 'Innocent', 'Innocent', 'Innocent', 'Innocent', 'Innocent', 'Innocent', 'Innocent', 'Innocent', 'Innocent', 'Innocent', 'Innocent', 'Innocent', 'Innocent', 'Innocent', 'Innocent', 'Innocent', 'Innocent', 'Innocent', 'Innocent', 'Innocent', 'Innocent', 'Innocent', 'Innocent', 'Innocent', 'Innocent', 'Innocent', 'Innocent', 'Innocent', 'Innocent', 'Innocent', 'Innocent', 'Innocent', 'Innocent', 'Innocent', 'Innocent', 'Innocent', 'Innocent', 'Innocent', 'Innocent', 'Innocent', 'Innocent', 'Innocent', 'Innocent', 'Innocent', 'Innocent', 'Innocent', 'Innocent', 'Innocent', 'Innocent', 'Innocent', 'Innocent', 'Innocent', 'Innocent', 'Innocent', 'Innocent', 'Innocent', 'Innocent', 'Innocent', 'Innocent', 'Innocent', 'Innocent', 'Innocent', 'Innocent', 'Innocent', 'Innocent', 'Innocent', 'Innocent', 'Innocent', 'Innocent', 'Innocent', 'Innocent', 'Innocent', 'Innocent', 'Innocent', 'Innocent', 'Innocent', 'Innocent', 'Innocent', 'Innocent', 'Innocent', 'Innocent', 'Innocent', 'Innocent', 'Innocent', 'Innocent', 'Innocent', 'Innocent', 'Innocent', 'Innocent', 'Innocent', 'Innocent', 'Innocent', 'Innocent', 'Innocent', 'Innocent', 'Innocent', 'Innocent', 'Innocent', 'Innocent', 'Innocent', 'Innocent', 'Innocent', 'Innocent', 'Innocent', 'Innocent', 'Innocent', 'Innocent', 'Innocent', 'Innocent', 'Innocent', 'Innocent', 'Innocent', 'Innocent', 'Innocent', 'Innocent', 'Innocent', 'Innocent', 'Innocent', 'Innocent', 'Innocent', 'Innocent', 'Innocent', 'Innocent', 'Innocent', 'Innocent', 'Innocent', 'Innocent', 'Innocent', 'Innocent', 'Innocent', 'Innocent', 'Innocent', 'Innocent', 'Innocent', 'Innocent', 'Innocent', 'Innocent', 'Innocent', 'Innocent', 'Innocent', 'Innocent', 'Innocent', 'Innocent', 'Innocent', 'Innocent', 'Innocent', 'Innocent', 'Innocent', 'Innocent', 'Innocent', 'Innocent', 'Innocent', 'Innocent', 'Innocent', 'Innocent', 'Innocent', 'Innocent', 'Innocent', 'Innocent', 'Innocent', 'Innocent', 'Innocent', 'Innocent', 'Innocent', 'Innocent', 'Innocent', 'Innocent', 'Innocent', 'Innocent', 'Innocent', 'Innocent', 'Innocent', 'Innocent', 'Innocent', 'Innocent', 'Innocent', 'Innocent', 'Innocent', 'Innocent', 'Innocent', 'Innocent', 'Innocent', 'Innocent', 'Innocent', 'Innocent', 'Innocent', 'Innocent', 'Innocent', 'Innocent', 'Innocent', 'Innocent', 'Innocent', 'Innocent', 'Innocent', 'Innocent', 'Innocent', 'Innocent', 'Innocent', 'Innocent', 'Innocent', 'Innocent', 'Innocent', 'Innocent', 'Innocent', 'Innocent', 'Innocent', 'Innocent', 'Innocent', 'Innocent', 'Innocent', 'Innocent', 'Innocent', 'Innocent', 'Innocent', 'Innocent', 'Innocent', 'Innocent', 'Innocent', 'Innocent', 'Innocent', 'Innocent', 'Innocent', 'Innocent', 'Innocent', 'Innocent', 'Innocent', 'Innocent', 'Innocent', 'Innocent', 'Innocent', 'Innocent', 'Innocent', 'Innocent', 'Innocent', 'Innocent', 'Innocent', 'Innocent', 'Innocent', 'Innocent', 'Innocent', 'Innocent', 'Innocent', 'Innocent', 'Innocent', 'Innocent', 'Innocent', 'Innocent', 'Innocent', 'Innocent', 'Innocent', 'Innocent', 'Innocent', 'Innocent', 'Innocent', 'Innocent', 'Innocent', 'Innocent', 'Innocent', 'Innocent', 'Innocent', 'Innocent', 'Innocent', 'Innocent', 'Innocent', 'Innocent', 'Innocent', 'Innocent', 'Innocent', 'Innocent', 'Innocent', 'Innocent', 'Innocent', 'Innocent', 'Innocent', 'Innocent', 'Innocent', 'Innocent', 'Innocent', 'Innocent', 'Innocent', 'Innocent', 'Innocent', 'Innocent', 'Innocent', 'Innocent', 'Innocent', 'Innocent', 'Innocent', 'Innocent', 'Innocent', 'Innocent', 'Innocent', 'Innocent', 'Innocent', 'Innocent', 'Innocent', 'Innocent', 'Innocent', 'Innocent', 'Innocent', 'Innocent', 'Innocent', 'Innocent', 'Innocent', 'Innocent', 'Innocent', 'Innocent', 'Innocent', 'Innocent', 'Innocent', 'Innocent', 'Innocent', 'Innocent', 'Innocent', 'Innocent', 'Innocent', 'Innocent', 'Innocent', 'Innocent', 'Innocent', 'Innocent', 'Innocent', 'Innocent', 'Innocent', 'Innocent', 'Innocent', 'Innocent', 'Innocent', 'Innocent', 'Innocent', 'Innocent', 'Innocent', 'Innocent', 'Innocent', 'Innocent', 'Innocent', 'Innocent', 'Innocent', 'Innocent', 'Innocent', 'Innocent', 'Innocent', 'Innocent', 'Innocent', 'Innocent', 'Innocent', 'Innocent', 'Innocent', 'Innocent', 'Innocent', 'Innocent', 'Innocent', 'Innocent', 'Innocent', 'Innocent', 'Innocent', 'Innocent', 'Innocent', 'Innocent', 'Innocent', 'Innocent', 'Innocent', 'Innocent', 'Innocent', 'Innocent', 'Innocent', 'Innocent', 'Innocent', 'Innocent', 'Innocent', 'Innocent', 'Innocent', 'Innocent', 'Innocent', 'Innocent', 'Innocent', 'Innocent', 'Innocent', 'Innocent', 'Innocent', 'Innocent', 'Innocent', 'Innocent', 'Innocent', 'Innocent', 'Innocent', 'Innocent', 'Innocent', 'Innocent', 'Innocent', 'Innocent', 'Innocent', 'Innocent', 'Innocent', 'Innocent', 'Innocent', 'Innocent', 'Innocent', 'Innocent', 'Innocent', 'Innocent', 'Innocent', 'Innocent', 'Innocent', 'Innocent', 'Innocent', 'Innocent', 'Innocent', 'Innocent', 'Innocent', 'Innocent', 'Innocent', 'Innocent', 'Innocent', 'Innocent', 'Innocent', 'Innocent', 'Innocent', 'Innocent', 'Innocent', 'Innocent', 'Innocent', 'Innocent', 'Innocent', 'Innocent', 'Innocent', 'Innocent', 'Innocent', 'Innocent', 'Innocent', 'Innocent', 'Innocent', 'Innocent', 'Innocent', 'Innocent', 'Innocent', 'Innocent', 'Innocent', 'Innocent', 'Innocent', 'Innocent', 'Innocent', 'Innocent', 'Innocent', 'Innocent', 'Innocent', 'Innocent', 'Innocent', 'Innocent', 'Innocent', 'Innocent', 'Innocent', 'Innocent', 'Innocent', 'Innocent', 'Innocent', 'Innocent', 'Innocent', 'Innocent', 'Innocent', 'Innocent', 'Innocent', 'Innocent', 'Innocent', 'Innocent', 'Innocent', 'Innocent', 'Innocent', 'Innocent', 'Innocent', 'Innocent', 'Innocent', 'Innocent', 'Innocent', 'Innocent', 'Innocent', 'Innocent', 'Innocent', 'Innocent', 'Innocent', 'Innocent', 'Innocent', 'Innocent', 'Innocent', 'Innocent', 'Innocent', 'Innocent', 'Innocent', 'Innocent', 'Innocent', 'Innocent', 'Innocent', 'Innocent', 'Innocent', 'Innocent', 'Innocent', 'Innocent', 'Innocent', 'Innocent', 'Innocent', 'Innocent', 'Innocent', 'Innocent', 'Innocent', 'Innocent', 'Innocent', 'Innocent', 'Innocent', 'Innocent', 'Innocent', 'Innocent', 'Innocent', 'Innocent', 'Innocent', 'Innocent', 'Innocent', 'Innocent', 'Innocent', 'Innocent', 'Innocent', 'Innocent', 'Innocent', 'Innocent', 'Innocent', 'Innocent', 'Innocent', 'Innocent', 'Innocent', 'Innocent', 'Innocent', 'Innocent', 'Innocent', 'Innocent', 'Innocent', 'Innocent', 'Innocent', 'Innocent', 'Innocent', 'Innocent', 'Innocent', 'Innocent', 'Innocent', 'Innocent', 'Innocent', 'Innocent', 'Innocent', 'Innocent', 'Innocent', 'Innocent', 'Innocent', 'Innocent', 'Innocent', 'Innocent', 'Innocent', 'Innocent', 'Innocent', 'Innocent', 'Innocent', 'Innocent', 'Innocent', 'Innocent', 'Innocent', 'Innocent', 'Innocent', 'Innocent', 'Innocent', 'Innocent', 'Innocent', 'Innocent', 'Innocent', 'Innocent', 'Innocent', 'Innocent', 'Innocent', 'Innocent', 'Innocent', 'Innocent', 'Innocent', 'Innocent', 'Innocent', 'Innocent', 'Innocent', 'Innocent', 'Innocent', 'Innocent', 'Innocent', 'Innocent', 'Innocent', 'Innocent', 'Innocent', 'Innocent', 'Innocent', 'Innocent', 'Innocent', 'Innocent', 'Innocent', 'Innocent', 'Innocent', 'Innocent', 'Innocent', 'Innocent', 'Innocent', 'Innocent', 'Innocent', 'Innocent', 'Innocent', 'Innocent', 'Innocent', 'Innocent', 'Innocent', 'Innocent', 'Innocent', 'Innocent', 'Innocent', 'Innocent', 'Innocent', 'Innocent', 'Innocent', 'Innocent', 'Innocent', 'Innocent', 'Innocent', 'Innocent', 'Innocent', 'Innocent', 'Innocent', 'Innocent', 'Innocent', 'Innocent', 'Innocent', 'Innocent', 'Innocent', 'Innocent', 'Innocent', 'Innocent', 'Innocent', 'Innocent', 'Innocent', 'Innocent', 'Innocent', 'Innocent', 'Innocent', 'Innocent', 'Innocent', 'Innocent', 'Innocent', 'Innocent', 'Innocent', 'Innocent', 'Innocent', 'Innocent', 'Innocent', 'Innocent', 'Innocent', 'Innocent', 'Innocent', 'Innocent', 'Innocent', 'Innocent', 'Innocent', 'Innocent', 'Innocent', 'Innocent', 'Innocent', 'Innocent', 'Innocent', 'Innocent', 'Innocent', 'Innocent']",NA,NA,NA,1137.2532027999405,1244.2351888498524,2022-11-03 17:33:42.103104,2022-11-03 17:35:29.081354,['Frame: 1| Time: 2022-11-03 17:33:42.121965'],SR-1371,2022_Nov_03_1715,certainty_neuro,2021.2.3,59.978539668710326,
isiFunc,NA,NA,NA,NA,+,NA,1244.2263812000165,1246.2105013501132,2022-11-03 17:35:29.091203,2022-11-03 17:35:31.091135,NA,SR-1371,2022_Nov_03_1715,certainty_neuro,2021.2.3,59.978539668710326,
instrFunc,NA,NA,NA,1,"The episode will be broken into two clearly defined parts.

You will provide ratings while watching the first part, but not provide ratings while watching the second part.


Press the thumb button when ready to continue. ",5.222325299982913,1246.2419768999098,1251.5105028500548,2022-11-03 17:35:31.091135,2022-11-03 17:35:36.344834,NA,SR-1371,2022_Nov_03_1715,certainty_neuro,2021.2.3,59.978539668710326,
instrFunc,NA,NA,NA,1,"These assessments tend to be flexible, and may shift upon hearing something that a character says or seeing something that a character does.

We ask that you update your assessments at any point where your certainty of the character's guilt or innocence changes.


Press the thumb button when ready to continue.",7.111722300061956,1251.4926131999819,1258.6371978500392,2022-11-03 17:35:36.344834,2022-11-03 17:35:43.478009,NA,SR-1371,2022_Nov_03_1715,certainty_neuro,2021.2.3,59.978539668710326,
instrFunc,NA,NA,NA,1,"The episode you will be watching has been available to stream and has been broadcasted on television.

It contains adult themes and graphic language. While these clips will portray a character accused of a violent crime, as well as verbal descriptions of the crime, the crimes themselves will not be shown, nor will any other violent graphic visual content.


Press the thumb button when ready to continue.",8.548721699975431,1258.6265295000048,1267.221816150006,2022-11-03 17:35:43.478009,2022-11-03 17:35:52.062586,NA,SR-1371,2022_Nov_03_1715,certainty_neuro,2021.2.3,59.978539668710326,
instrFunc,NA,NA,NA,1,"NOTE: Before and after each video, a spinning checkerboard will appear for 30 seconds. Your attention to the screen during these brief events is necessary for us to acquire baseline data. Please be sure to be looking at the screen when these occur.


Press the thumb button when ready to continue.",10.361224499996752,1267.2120283999247,1277.6048587498954,2022-11-03 17:35:52.062586,2022-11-03 17:36:02.444838,NA,SR-1371,2022_Nov_03_1715,certainty_neuro,2021.2.3,59.978539668710326,
instrFunc,NA,NA,NA,1,"We will now begin the first part.

You will use your button pad to provide ratings of your certainty. Please remember to not press any buttons when not attempting to modify your ratings.


Press the thumb button when ready to continue.",4.613901100005023,1277.589307499933,1282.2340609498788,2022-11-03 17:36:02.444838,2022-11-03 17:36:07.078776,NA,SR-1371,2022_Nov_03_1715,certainty_neuro,2021.2.3,59.978539668710326,
instrFunc,NA,NA,NA,1,"You will be assessing the innocence or guilt of the accused character, Jonathan Fraser, throughout the video. We will now provide backstory for the episode.


Press the thumb button when ready to continue.",7.883299400098622,1282.2230131999822,1290.1329432501225,2022-11-03 17:36:07.078776,2022-11-03 17:36:14.977996,NA,SR-1371,2022_Nov_03_1715,certainty_neuro,2021.2.3,59.978539668710326,
backinfoFunc,NA,NA,NA,1,"Elena Alves was found murdered. She had been having an affair with Jonathan Fraser, the doctor who had been treating her son's cancer, and they had been together on the night of her murder.


Press the thumb button when ready to continue.",12.879381999955513,1290.1608259999193,1303.0660677499836,2022-11-03 17:36:15.014197,2022-11-03 17:36:27.912043,NA,SR-1371,2022_Nov_03_1715,certainty_neuro,2021.2.3,59.978539668710326,
backinfoFunc,NA,NA,NA,1,"Elena's son, Miguel, goes to school with Jonathan's son, Henry.


Press the thumb button when ready to continue. ",8.888840900035575,1303.1044636999723,1312.0264577000635,2022-11-03 17:36:27.963572,2022-11-03 17:36:36.877825,NA,SR-1371,2022_Nov_03_1715,certainty_neuro,2021.2.3,59.978539668710326,
backinfoFunc,NA,NA,NA,1,"Jonathan is married to Grace Fraser and Elena was married to Fernando Alves.


Press the thumb button when ready to continue.",7.616353200050071,1312.064594800002,1319.7153228999814,2022-11-03 17:36:36.924693,2022-11-03 17:36:44.561011,NA,SR-1371,2022_Nov_03_1715,certainty_neuro,2021.2.3,59.978539668710326,
backinfoFunc,NA,NA,NA,1,"Following that night, Jonathan briefly ran away before reappearing to his wife and child. Jonathan has been arrested in connection with the murder but maintains his innocence.


Press the thumb button when ready to continue. ",9.549814000027254,1319.715490499977,1329.285332450061,2022-11-03 17:36:44.573010,2022-11-03 17:36:54.144791,NA,SR-1371,2022_Nov_03_1715,certainty_neuro,2021.2.3,59.978539668710326,
backinfoFunc,NA,NA,NA,1,"The episode follows Grace, Jonathan, and members of their family through the investigation.


Press the thumb button when ready to continue.",18.138597800047137,1329.3105704999762,1347.4700524999062,2022-11-03 17:36:54.170718,2022-11-03 17:37:12.328779,NA,SR-1371,2022_Nov_03_1715,certainty_neuro,2021.2.3,59.978539668710326,
backinfoFunc,NA,NA,NA,1,"Throughout this video, you will be assessing the innocence or guilt of Jonathan Faser. Your decision could be influenced by things Jonathan says or does, or could be influenced by things other characters say or do, even if Jonathan is not on screen.


Press the thumb button when ready to continue. ",8.372326000011526,1347.4848023999948,1355.8716146500083,2022-11-03 17:37:12.340734,2022-11-03 17:37:20.728526,NA,SR-1371,2022_Nov_03_1715,certainty_neuro,2021.2.3,59.978539668710326,
backinfoFunc,NA,NA,NA,1,"Even if Jonathan Fraser is not on screen, please make sure your ratings reflect your judgments of his innocence or guilt.


Press the thumb button when ready to continue. ",2.538990700035356,1355.8794032000005,1358.4371077500982,2022-11-03 17:37:20.737502,2022-11-03 17:37:23.294950,NA,SR-1371,2022_Nov_03_1715,certainty_neuro,2021.2.3,59.978539668710326,
isiFunc,NA,NA,NA,NA,+,NA,1358.4390431999927,1360.4492284499574,2022-11-03 17:37:23.294950,2022-11-03 17:37:25.294058,NA,SR-1371,2022_Nov_03_1715,certainty_neuro,2021.2.3,59.978539668710326,
triggerFunc,NA,NA,NA,equal,The video will begin momentarily....,56.96453090000432,1360.4397697999375,1417.4355821500067,2022-11-03 17:37:25.294058,2022-11-03 17:38:22.277558,NA,SR-1371,2022_Nov_03_1715,certainty_neuro,2021.2.3,59.978539668710326,
isiFunc,NA,NA,NA,NA,+,NA,1417.4222458999138,1447.4316579499282,2022-11-03 17:38:22.277558,2022-11-03 17:38:52.276533,NA,SR-1371,2022_Nov_03_1715,certainty_neuro,2021.2.3,59.978539668710326,
playingFunc,StimVidRadCheck24s_PinkNoise.mp4,NA,NA,NA,NA,NA,1447.8055626000044,1471.9564484000205,2022-11-03 17:38:52.674043,2022-11-03 17:39:16.826804,['Frame: 1| Time: 2022-11-03 17:38:52.677995'],SR-1371,2022_Nov_03_1715,certainty_neuro,2021.2.3,59.978539668710326,
ratingFunc,StimVidTestFirstHalf_comp.mp4,"['0', '0', '0', '0', '0', '0', '0', '0', '0', '0', '0', '0', '0', '0', '0', '0', '0', '0', '0', '0', '0', '0', '0', '0', '0', '0', '0', '0', '0', '0', '0', '0', '0', '0', '0', '0', '0', '0', '0', '0', '0', '0', '0', '0', '0', '0', '0', '0', '0', '0', '0', '0', '0', '0', '0', '0', '0', '0', '0', '0', '0', '0', '0', '0', '0', '0', '0', '0', '0', '0', '0', '0', '0', '0', '0', '0', '0', '0', '0', '0', '0', '0', '0', '0', '0', '0', '0', '0', '0', '0', '0', '0', '0', '0', '0', '0', '0', '0', '0', '0', '0', '0', '0', '0', '0', '0', '0', '0', '0', '0', '0', '0', '0', '0', '0', '0', '0', '0', '0', '0', '0', '0', '0', '0', '0', '0', '0', '0', '0', '0', '0', '0', '0', '0', '0', '0', '0', '0', '0', '0', '0', '0', '0', '0', '0', '0', '0', '0', '0', '0', '0', '0', '0', '0', '0', '0', '0', '0', '0', '0', '0', '0', '0', '0', '0', '0', '0', '0', '0', '0', '0', '0', '0', '0', '0', '0', '0', '0', '0', '0', '0', '0', '0', '0', '0', '0', '0', '0', '0', '0', '0', '0', '0', '0', '0', '0', '0', '0', '0', '0', '0', '0', '0', '0', '0', '0', '0', '0', '0', '0', '0', '0', '0', '0', '0', '0', '0', '0', '0', '0', '0', '0', '0', '0', '0', '0', '0', '0', '0', '0', '0', '0', '0', '0', '0', '0', '0', '0', '0', '0', '0', '0', '0', '0', '0', '0', '0', '0', '0', '0', '0', '0', '0', '0', '0', '0', '0', '0', '0', '0', '0', '0', '0', '0', '0', '0', '0', '0', '0', '0', '0', '0', '0', '0', '0', '0', '0', '0', '0', '0', '0', '0', '0', '0', '0', '0', '0', '0', '0', '0', '0', '0', '0', '0', '0', '0', '0', '0', '0', '0', '0', '0', '0', '0', '0', '0', '0', '0', '0', '0', '0', '0', '0', '0', '0', '0', '0', '0', '0', '0', '0', '0', '0', '0', '0', '0', '0', '0', '0', '0', '0', '0', '0', '0', '0', '0', '0', '0', '0', '0', '0', '0', '0', '0', '0', '0', '0', '0', '0', '0', '0', '0', '0', '0', '0', '0', '0', '0', '0', '0', '0', '0', '0', '0', '0', '0', '0', '0', '0', '0', '0', '0', '0', '0', '0', '0', '0', '0', '0', '0', '0', '0', '0', '0', '0', '0', '0', '0', '0', '0', '0', '0', '0', '0', '0', '0', '0', '0', '0', '0', '0', '0', '0', '0', '0', '0', '0', '0', '0', '0', '0', '0', '0', '0', '0', '0', '0', '0', '0', '0', '0', '0', '0', '0', '0', '0', '0', '0', '0', '0', '0', '0', '0', '0', '0', '0', '0', '0', '0', '0', '0', '0', '0', '0', '0', '0', '0', '0', '0', '0', '0', '0', '0', '0', '0', '0', '0', '0', '0', '0', '0', '0', '0', '0', '0', '0', '0', '0', '0', '0', '0', '0', '0', '0', '0', '0', '0', '0', '0', '0', '0', '0', '0', '0', '0', '0', '0', '0', '0', '0', '0', '0', '0', '0', '0', '0', '0', '0', '0', '0', '0', '0', '0', '0', '0', '0', '0', '0', '0', '0', '0', '0', '0', '0', '0', '0', '0', '0', '0', '0', '0', '0', '0', '0', '0', '0', '0', '0', '0', '0', '0', '0', '0', '0', '0', '0', '0', '0', '0', '0', '0', '0', '0', '0', '0', '0', '0', '0', '0', '0', '0', '0', '0', '0', '0', '0', '0', '0', '0', '0', '0', '0', '0', '0', '0', '0', '0', '0', '0', '0', '0', '0', '0', '0', '0', '0', '0', '0', '0', '0', '0', '0', '0', '0', '0', '0', '0', '0', '0', '0', '0', '0', '0', '0', '0', '0', '0', '0', '0', '0', '0', '0', '0', '0', '0', '0', '0', '0', '0', '0', '0', '0', '0', '0', '0', '0', '0', '0', '0', '0', '0', '0', '0', '0', '0', '0', '0', '0', '0', '0', '0', '0', '0', '0', '0', '0', '0', '0', '0', '0', '0', '0', '0', '0', '0', '0', '0', '0', '0', '0', '0', '0', '0', '0', '0', '0', '0', '0', '0', '0', '0', '0', '0', '0', '0', '0', '0', '0', '0', '0', '0', '0', '0', '0', '0', '0', '0', '0', '0', '0', '0', '0', '0', '0', '0', '0', '0', '0', '0', '0', '0', '0', '0', '0', '0', '0', '0', '0', '0', '0', '0', '0', '0', '0', '0', '0', '0', '0', '0', '0', '0', '0', '0', '0', '0', '0', '0', '0', '0', '0', '0', '0', '0', '0', '0', '0', '0', '0', '0', '0', '0', '0', '0', '0', '0', '0', '0', '0', '0', '0', '0', '0', '0', '0', '0', '0', '0', '0', '0', '0', '0', '0', '0', '0', '0', '0', '0', '0', '0', '0', '0', '0', '0', '0', '0', '0', '0', '0', '0', '0', '0', '0', '0', '0', '0', '0', '0', '0', '0', '0', '0', '0', '0', '0', '0', '0', '0', '0', '0', '0', '0', '0', '0', '0', '0', '0', '0', '0', '0', '0', '0', '0', '0', '0', '0', '0', '0', '0', '0', '0', '0', '0', '0', '0', '0', '0', '0', '0', '0', '0', '0', '0', '0', '0', '0', '0', '0', '0', '0', '0', '0', '0', '0', '0', '0', '0', '0', '0', '0', '0', '0', '0', '0', '0', '0', '0', '0', '0', '0', '0', '0', '0', '0', '0', '0', '0', '0', '0', '0', '0', '0', '0', '0', '0', '0', '0', '0', '0', '0', '0', '0', '0', '0', '0', '0', '0', '0', '0', '0', '0', '0', '0', '0', '0', '0', '0', '0', '0', '0', '0', '0', '0', '0', '0', '0', '0', '0', '0', '0', '0', '0', '0', '0', '0', '0', '0', '0', '0', '0', '0', '0', '0', '0', '0', '0', '0', '0', '0', '0', '0', '0', '0', '0', '0', '0', '0', '0', '0', '0', '0', '0', '0', '0', '0', '0', '0', '0', '0', '0', '0', '0', '0', '0', '0', '0', '0', '0', '0', '0', '0', '0', '0', '0', '0', '0', '0', '0', '0', '0', '0', '0', '0', '0', '0', '0', '0', '0', '0', '0', '0', '0', '0', '0', '0', '0', '0', '0', '0', '0', '0', '0', '0', '0', '0', '0', '0', '0', '0', '0', '0', '0', '0', '0', '0', '0', '0', '0', '0', '0', '0', '0', '0', '0', '0', '0', '0', '0', '0', '0', '0', '0', '0', '0', '0', '0', '0', '0', '0', '0', '0', '0', '0', '0', '0', '0', '0', '0', '0', '0', '0', '0', '0', '0', '0', '0', '0', '0', '0', '0', '0', '0', '0', '0', '0', '0', '0', '0', '0', '0', '0', '0', '0', '0', '0', '0', '0', '0', '0', '0', '0', '0', '0', '0', '0', '0', '0', '0', '0', '0', '0', '0', '0', '0', '0', '0', '0', '0', '0', '0', '0', '0', '0', '0', '0', '0', '0', '0', '0', '0', '0', '0', '0', '0', '0', '0', '0', '0', '0', '0', '0', '0', '0', '0', '0', '0', '0', '0', '0', '0', '0', '0', '0', '0', '0', '0', '0', '0', '0', '0', '0', '0', '0', '0', '0', '0', '0', '0', '0', '0', '0', '0', '0', '0', '0', '0', '0', '0', '0', '0', '0', '0', '0', '0', '0', '0', '0', '0', '0', '0', '0', '0', '0', '0', '0', '0', '0', '0', '0', '0', '0', '0', '0', '0', '0', '0', '0', '0', '0', '0', '0', '0', '0', '0', '0', '0', '0', '0', '0', '0', '0', '0', '0', '0', '0', '0', '0', '0', '0', '0', '0', '0', '0', '0', '0', '0', '0', '0', '0', '0', '0', '0', '0', '0', '0', '0', '0', '0', '0', '0', '0', '0', '0', '0', '0', '0', '0', '0', '0', '0', '0', '0', '0', '0', '0', '0', '0', '0', '0', '0', '0', '0', '0', '0', '0', '0', '0', '0', '0', '0', '0', '0', '0', '0', '0', '0', '0', '0', '0', '0', '0', '0', '0', '0', '0', '0', '0', '0', '0', '0', '0', '0', '0', '0', '0', '0', '0', '0', '0', '0', '0', '0', '0', '0', '0', '0', '0', '0', '0', '0', '0', '0', '0', '0', '0', '0', '0', '0', '0', '0', '0', '0', '0', '0', '0', '0', '0', '0', '0', '0', '0', '0', '0', '0', '0', '0', '0', '0', '0', '0', '0', '0', '0', '0', '0', '0', '0', '0', '0', '0', '0', '0', '0', '0', '0', '0', '0', '0', '0', '0', '0', '0', '0', '0', '0', '0', '0', '0', '0', '0', '0', '0', '0', '0', '0', '0', '0', '0', '0', '0', '0', '0', '0', '0', '0', '0', '0', '0', '0', '0', '0', '0', '0', '0', '0', '0', '0', '0', '0', '0', '0', '0', '0', '0', '0', '0', '0', '0', '0', '0', '0', '0', '0', '0', '0', '0', '0', '0', '0', '0', '0', '0', '0', '0', '0', '0', '0', '0', '0', '0', '0', '0', '0', '0', '0', '0', '0', '0', '0', '0', '0', '0', '0', '0', '0', '0', '0', '0', '0', '0', '0', '0', '0', '0', '0', '0', '0', '0', '0', '0', '0', '0', '0', '0', '0', '0', '0', '0', '0', '0', '0', '0', '0', '0', '0', '0', '0', '0', '0', '0', '0', '0', '0', '0', '0', '0', '0', '0', '0', '0', '0', '0', '0', '0', '0', '0', '0', '0', '0', '0', '0', '0', '0', '0', '0', '0', '0', '0', '0', '0', '0', '0', '0', '0', '0', '0', '0', '0', '0', '0', '0', '0', '0', '0', '0', '0', '0', '0', '0', '0', '0', '0', '0', '0', '0', '0', '0', '0', '0', '0', '0', '0', '0', '0', '0', '0', '0', '0', '0', '0', '0', '0', '0', '0', '0', '0', '0', '0', '0', '0', '0', '0', '0', '0', '0', '0', '0', '0', '0', '0', '0', '0', '0', '0', '0', '0', '0', '0', '0', '0', '0', '0', '0', '0', '0', '0', '0', '0', '0', '0', '0', '0', '0', '0', '0', '0', '0', '0', '0', '0', '0', '0', '0', '0', '0', '0', '0', '0', '0', '0', '0', '0', '0', '0', '0', '0', '0', '0', '0', '0', '0', '0', '0', '0', '0', '0', '0', '0', '0', '0', '0', '0', '0', '0', '0', '0', '0', '0', '0', '0', '0', '0', '0', '0', '0', '0', '0', '0', '0', '0', '0', '0', '0', '0', '0', '0', '0', '0', '0', '0', '0', '0', '0', '0', '0', '0', '0', '0', '0', '0', '0', '0', '0', '0', '0', '0', '0', '0', '0', '0', '0', '0', '0', '0', '0', '0', '0', '0', '0', '0', '0', '0', '0', '0', '0', '0', '0', '0', '0', '0', '0', '0', '0', '0', '0', '0', '0', '0', '0', '0', '0', '0', '0', '0', '0', '0', '0', '0', '0', '0', '0', '0', '0', '0', '0', '0', '0', '0', '0', '0', '0', '0', '0', '0', '0', '0', '0', '0', '0', '0', '0', '0', '0', '0', '0', '0', '0', '0', '0', '0', '0', '0', '0', '0', '0', '0', '0', '0', '0', '0', '0', '0', '0', '0', '0', '0', '0', '0', '0', '0', '0', '0', '0', '0', '0', '0', '0', '0', '0', '0', '0', '0', '0', '0', '0', '0', '0', '0', '0', '0', '0', '0', '0', '0', '0', '0', '0', '0', '0', '0', '0', '0', '0', '0', '0', '0', '0', '0', '0', '0', '0', '0', '0', '0', '0', '0', '0', '0', '0', '0', '0', '0', '0', '0', '0', '0', '0', '0', '0', '0', '0', '0', '0', '0', '0', '0', '0', '0', '0', '0', '0', '0', '0', '0', '0', '0', '0', '0', '0', '0', '0', '0', '0', '0', '0', '0', '0', '0', '0', '0', '0', '0', '0', '0', '0', '0', '0', '0', '0', '0', '0', '0', '0', '0', '0', '0', '0', '0', '0', '0', '0', '0', '0', '0', '0', '0', '0', '0', '0', '0', '0', '0', '0', '0', '0', '0', '0', '0', '0', '0', '0', '0', '0', '0', '0', '0', '0', '0', '0', '0', '0', '0', '0', '0', '0', '0', '0', '0', '0', '0', '0', '0', '0', '0', '0', '0', '0', '0', '0', '0', '0', '0', '0', '0', '0', '0', '0', '0', '0', '0', '0', '0', '0', '0', '0', '0', '0', '0', '0', '0', '0', '0', '0', '0', '0', '0', '0', '0', '0', '0', '0', '0', '0', '0', '0', '0', '0', '0', '0', '0', '0', '0', '0', '0', '0', '0', '0', '0', '0', '0', '0', '0', '0', '0', '0', '0', '0', '0', '0', '0', '0', '0', '0', '0', '0', '0', '0', '0', '0', '0', '0', '0', '0', '0', '0', '0', '0', '0', '0', '0', '0', '0', '0', '0', '0', '0', '0', '0', '0', '0', '0', '0', '0', '0', '0', '0', '0', '0', '0', '0', '0', '0', '0', '0', '0', '0', '0', '0', '0', '0', '0', '0', '0', '0', '0', '0', '0', '0', '0', '0', '0', '0', '0', '0', '0', '0', '0', '0', '0', '0', '0', '0', '0', '0', '0', '0', '0', '0', '0', '0', '0', '0', '0', '0', '0', '0', '0', '0', '0', '0', '0', '0', '0', '0', '0', '0', '0', '0', '0', '0', '0', '0', '0', '0', '0', '0', '0', '0', '0', '0', '0', '0', '0', '0', '0', '0', '0', '0', '0', '0', '0', '0', '0', '0', '0', '0', '0', '0', '0', '0', '0', '0', '0', '0', '0', '0', '0', '0', '0', '0', '0', '0', '0', '0', '0', '0', '0', '0', '0', '0', '0', '0', '0', '0', '0', '0', '0', '0', '0', '0', '0', '0', '0', '0', '0', '0', '0', '0', '0', '0', '0', '0', '0', '0', '0', '0', '0', '0', '0', '0', '0', '0', '0', '0', '0', '0', '0', '0', '0', '0', '0', '0', '0', '0', '0', '0', '0', '0', '0', '0', '0', '0', '0', '0', '0', '0', '0', '0', '0', '0', '0', '0', '0', '0', '0', '0', '0', '0', '0', '0', '0', '0', '0', '0', '0', '0', '0', '0', '0', '0', '0', '0', '0', '0', '0', '0', '0', '0', '0', '0', '0', '0', '0', '0', '0', '0', '0', '0', '0', '0', '0', '0', '0', '0', '0', '0', '0', '0', '0', '0', '0', '0', '0', '0', '0', '0', '0', '0', '0', '0', '0', '0', '0', '0', '0', '0', '0', '0', '0', '0', '0', '0', '0', '0', '0', '0', '0', '0', '0', '0', '0', '0', '0', '0', '0', '0', '0', '0', '0', '0', '0', '0', '0', '0', '0', '0', '0', '0', '0', '0', '0', '0', '0', '0', '0', '0', '0', '0', '0', '0', '0', '0', '0', '0', '0', '0', '0', '0', '0', '0', '0', '0', '0', '0', '0', '0', '0', '0', '0', '0', '0', '0', '0', '0', '0', '0', '0', '0', '0', '0', '0', '0', '0', '0', '0', '0', '0', '0', '0', '0', '0', '0', '0', '0', '0', '0', '0', '0', '0', '0', '0', '0', '0', '0', '0', '0', '0', '0', '0', '0', '0', '0', '0', '0', '0', '0', '0', '0', '0', '0', '0', '0', '0', '0', '0', '0', '0', '0', '0', '0', '0', '0', '0', '0', '0', '0', '0', '0', '0', '0', '0', '0', '0', '0', '0', '0', '0', '0', '0', '0', '0', '0', '0', '0', '0', '0', '0', '0', '0', '0', '0', '0', '0', '0', '0', '0', '0', '0', '0', '0', '0', '0', '0', '0', '0', '0', '0', '0', '0', '0', '0', '0', '0', '0', '0', '0', '0', '0', '0', '0', '0', '0', '0', '0', '0', '0', '0', '0', '0', '0', '0', '0', '0', '0', '0', '0', '0', '0', '0', '0', '0', '0', '0', '0', '0', '0', '0', '0', '0', '0', '0', '0', '0', '0', '0', '0', '0', '0', '0', '0', '0', '0', '0', '0', '0', '0', '0', '0', '0', '0', '0', '0', '0', '0', '0', '0', '0', '0', '0', '0', '0', '0', '0', '0', '0', '0', '0', '0', '0', '0', '0', '0', '0', '0', '0', '0', '0', '0', '0', '0', '0', '0', '0', '0', '0', '0', '0', '0', '0', '0', '0', '0', '0', '0', '0', '0', '0', '0', '0', '0', '0', '0', '0', '0', '0', '0', '0', '0', '0', '0', '0', '0', '0', '0', '0', '0', '0', '0', '0', '0', '0', '0', '0', '0', '0', '0', '0', '0', '0', '0', '0', '0', '0', '0', '0', '0', '0', '0', '0', '0', '0', '0', '0', '0', '0', '0', '0', '0', '0', '0', '0', '0', '0', '0', '0', '0', '0', '0', '0', '0', '0', '0', '0', '0', '0', '0', '0', '0', '0', '0', '0', '0', '0', '0', '0', '0', '0', '0', '0', '0', '0', '0', '0', '0', '0', '0', '0', '0', '0', '0', '0', '0', '0', '0', '0', '0', '0', '0', '0', '0', '0', '0', '0', '0', '0', '0', '0', '0', '0', '0', '0', '0', '0', '0', '0', '0', '0', '0', '0', '0', '0', '0', '0', '0', '0', '0', '0', '0', '0', '0', '0', '0', '0', '0', '0', '0', '0', '0', '0', '0', '0', '0', '0', '0', '0', '0', '0', '0', '0', '0', '0', '0', '0', '0', '0', '0', '0', '0', '0', '0', '0', '0', '0', '0', '0', '0', '0', '0', '0', '0', '0', '0', '0', '0', '0', '0', '0', '0', '0', '0', '0', '0', '0', '0', '0', '0', '0', '0', '0', '0', '0', '0', '0', '0', '0', '0', '0', '0', '0', '0', '0', '0', '0', '0', '0', '0', '0', '0', '0', '0', '0', '0', '0', '0', '0', '0', '0', '0', '0', '0', '0', '0', '0', '0', '0', '0', '0', '0', '0', '0', '0', '0', '0', '0', '0', '0', '0', '0', '0', '0', '0', '0', '0', '0', '0', '0', '0', '0', '0', '0', '0', '0', '0', '0', '0', '0', '0', '0', '0', '0', '0', '0', '0', '0', '0', '0', '0', '0', '0', '0', '0', '0', '0', '0', '0', '0', '0', '0', '0', '0', '0', '0', '0', '0', '0', '0', '0', '0', '0', '0', '0', '0', '0', '0', '0', '0', '0', '0', '0', '0', '0', '0', '0', '0', '0', '0', '0', '0', '0', '0', '0', '0', '0', '0', '0', '0', '0', '0', '0', '0', '0', '0', '0', '0', '0', '0', '0', '0', '0', '0', '0', '0', '0', '0', '0', '0', '0', '0', '0', '0', '0', '0', '0', '0', '0', '0', '0', '0', '0', '0', '0', '0', '0', '0', '0', '0', '0', '0', '0', '0', '0', '0', '0', '0', '0', '0', '0', '0', '0', '0', '0', '0', '0', '0', '0', '0', '0', '0', '0', '0', '0', '0', '0', '0', '0', '0', '0', '0', '0', '0', '0', '0', '0', '0', '0', '0', '0', '0', '0', '0', '0', '0', '0', '0', '0', '0', '0', '0', '0', '0', '0', '0', '0', '0', '0', '0', '0', '0', '0', '0', '0', '0', '0', '0', '0', '0', '0', '0', '0', '0', '0', '0', '0', '0', '0', '0', '0', '0', '0', '0', '0', '0', '0', '0', '0', '0', '0', '0', '0', '0', '0', '0', '0', '0', '0', '0', '0', '0', '0', '0', '0', '0', '0', '0', '0', '0', '0', '0', '0', '0', '0', '0', '0', '0', '0', '0', '0', '0', '0', '0', '0', '0', '0', '0', '0', '0', '0', '0', '0', '0', '0', '0', '0', '0', '0', '0', '0', '0', '0', '0', '0', '0', '0', '0', '0', '0', '0', '0', '0', '0', '0', '0', '0', '0', '0', '0', '0', '0', '0', '0', '0', '0', '0', '0', '0', '0', '0', '0', '0', '0', '0', '0', '0', '0', '0', '0', '0', '0', '0', '0', '0', '0', '0', '0', '0', '0', '0', '0', '0', '0', '0', '0', '0', '0', '0', '0', '0', '0', '0', '0', '0', '0', '0', '0', '0', '0', '0', '0', '0', '0', '0', '0', '0', '0', '0', '0', '0', '0', '0', '0', '0', '0', '0', '0', '0', '0', '0', '0', '0', '0', '0', '0', '0', '0', '0', '0', '0', '0', '0', '0', '0', '0', '0', '0', '0', '0', '0', '0', '0', '0', '0', '0', '0', '0', '0', '0', '0', '0', '0', '0', '0', '0', '0', '0', '0', '0', '0', '0', '0', '0', '0', '0', '0', '0', '0', '0', '0', '0', '0', '0', '0', '0', '0', '0', '0', '0', '0', '0', '0', '0', '0', '0', '0', '0', '0', '0', '0', '0', '0', '0', '0', '0', '0', '0', '0', '0', '0', '0', '0', '0', '0', '0', '0', '0', '0', '0', '0', '0', '0', '0', '0', '0', '0', '0', '0', '0', '0', '0', '0', '0', '0', '0', '0', '0', '0', '0', '0', '0', '0', '0', '0', '0', '0', '0', '0', '0', '0', '0', '0', '0', '0', '0', '0', '0', '0', '0', '0', '0', '0', '0', '0', '0', '0', '0', '0', '0', '0', '0', '0', '0', '0', '0', '0', '0', '0', '0', '0', '0', '0', '0', '0', '0', '0', '0', '0', '0', '0', '0', '0', '0', '0', '0', '0', '0', '0', '0', '0', '0', '0', '0', '0', '0', '0', '0', '0', '0', '0', '0', '0', '0', '0', '0', '0', '0', '0', '0', '0', '0', '0', '0', '0', '0', '0', '0', '0', '0', '0', '0', '0', '0', '0', '0', '0', '0', '0', '0', '0', '0', '0', '0', '0', '0', '0', '0', '0', '0', '0', '0', '0', '0', '0', '0', '0', '0', '0', '0', '0', '0', '0', '0', '0', '0', '0', '0', '0', '0', '0', '0', '0', '0', '0', '0', '0', '0', '0', '0', '0', '0', '0', '0', '0', '0', '0', '0', '0', '0', '0', '0', '0', '0', '0', '0', '0', '0', '0', '0', '0', '0', '0', '0', '0', '0', '0', '0', '0', '0', '0', '0', '0', '0', '0', '0', '0', '0', '0', '0', '0', '0', '0', '0', '0', '0', '0', '0', '0', '0', '0', '0', '0', '0', '0', '0', '0', '0', '0', '0', '0', '0', '0', '0', '0', '0', '0', '0', '0', '0', '0', '0', '0', '0', '0', '0', '0', '0', '0', '0', '0', '0', '0', '0', '0', '0', '0', '0', '0', '0', '0', '0', '0', '0', '0', '0', '0', '0', '0', '0', '0', '0', '0', '0', '0', '0', '0', '0', '0', '0', '0', '0', '0', '0', '0', '0', '0', '0', '0', '0', '0', '0', '0', '0', '0', '0', '0', '0', '0', '0', '0', '0', '0', '0', '0', '0', '0', '0', '0', '0', '0', '0', '0', '0', '0', '0', '0', '0', '0', '0', '0', '0', '0', '0', '0', '0', '0', '0', '0', '0', '0', '0', '0', '0', '0', '0', '0', '0', '0', '0', '0', '0', '0', '0', '0', '0', '0', '0', '0', '0', '0', '0', '0', '0', '0', '0', '0', '0', '0', '0', '0', '0', '0', '0', '0', '0', '0', '0', '0', '0', '0', '0', '0', '0', '0', '0', '0', '0', '0', '0', '0', '0', '0', '0', '0', '0', '0', '0', '0', '0', '0', '0', '0', '0', '0', '0', '0', '0', '0', '0', '0', '0', '0', '0', '0', '0', '0', '0', '0', '0', '0', '0', '0', '0', '0', '0', '0', '0', '0', '0', '0', '0', '0', '0', '0', '0', '0', '0', '0', '0', '0', '0', '0', '0', '0', '0', '0', '0', '0', '0', '0', '0', '0', '0', '0', '0', '0', '0', '0', '0', '0', '0', '0', '0', '0', '0', '0', '0', '0', '0', '0', '0', '0', '0', '0', '0', '0', '0', '0', '0', '0', '0', '0', '0', '0', '0', '0', '0', '0', '0', '0', '0', '0', '0', '0', '0', '0', '0', '0', '0', '0', '0', '0', '0', '0', '0', '0', '0', '0', '0', '0', '0', '0', '0', '0', '0', '0', '0', '0', '0', '0', '0', '0', '0', '0', '0', '0', '0', '0', '0', '0', '0', '0', '0', '0', '0', '0', '0', '0', '0', '0', '0', '0', '0', '0', '0', '0', '0', '0', '0', '0', '0', '0', '0', '0', '0', '0', '0', '0', '0', '0', '0', '0', '0', '0', '0', '0', '0', '0', '0', '0', '0', '0', '0', '0', '0', '0', '0', '0', '0', '0', '0', '0', '0', '0', '0', '0', '0', '0', '0', '0', '0', '0', '0', '0', '0', '0', '0', '0', '0', '0', '0', '0', '0', '0', '0', '0', '0', '0', '0', '0', '0', '0', '0', '0', '0', '0', '0', '0', '0', '0', '0', '0', '0', '0', '0', '0', '0', '0', '0', '0', '0', '0', '0', '0', '0', '0', '0', '0', '0', '0', '0', '0', '0', '0', '0', '0', '0', '0', '0', '0', '0', '0', '0', '0', '0', '0', '0', '0', '0', '0', '0', '0', '0', '0', '0', '0', '0', '0', '0', '0', '0', '0', '0', '0', '0', '0', '0', '0', '0', '0', '0', '0', '0', '0', '0', '0', '0', '0', '0', '0', '0', '0', '0', '0', '0', '0', '0', '0', '0', '0', '0', '0', '0', '0', '0', '0', '0', '0', '0', '0', '0', '0', '0', '0', '0', '0', '0', '0', '0', '0', '0', '0', '0', '0', '0', '0', '0', '0', '0', '0', '0', '0', '0', '0', '0', '0', '0', '0', '0', '0', '0', '0', '0', '0', '0', '0', '0', '0', '0', '0', '0', '0', '0', '0', '0', '0', '0', '0', '0', '0', '0', '0', '0', '0', '0', '0', '0', '0', '0', '0', '0', '0', '0', '0', '0', '0', '0', '0', '0', '0', '0', '0', '0', '0', '0', '0', '0', '0', '0', '0', '0', '0', '0', '0', '0', '0', '0', '0', '0', '0', '0', '0', '0', '0', '0', '0', '0', '0', '0', '0', '0', '0', '0', '0', '0', '0', '0', '0', '0', '0', '0', '0', '0', '0', '0', '0', '0', '0', '0', '0', '0', '0', '0', '0', '0', '0', '0', '0', '0', '0', '0', '0', '0', '0', '0', '0', '0', '0', '0', '0', '0', '0', '0', '0', '0', '0', '0', '0', '0', '0', '0', '0', '0', '0', '0', '0', '0', '0', '0', '0', '0', '0', '0', '0', '0', '0', '0', '0', '0', '0', '0', '0', '0', '0', '0', '0', '0', '0', '0', '0', '0', '0', '0', '0', '0', '0', '0', '0', '0', '0', '0', '0', '0', '0', '0', '0', '0', '0', '0', '0', '0', '0', '0', '0', '0', '0', '0', '0', '0', '0', '0', '0', '0', '0', '0', '0', '0', '0', '0', '0', '0', '0', '0', '0', '0', '0', '0', '0', '0', '0', '0', '0', '0', '0', '0', '0', '0', '0', '0', '0', '0', '0', '0', '0', '0', '0', '0', '0', '0', '0', '0', '0', '0', '0', '0', '0', '0', '0', '0', '0', '0', '0', '0', '0', '0', '0', '0', '0', '0', '0', '0', '0', '0', '0', '0', '0', '0', '0', '0', '0', '0', '0', '0', '0', '0', '0', '0', '0', '0', '0', '0', '0', '0', '0', '0', '0', '0', '0', '0', '0', '0', '0', '0', '0', '0', '0', '0', '0', '0', '0', '0', '0', '0', '0', '0', '0', '0', '0', '0', '0', '0', '0', '0', '0', '0', '0', '0', '0', '0', '0', '0', '0', '0', '0', '0', '0', '0', '0', '0', '0', '0', '0', '0', '0', '0', '0', '0', '0', '0', '0', '0', '0', '0', '0', '0', '0', '0', '0', '0', '0', '0', '0', '0', '0', '0', '0', '0', '0', '0', '0', '0', '0', '0', '0', '0', '0', '0', '0', '0', '0', '0', '0', '0', '0', '0', '0', '0', '0', '0', '0', '0', '0', '0', '0', '0', '0', '0', '0', '0', '0', '0', '0', '0', '0', '0', '0', '0', '0', '0', '0', '0', '0', '0', '0', '0', '0', '0', '0', '0', '0', '0', '0', '0', '0', '0', '0', '0', '0', '0', '0', '0', '0', '0', '0', '0', '0', '0', '0', '0', '0', '0', '0', '0', '0', '0', '0', '0', '0', '0', '0', '0', '0', '0', '0', '0', '0', '0', '0', '0', '0', '0', '0', '0', '0', '0', '0', '0', '0', '0', '0', '0', '0', '0', '0', '0', '0', '0', '0', '0', '0', '0', '0', '0', '0', '0', '0', '0', '0', '0', '0', '0', '0', '0', '0', '0', '0', '0', '0', '0', '0', '0', '0', '0', '0', '0', '0', '0', '0', '0', '0', '0', '0', '0', '0', '0', '0', '0', '0', '0', '0', '0', '0', '0', '0', '0', '0', '0', '0', '0', '0', '0', '0', '0', '0', '0', '0', '0', '0', '0', '0', '0', '0', '0', '0', '0', '0', '0', '0', '0', '0', '0', '0', '0', '0', '0', '0', '0', '0', '0', '0', '0', '0', '0', '0', '0', '0', '0', '0', '0', '0', '0', '0', '0', '0', '0', '0', '0', '0', '0', '0', '0', '0', '0', '0', '0', '0', '0', '0', '0', '0', '0', '0', '0', '0', '0', '0', '0', '0', '0', '0', '0', '0', '0', '0', '0', '0', '0', '0', '0', '0', '0', '0', '0', '0', '0', '0', '0', '0', '0', '0', '0', '0', '0', '0', '0', '0', '0', '0', '0', '0', '0', '0', '0', '0', '0', '0', '0', '0', '0', '0', '0', '0', '0', '0', '0', '0', '0', '0', '0', '0', '0', '0', '0', '0', '0', '0', '0', '0', '0', '0', '0', '0', '0', '0', '0', '0', '0', '0', '0', '0', '0', '0', '0', '0', '0', '0', '0', '0', '0', '0', '0', '0', '0', '0', '0', '0', '0', '0', '0', '0', '0', '0', '0', '0', '0', '0', '0', '0', '0', '0', '0', '0', '0', '0', '0', '0', '0', '0', '0', '0', '0', '0', '0', '0', '0', '0', '0', '0', '0', '0', '0', '0', '0', '0', '0', '0', '0', '0', '0', '0', '0', '0', '0', '0', '0', '0', '0', '0', '0', '0', '0', '0', '0', '0', '0', '0', '0', '0', '0', '0', '0', '0', '0', '0', '0', '0', '0', '0', '0', '0', '0', '0', '0', '0', '0', '0', '0', '0', '0', '0', '0', '0', '0', '0', '0', '0', '0', '0', '0', '0', '0', '0', '0', '0', '0', '0', '0', '0', '0', '0', '0', '0', '0', '0', '0', '0', '0', '0', '0', '0', '0', '0', '0', '0', '0', '0', '0', '0', '0', '0', '0', '0', '0', '0', '0', '0', '0', '0', '0', '0', '0', '0', '0', '0', '0', '0', '0', '0', '0', '0', '0', '0', '0', '0', '0', '0', '0', '0', '0', '0', '0', '0', '0', '0', '0', '0', '0', '0', '0', '0', '0', '0', '0', '0', '0', '0', '0', '0', '0', '0', '0', '0', '0', '0', '0', '0', '0', '0', '0', '0', '0', '0', '0', '0', '0', '0', '0', '0', '0', '0', '0', '0', '0', '0', '0', '0', '0', '0', '0', '0', '0', '0', '0', '0', '0', '0', '0', '0', '0', '0', '0', '0', '0', '0', '0', '0', '0', '0', '0', '0', '0', '0', '0', '0', '0', '0', '0', '0', '0', '0', '0', '0', '0', '0', '0', '0', '0', '0', '0', '0', '0', '0', '0', '0', '0', '0', '0', '0', '0', '0', '0', '0', '0', '0', '0', '0', '0', '0', '0', '0', '0', '0', '0', '0', '0', '0', '0', '0', '0', '0', '0', '0', '0', '0', '0', '0', '0', '0', '0', '0', '0', '0', '0', '0', '0', '0', '0', '0', '0', '0', '0', '0', '0', '0', '0', '0', '0', '0', '0', '0', '0', '0', '0', '0', '0', '0', '0', '0', '0', '0', '0', '0', '0', '0', '0', '0', '0', '0', '0', '0', '0', '0', '0', '0', '0', '0', '0', '0', '0', '0', '0', '0', '0', '0', '0', '0', '0', '0', '0', '0', '0', '0', '0', '0', '0', '0', '0', '0', '0', '0', '0', '0', '0', '0', '0', '0', '0', '0', '0', '0', '0', '0', '0', '0', '0', '0', '0', '0', '0', '0', '0', '0', '0', '0', '0', '0', '0', '0', '0', '0', '0', '0', '0', '0', '0', '0', '0', '0', '0', '0', '0', '0', '0', '0', '0', '0', '0', '0', '0', '0', '0', '0', '0', '0', '0', '0', '0', '0', '0', '0', '0', '0', '0', '0', '0', '0', '0', '0', '0', '0', '0', '0', '0', '0', '0', '0', '0', '0', '0', '0', '0', '0', '0', '0', '0', '0', '0', '0', '0', '0', '0', '0', '0', '0', '0', '0', '0', '0', '0', '0', '0', '0', '0', '0', '0', '0', '0', '0', '0', '0', '0', '0', '0', '0', '0', '0', '0', '0', '0', '0', '0', '0', '0', '0', '0', '0', '0', '0', '0', '0', '0', '0', '0', '0', '0', '0', '0', '0', '0', '0', '0', '0', '0', '0', '0', '0', '0', '0', '0', '0', '0', '0', '0', '0', '0', '0', '0', '0', '0', '0', '0', '0', '0', '0', '0', '0', '0', '0', '0', '0', '0', '0', '0', '0', '0', '0', '0', '0', '0', '0', '0', '0', '0', '0', '0', '0', '0', '0', '0', '0', '0', '0', '0', '0', '0', '0', '0', '0', '0', '0', '0', '0', '0', '0', '0', '0', '0', '0', '0', '0', '0', '0', '0', '0', '0', '0', '0', '0', '0', '0', '0', '0', '0', '0', '0', '0', '0', '0', '0', '0', '0', '0', '0', '0', '0', '0', '0', '0', '0', '0', '0', '0', '0', '0', '0', '0', '0', '0', '0', '0', '0', '0', '0', '0', '0', '0', '0', '0', '0', '0', '0', '0', '0', '0', '0', '0', '0', '0', '0', '0', '0', '0', '0', '0', '0', '0', '0', '0', '0', '0', '0', '0', '0', '0', '0', '0', '0', '0', '0', '0', '0', '0', '0', '0', '0', '0', '0', '0', '0', '0', '0', '0', '0', '0', '0', '0', '0', '0', '0', '0', '0', '0', '0', '0', '0', '0', '0', '0', '0', '0', '0', '0', '0', '0', '0', '0', '0', '0', '0', '0', '0', '0', '0', '0', '0', '0', '0', '0', '0', '0', '0', '0', '0', '0', '0', '0', '0', '0', '0', '0', '0', '0', '0', '0', '0', '0', '0', '0', '0', '0', '0', '0', '0', '0', '0', '0', '0', '0', '0', '0', '0', '0', '0', '0', '0', '0', '0', '0', '0', '0', '0', '0', '0', '0', '0', '0', '0', '0', '0', '0', '0', '0', '0', '0', '0', '0', '0', '0', '0', '0', '0', '0', '0', '0', '0', '0', '0', '0', '0', '0', '0', '0', '0', '0', '0', '0', '0', '0', '0', '0', '0', '0', '0', '0', '0', '0', '0', '0', '0', '0', '0', '0', '0', '0', '0', '0', '0', '0', '0', '0', '0', '0', '0', '0', '0', '0', '0', '0', '0', '0', '0', '0', '0', '0', '0', '0', '0', '0', '0', '0', '0', '0', '0', '0', '0', '0', '0', '0', '0', '0', '0', '0', '0', '0', '0', '0', '0', '0', '0', '0', '0', '0', '0', '0', '0', '0', '0', '0', '0', '0', '0', '0', '0', '0', '0', '0', '0', '0', '0', '0', '0', '0', '0', '0', '0', '0', '0', '0', '0', '0', '0', '0', '0', '0', '0', '0', '0', '0', '0', '0', '0', '0', '0', '0', '0', '0', '0', '0', '0', '0', '0', '0', '0', '0', '0', '0', '0', '0', '0', '0', '0', '0', '0', '0', '0', '0', '0', '0', '0', '0', '0', '0', '0', '0', '0', '0', '0', '0', '0', '0', '0', '0', '0', '0', '0', '0', '0', '0', '0', '0', '0', '0', '0', '0', '0', '0', '0', '0', '0', '0', '0', '0', '0', '0', '0', '0', '0', '0', '0', '0', '0', '0', '0', '0', '0', '0', '0', '0', '0', '0', '0', '0', '0', '0', '0', '0', '0', '0', '0', '0', '0', '0', '0', '0', '0', '0', '0', '0', '0', '0', '0', '0', '0', '0', '0', '0', '0', '0', '0', '0', '0', '0', '0', '0', '0', '0', '0', '0', '0', '0', '0', '0', '0', '0', '0', '0', '0', '0', '0', '0', '0', '0', '0', '0', '0', '0', '0', '0', '0', '0', '0', '0', '0', '0', '0', '0', '0', '0', '0', '0', '0', '0', '0', '0', '0', '0', '0', '0', '0', '0', '0', '0', '0', '0', '0', '0', '0', '0', '0', '0', '0', '0', '0', '0', '0', '0', '0', '0', '0', '0', '0', '0', '0', '0', '0', '0', '0', '0', '0', '0', '0', '0', '0', '0', '0', '0', '0', '0', '0', '0', '0', '0', '0', '0', '0', '0', '0', '0', '0', '0', '0', '0', '0', '0', '0', '0', '0', '0', '0', '0', '0', '0', '0', '0', '0', '0', '0', '0', '0', '0', '0', '0', '0', '0', '0', '0', '0', '0', '0', '0', '0', '0', '0', '0', '0', '0', '0', '0', '0', '0', '0', '0', '0', '0', '0', '0', '0', '0', '0', '0', '0', '0', '0', '0', '0', '0', '0', '0', '0', '0', '0', '0', '0', '0', '0', '0', '0', '0', '0', '0', '0', '0', '0', '0', '0', '0', '0', '0', '0', '0', '0', '0', '0', '0', '0', '0', '0', '0', '0', '0', '0', '0', '0', '0', '0', '0', '0', '0', '0', '0', '0', '0', '0', '0', '0', '0', '0', '0', '0', '0', '0', '0', '0', '0', '0', '0', '0', '0', '0', '0', '0', '0', '0', '0', '0', '0', '0', '0', '0', '0', '0', '0', '0', '0', '0', '0', '0', '0', '0', '0', '0', '0', '0', '0', '0', '0', '0', '0', '0', '0', '0', '0', '0', '0', '0', '0', '0', '0', '0', '0', '0', '0', '0', '0', '0', '0', '0', '0', '0', '0', '0', '0', '0', '0', '0', '0', '0', '0', '0', '0', '0', '0', '0', '0', '0', '0', '0', '0', '0', '0', '0', '0', '0', '0', '0', '0', '0', '0', '0', '0', '0', '0', '0', '0', '0', '0', '0', '0', '0', '0', '0', '0', '0', '0', '0', '0', '0', '0', '0', '0', '0', '0', '0', '0', '0', '0', '0', '0', '0', '0', '0', '0', '0', '0', '0', '0', '0', '0', '0', '0', '0', '0', '0', '0', '0', '0', '0', '0', '0', '0', '0', '0', '0', '0', '0', '0', '0', '0', '0', '0', '0', '0', '0', '0', '0', '0', '0', '0', '0', '0', '0', '0', '0', '0', '0', '0', '0', '0', '0', '0', '0', '0', '0', '0', '0', '0', '0', '0', '0', '0', '0', '0', '0', '0', '0', '0', '0', '0', '0', '0', '0', '0', '0', '0', '0', '0', '0', '0', '0', '0', '0', '0', '0', '0', '0', '0', '0', '0', '0', '0', '0', '0', '0', '0', '0', '0', '0', '0', '0', '0', '0', '0', '0', '0', '0', '0', '0', '0', '0', '0', '0', '0', '0', '0', '0', '0', '0', '0', '0', '0', '0', '0', '0', '0', '0', '0', '0', '0', '0', '0', '0', '0', '0', '0', '0', '0', '0', '0', '0', '0', '0', '0', '0', '0', '0', '0', '0', '0', '0', '0', '0', '0', '0', '0', '0', '0', '0', '0', '0', '0', '0', '0', '0', '0', '0', '0', '0', '0', '0', '0', '0', '0', '0', '0', '0', '0', '0', '0', '0', '0', '0', '0', '0', '0', '0', '0', '0', '0', '0', '0', '0', '0', '0', '0', '0', '0', '0', '0', '0', '0', '0', '0', '0', '0', '0', '0', '0', '0', '0', '0', '0', '0', '0', '0', '0', '0', '0', '0', '0', '0', '0', '0', '0', '0', '0', '0', '0', '0', '0', '0', '0', '0', '0', '0', '0', '0', '0', '0', '0', '0', '0', '0', '0', '0', '0', '0', '0', '0', '0', '0', '0', '0', '0', '0', '0', '0', '0', '0', '0', '0', '0', '0', '0', '0', '0', '0', '0', '0', '0', '0', '0', '0', '0', '0', '0', '0', '0', '0', '0', '0', '0', '0', '0', '0', '0', '0', '0', '0', '0', '0', '0', '0', '0', '0', '0', '0', '0', '0', '0', '0', '0', '0', '0', '0', '0', '0', '0', '0', '0', '0', '0', '0', '0', '0', '0', '0', '0', '0', '0', '0', '0', '0', '0', '0', '0', '0', '0', '0', '0', '0', '0', '0', '0', '0', '0', '0', '0', '0', '0', '0', '0', '0', '0', '0', '0', '0', '0', '0', '0', '0', '0', '0', '0', '0', '0', '0', '0', '0', '0', '0', '0', '0', '0', '0', '0', '0', '0', '0', '0', '0', '0', '0', '0', '0', '0', '0', '0', '0', '0', '0', '0', '0', '0', '0', '0', '0', '0', '0', '0', '0', '0', '0', '0', '0', '0', '0', '0', '0', '0', '0', '0', '0', '0', '0', '0', '0', '0', '0', '0', '0', '0', '0', '0', '0', '0', '0', '0', '0', '0', '0', '0', '0', '0', '0', '0', '0', '0', '0', '0', '0', '0', '0', '0', '0', '0', '0', '0', '0', '0', '0', '0', '0', '0', '0', '0', '0', '0', '0', '0', '0', '0', '0', '0', '0', '0', '0', '0', '0', '0', '0', '0', '0', '0', '0', '0', '0', '0', '0', '0', '0', '0', '0', '0', '0', '0', '0', '0', '0', '0', '0', '0', '0', '0', '0', '0', '0', '0', '0', '0', '0', '0', '0', '0', '0', '0', '0', '0', '0', '0', '0', '0', '0', '0', '0', '0', '0', '0', '0', '0', '0', '0', '0', '0', '0', '0', '0', '0', '0', '0', '0', '0', '0', '0', '0', '0', '0', '0', '0', '0', '0', '0', '0', '0', '0', '0', '0', '0', '0', '0', '0', '0', '0', '0', '0', '0', '0', '0', '0', '0', '0', '0', '0', '0', '0', '0', '0', '0', '0', '0', '0', '0', '0', '0', '0', '0', '0', '0', '0', '0', '0', '0', '0', '0', '0', '0', '0', '0', '0', '0', '0', '0', '0', '0', '0', '0', '0', '0', '0', '0', '0', '0', '0', '0', '0', '0', '0', '0', '0', '0', '0', '0', '0', '0', '0', '0', '0', '0', '0', '0', '0', '0', '0', '0', '0', '0', '0', '0', '0', '0', '0', '0', '0', '0', '0', '0', '0', '0', '0', '0', '0', '0', '0', '0', '0', '0', '0', '0', '0', '0', '0', '0', '0', '0', '0', '0', '0', '0', '0', '0', '0', '0', '0', '0', '0', '0', '0', '0', '0', '0', '0', '0', '0', '0', '0', '0', '0', '0', '0', '0', '0', '0', '0', '0', '0', '0', '0', '0', '0', '0', '0', '0', '0', '0', '0', '0', '0', '0', '0', '0', '0', '0', '0', '0', '0', '0', '0', '0', '0', '0', '0', '0', '0', '0', '0', '0', '0', '0', '0', '0', '0', '0', '0', '0', '0', '0', '0', '0', '0', '0', '0', '0', '0', '0', '0', '0', '0', '0', '0', '0', '0', '0', '0', '0', '0', '0', '0', '0', '0', '0', '0', '0', '0', '0', '0', '0', '0', '0', '0', '0', '0', '0', '0', '0', '0', '0', '0', '0', '0', '0', '0', '0', '0', '0', '0', '0', '0', '0', '0', '0', '0', '0', '0', '0', '0', '0', '0', '0', '0', '0', '0', '0', '0', '0', '0', '0', '0', '0', '0', '0', '0', '0', '0', '0', '0', '0', '0', '0', '0', '0', '0', '0', '0', '0', '0', '0', '0', '0', '0', '0', '0', '0', '0', '0', '0', '0', '0', '0', '0', '0', '0', '0', '0', '0', '0', '0', '0', '0', '0', '0', '0', '0', '0', '0', '0', '0', '0', '0', '0', '0', '0', '0', '0', '0', '0', '0', '0', '0', '0', '0', '0', '0', '0', '0', '0', '0', '0', '0', '0', '0', '0', '0', '0', '0', '0', '0', '0', '0', '0', '0', '0', '0', '0', '0', '0', '0', '0', '0', '0', '0', '0', '0', '0', '0', '0', '0', '0', '0', '0', '0', '0', '0', '0', '0', '0', '0', '0', '0', '0', '0', '0', '0', '0', '0', '0', '0', '0', '0', '0', '0', '0', '0', '0', '0', '0', '0', '0', '0', '0', '0', '0', '0', '0', '0', '0', '0', '0', '0', '0', '0', '0', '0', '0', '0', '0', '0', '0', '0', '0', '0', '0', '0', '0', '0', '0', '0', '0', '0', '0', '0', '0', '0', '0', '0', '0', '0', '0', '0', '0', '0', '0', '0', '0', '0', '0', '0', '0', '0', '0', '0', '0', '0', '0', '0', '0', '0', '0', '0', '0', '0', '0', '0', '0', '0', '0', '0', '0', '0', '0', '0', '0', '0', '0', '0', '0', '0', '0', '0', '0', '0', '0', '0', '0', '0', '0', '0', '0', '0', '0', '0', '0', '0', '0', '0', '0', '0', '0', '0', '0', '0', '0', '0', '0', '0', '0', '0', '0', '0', '0', '0', '0', '0', '0', '0', '0', '0', '0', '0', '0', '0', '0', '0', '0', '0', '0', '0', '0', '0', '0', '0', '0', '0', '0', '0', '0', '0', '0', '0', '0', '0', '0', '0', '0', '0', '0', '0', '0', '0', '0', '0', '0', '0', '0', '0', '0', '0', '0', '0', '0', '0', '0', '0', '0', '0', '0', '0', '0', '0', '0', '0', '0', '0', '0', '0', '0', '0', '0', '0', '0', '0', '0', '0', '0', '0', '0', '0', '0', '0', '0', '0', '0', '0', '0', '0', '0', '0', '0', '0', '0', '0', '0', '0', '0', '0', '0', '0', '0', '0', '0', '0', '0', '0', '0', '0', '0', '0', '0', '0', '0', '0', '0', '0', '0', '0', '0', '0', '0', '0', '0', '0', '0', '0', '0', '0', '0', '0', '0', '0', '0', '0', '0', '0', '0', '0', '0', '0', '0', '0', '0', '0', '0', '0', '0', '0', '0', '0', '0', '0', '0', '0', '0', '0', '0', '0', '0', '0', '0', '0', '0', '0', '0', '0', '0', '0', '0', '0', '0', '0', '0', '0', '0', '0', '0', '0', '0', '0', '0', '0', '0', '0', '0', '0', '0', '0', '0', '0', '0', '0', '0', '0', '0', '0', '0', '0', '0', '0', '0', '0', '0', '0', '0', '0', '0', '0', '0', '0', '0', '0', '0', '0', '0', '0', '0', '0', '0', '0', '0', '0', '0', '0', '0', '0', '0', '0', '0', '0', '0', '0', '0', '0', '0', '0', '0', '0', '0', '0', '0', '0', '0', '0', '0', '0', '0', '0', '0', '0', '0', '0', '0', '0', '0', '0', '0', '0', '0', '0', '0', '0', '0', '0', '0', '0', '0', '0', '0', '0', '0', '0', '0', '0', '0', '0', '0', '0', '0', '0', '0', '0', '0', '0', '0', '0', '0', '0', '0', '0', '0', '0', '0', '0', '0', '0', '0', '0', '0', '0', '0', '0', '0', '0', '0', '0', '0', '0', '0', '0', '0', '0', '0', '0', '0', '0', '0', '0', '0', '0', '0', '0', '0', '0', '0', '0', '0', '0', '0', '0', '0', '0', '0', '0', '0', '0', '0', '0', '0', '0', '0', '0', '0', '0', '0', '0', '0', '0', '0', '0', '0', '0', '0', '0', '0', '0', '0', '0', '0', '0', '0', '0', '0', '0', '0', '0', '0', '0', '0', '0', '0', '0', '0', '0', '0', '0', '0', '0', '0', '0', '0', '0', '0', '0', '0', '0', '0', '0', '0', '0', '0', '0', '0', '0', '0', '0', '0', '0', '0', '0', '0', '0', '0', '0', '0', '0', '0', '0', '0', '0', '0', '0', '0', '0', '0', '0', '0', '0', '0', '0', '0', '0', '0', '0', '0', '0', '0', '0', '0', '0', '0', '0', '0', '0', '0', '0', '0', '0', '0', '0', '0', '0', '0', '0', '0', '0', '0', '0', '0', '0', '0', '0', '0', '0', '0', '0', '0', '0', '0', '0', '0', '0', '0', '0', '0', '0', '0', '0', '0', '0', '0', '0', '0', '0', '0', '0', '0', '0', '0', '0', '0', '0', '0', '0', '0', '0', '0', '0', '0', '0', '0', '0', '0', '0', '0', '0', '0', '0', '0', '0', '0', '0', '0', '0', '0', '0', '0', '0', '0', '0', '0', '0', '0', '0', '0', '0', '0', '0', '0', '0', '0', '0', '0', '0', '0', '0', '0', '0', '0', '0', '0', '0', '0', '0', '0', '0', '0', '0', '0', '0', '0', '0', '0', '0', '0', '0', '0', '0', '0', '0', '0', '0', '0', '0', '0', '0', '0', '0', '0', '0', '0', '0', '0', '0', '0', '0', '0', '0', '0', '0', '0', '0', '0', '0', '0', '0', '0', '0', '0', '0', '0', '0', '0', '0', '0', '0', '0', '0', '0', '0', '0', '0', '0', '0', '0', '0', '0', '0', '0', '0', '0', '0', '0', '0', '0', '0', '0', '0', '0', '0', '0', '0', '0', '0', '0', '0', '0', '0', '0', '0', '0', '0', '0', '0', '0', '0', '0', '0', '0', '0', '0', '0', '0', '0', '0', '0', '0', '0', '0', '0', '0', '0', '0', '0', '0', '0', '0', '0', '0', '0', '0', '0', '0', '0', '0', '0', '0', '0', '0', '0', '0', '0', '0', '0', '0', '0', '0', '0', '0', '0', '0', '0', '0', '0', '0', '0', '0', '0', '0', '0', '0', '0', '0', '0', '0', '0', '0', '0', '0', '0', '0', '0', '0', '0', '0', '0', '0', '0', '0', '0', '0', '0', '0', '0', '0', '0', '0', '0', '0', '0', '0', '0', '0', '0', '0', '0', '0', '0', '0', '0', '0', '0', '0', '0', '0', '0', '0', '0', '0', '0', '0', '0', '0', '0', '0', '0', '0', '0', '0', '0', '0', '0', '0', '0', '0', '0', '0', '0', '0', '0', '0', '0', '0', '0', '0', '0', '0', '0', '0', '0', '0', '0', '0', '0', '0', '0', '0', '0', '0', '0', '0', '0', '0', '0', '0', '0', '0', '0', '0', '0', '0', '0', '0', '0', '0', '0', '0', '0', '0', '0', '0', '0', '0', '0', '0', '0', '0', '0', '0', '0', '0', '0', '0', '0', '0', '0', '0', '0', '0', '0', '0', '0', '0', '0', '0', '0', '0', '0', '0', '0', '0', '0', '0', '0', '0', '0', '0', '0', '0', '0', '0', '0', '0', '0', '0', '0', '0', '0', '0', '0', '0', '0', '0', '0', '0', '0', '0', '0', '0', '0', '0', '0', '0', '0', '0', '0', '0', '0', '0', '0', '0', '0', '0', '0', '0', '0', '0', '0', '0', '0', '0', '0', '0', '0', '0', '0', '0', '0', '0', '0', '0', '0', '0', '0', '0', '0', '0', '0', '0', '0', '0', '0', '0', '0', '0', '0', '0', '0', '0', '0', '0', '0', '0', '0', '0', '0', '0', '0', '0', '0', '0', '0', '0', '0', '0', '0', '0', '0', '0', '0', '0', '0', '0', '0', '0', '0', '0', '0', '0', '0', '0', '0', '0', '0', '0', '0', '0', '0', '0', '0', '0', '0', '0', '0', '0', '0', '0', '0', '0', '0', '0', '0', '0', '0', '0', '0', '0', '0', '0', '0', '0', '0', '0', '0', '0', '0', '0', '0', '0', '0', '0', '0', '0', '0', '0', '0', '0', '0', '0', '0', '0', '0', '0', '0', '0', '0', '0', '0', '0', '0', '0', '0', '0', '0', '0', '0', '0', '0', '0', '0', '0', '0', '0', '0', '0', '0', '0', '0', '0', '0', '0', '0', '0', '0', '0', '0', '0', '0', '0', '0', '0', '0', '0', '0', '0', '0', '0', '0', '0', '0', '0', '0', '0', '0', '0', '0', '0', '0', '0', '0', '0', '0', '0', '0', '0', '0', '0', '0', '0', '0', '0', '0', '0', '0', '0', '0', '0', '0', '0', '0', '0', '0', '0', '0', '0', '0', '0', '0', '0', '0', '0', '0', '0', '0', '0', '0', '0', '0', '0', '0', '0', '0', '0', '0', '0', '0', '0', '0', '0', '0', '0', '0', '0', '0', '0', '0', '0', '0', '0', '0', '0', '0', '0', '0', '0', '0', '0', '0', '0', '0', '0', '0', '0', '0', '0', '0', '0', '0', '0', '0', '0', '0', '0', '0', '0', '0', '0', '0', '0', '0', '0', '0', '0', '0', '0', '0', '0', '0', '0', '0', '0', '0', '0', '0', '0', '0', '0', '0', '0', '0', '0', '0', '0', '0', '0', '0', '0', '0', '0', '0', '0', '0', '0', '0', '0', '0', '0', '0', '0', '0', '0', '0', '0', '0', '0', '0', '0', '0', '0', '0', '0', '0', '0', '0', '0', '0', '0', '0', '0', '0', '0', '0', '0', '0', '0', '0', '0', '0', '0', '0', '0', '0', '0', '0', '0', '0', '0', '0', '0', '0', '0', '0', '0', '0', '0', '0', '0', '0', '0', '0', '0', '0', '0', '0', '0', '0', '0', '0', '0', '0', '0', '0', '0', '0', '0', '0', '0', '0', '0', '0', '0', '0', '0', '0', '0', '0', '0', '0', '0', '0', '0', '0', '0', '0', '0', '0', '0', '0', '0', '0', '0', '0', '0', '0', '0', '0', '0', '0', '0', '0', '0', '0', '0', '0', '0', '0', '0', '0', '0', '0', '0', '0', '0', '0', '0', '0', '0', '0', '0', '0', '0', '0', '0', '0', '0', '0', '0', '0', '0', '0', '0', '0', '0', '0', '0', '0', '0', '0', '0', '0', '0', '0', '0', '0', '0', '0', '0', '0', '0', '0', '0', '0', '0', '0', '0', '0', '0', '0', '0', '0', '0', '0', '0', '0', '0', '0', '0', '0', '0', '0', '0', '0', '0', '0', '0', '0', '0', '0', '0', '0', '0', '0', '0', '0', '0', '0', '0', '0', '0', '0', '0', '0', '0', '0', '0', '0', '0', '0', '0', '0', '0', '0', '0', '0', '0', '0', '0', '0', '0', '0', '0', '0', '0', '0', '0', '0', '0', '0', '0', '0', '0', '0', '0', '0', '0', '0', '0', '0', '0', '0', '0', '0', '0', '0', '0', '0', '0', '0', '0', '0', '0', '0', '0', '0', '0', '0', '0', '0', '0', '0', '0', '0', '0', '0', '0', '0', '0', '0', '0', '0', '0', '0', '0', '0', '0', '0', '0', '0', '0', '0', '0', '0', '0', '0', '0', '0', '0', '0', '0', '0', '0', '0', '0', '0', '0', '0', '0', '0', '0', '0', '0', '0', '0', '0', '0', '0', '0', '0', '0', '0', '0', '0', '0', '0', '0', '0', '0', '0', '0', '0', '0', '0', '0', '0', '0', '0', '0', '0', '0', '0', '0', '0', '0', '0', '0', '0', '0', '0', '0', '0', '0', '0', '0', '0', '0', '0', '0', '0', '0', '0', '0', '0', '0', '0', '0', '0', '0', '0', '0', '0', '0', '0', '0', '0', '0', '0', '0', '0', '0', '0', '0', '0', '0', '0', '0', '0', '0', '0', '0', '0', '0', '0', '0', '0', '0', '0', '0', '0', '0', '0', '0', '0', '0', '0', '0', '0', '0', '0', '0', '0', '0', '0', '0', '0', '0', '0', '0', '0', '0', '0', '0', '0', '0', '0', '0', '0', '0', '0', '0', '0', '0', '0', '0', '0', '0', '0', '0', '0', '0', '0', '0', '0', '0', '0', '0', '0', '0', '0', '0', '0', '0', '0', '0', '0', '0', '0', '0', '0', '0', '0', '0', '0', '0', '0', '0', '0', '0', '0', '0', '0', '0', '0', '0', '0', '0', '0', '0', '0', '0', '0', '0', '0', '0', '0', '0', '0', '0', '0', '0', '0', '0', '0', '0', '0', '0', '0', '0', '0', '0', '0', '0', '0', '0', '0', '0', '0', '0', '0', '0', '0', '0', '0', '0', '0', '0', '0', '0', '0', '0', '0', '0', '0', '0', '0', '0', '0', '0', '0', '0', '0', '0', '0', '0', '0', '0', '0', '0', '0', '0', '0', '0', '0', '0', '0', '0', '0', '0', '0', '0', '0', '0', '0', '0', '0', '0', '0', '0', '0', '0', '0', '0', '0', '0', '0', '0', '0', '0', '0', '0', '0', '0', '0', '0', '0', '0', '0', '0', '0', '0', '0', '0', '0', '0', '0', '0', '0', '0', '0', '0', '0', '0', '0', '0', '0', '0', '0', '0', '0', '0', '0', '0', '0', '0', '0', '0', '0', '0', '0', '0', '0', '0', '0', '0', '0', '0', '0', '0', '0', '0', '0', '0', '0', '0', '0', '0', '0', '0', '0', '0', '0', '0', '0', '0', '0', '0', '0', '0', '0', '0', '0', '0', '0', '0', '0', '0', '0', '0', '0', '0', '0', '0', '0', '0', '0', '0', '0', '0', '0', '0', '0', '0', '0', '0', '0', '0', '0', '0', '0', '0', '0', '0', '0', '0', '0', '0', '0', '0', '0', '0', '0', '0', '0', '0', '0', '0', '0', '0', '0', '0', '0', '0', '0', '0', '0', '0', '0', '0', '0', '0', '0', '0', '0', '0', '0', '0', '0', '0', '0', '0', '0', '0', '0', '0', '0', '0', '0', '0', '0', '0', '0', '0', '0', '0', '0', '0', '0', '0', '0', '0', '0', '0', '0', '0', '0', '0', '0', '0', '0', '0', '0', '0', '0', '0', '0', '0', '0', '0', '0', '0', '0', '0', '0', '0', '0', '0', '0', '0', '0', '0', '0', '0', '0', '0', '0', '0', '0', '0', '0', '0', '0', '0', '0', '0', '0', '0', '0', '0', '0', '0', '0', '0', '0', '0', '0', '0', '0', '0', '0', '0', '0', '0', '0', '0', '0', '0', '0', '0', '0', '0', '0', '0', '0', '0', '0', '0', '0', '0', '0', '0', '0', '0', '0', '0', '0', '0', '0', '0', '0', '0', '0', '0', '0', '0', '0', '0', '0', '0', '0', '0', '0', '0', '0', '0', '0', '0', '0', '0', '0', '0', '0', '0', '0', '0', '0', '0', '0', '0', '0', '0', '0', '0', '0', '0', '0', '0', '0', '0', '0', '0', '0', '0', '0', '0', '0', '0', '0', '0', '0', '0', '0', '0', '0', '0', '0', '0', '0', '0', '0', '0', '0', '0', '0', '0', '0', '0', '0', '0', '0', '0', '0', '0', '0', '0', '0', '0', '0', '0', '0', '0', '0', '0', '0', '0', '0', '0', '0', '0', '0', '0', '0', '0', '0', '0', '0', '0', '0', '0', '0', '0', '0', '0', '0', '0', '0', '0', '0', '0', '0', '0', '0', '0', '0', '0', '0', '0', '0', '0', '0', '0', '0', '0', '0', '0', '0', '0', '0', '0', '0', '0', '0', '0', '0', '0', '0', '0', '0', '0', '0', '0', '0', '0', '0', '0', '0', '0', '0', '0', '0', '0', '0', '0', '0', '0', '0', '0', '0', '0', '0', '0', '0', '0', '0', '0', '0', '0', '0', '0', '0', '0', '0', '0', '0', '0', '0', '0', '0', '0', '0', '0', '0', '0', '0', '0', '0', '0', '0', '0', '0', '0', '0', '0', '0', '0', '0', '0', '0', '0', '0', '0', '0', '0', '0', '0', '0', '0', '0', '0', '0', '0', '0', '0', '0', '0', '0', '0', '0', '0', '0', '0', '0', '0', '0', '0', '0', '0', '0', '0', '0', '0', '0', '0', '0', '0', '0', '0', '0', '0', '0', '0', '0', '0', '0', '0', '0', '0', '0', '0', '0', '0', '0', '0', '0', '0', '0', '0', '0', '0', '0', '0', '0', '0', '0', '0', '0', '0', '0', '0', '0', '0', '0', '0', '0', '0', '0', '0', '0', '0', '0', '0', '0', '0', '0', '0', '0', '0', '0', '0', '0', '0', '0', '0', '0', '0', '0', '0', '0', '0', '0', '0', '0', '0', '0', '0', '0', '0', '0', '0', '0', '0', '0', '0', '0', '0', '0', '0', '0', '0', '0', '0', '0', '0', '0', '0', '0', '0', '0', '0', '0', '0', '0', '0', '0', '0', '0', '0', '0', '0', '0', '0', '0', '0', '0', '0', '0', '0', '0', '0', '0', '0', '0', '0', '0', '0', '0', '0', '0', '0', '0', '0', '0', '0', '0', '0', '0', '0', '0', '0', '0', '0', '0', '0', '0', '0', '0', '0', '0', '0', '0', '0', '0', '0', '0', '0', '0', '0', '0', '0', '0', '0', '0', '0', '0', '0', '0', '0', '0', '0', '0', '0', '0', '0', '0', '0', '0', '0', '0', '0', '0', '0', '0', '0', '0', '0', '0', '0', '0', '0', '0', '0', '0', '0', '0', '0', '0', '0', '0', '0', '0', '0', '0', '0', '0', '0', '0', '0', '0', '0', '0', '0', '0', '0', '0', '0', '0', '0', '0', '0', '0', '0', '0', '0', '0', '0', '0', '0', '0', '0', '0', '0', '0', '0', '0', '0', '0', '0', '0', '0', '0', '0', '0', '0', '0', '0', '0', '0', '0', '0', '0', '0', '0', '0', '0', '0', '0', '0', '0', '0', '0', '0', '0', '0', '0', '0', '0', '0', '0', '0', '0', '0', '0', '0', '0', '0', '0', '0', '0', '0', '0', '0', '0', '0', '0', '0', '0', '0', '0', '0', '0', '0', '0', '0', '0', '0', '0', '0', '0', '0', '0', '0', '0', '0', '0', '0', '0', '0', '0', '0', '0', '0', '0', '0', '0', '0', '0', '0', '0', '0', '0', '0', '0', '0', '0', '0', '0', '0', '0', '0', '0', '0', '0', '0', '0', '0', '0', '0', '0', '0', '0', '0', '0', '0', '0', '0', '0', '0', '0', '0', '0', '0', '0', '0', '0', '0', '0', '0', '0', '0', '0', '0', '0', '0', '0', '0', '0', '0', '0', '0', '0', '0', '0', '0', '0', '0', '0', '0', '0', '0', '0', '0', '0', '0', '0', '0', '0', '0', '0', '0', '0', '0', '0', '0', '0', '0', '0', '0', '0', '0', '0', '0', '0', '0', '0', '0', '0', '0', '0', '0', '0', '0', '0', '0', '0', '0', '0', '0', '0', '0', '0', '0', '0', '0', '0', '0', '0', '0', '0', '0', '0', '0', '0', '0', '0', '0', '0', '0', '0', '0', '0', '0', '0', '0', '0', '0', '0', '0', '0', '0', '0', '0', '0', '0', '0', '0', '0', '0', '0', '0', '0', '0', '0', '0', '0', '0', '0', '0', '0', '0', '0', '0', '0', '0', '0', '0', '0', '0', '0', '0', '0', '0', '0', '0', '0', '0', '0', '0', '0', '0', '0', '0', '0', '0', '0', '0', '0', '0', '0', '0', '0', '0', '0', '0', '0', '0', '0', '0', '0', '0', '0', '0', '0', '0', '0', '0', '0', '0', '0', '0', '0', '0', '0', '0', '0', '0', '0', '0', '0', '0', '0', '0', '0', '0', '0', '0', '0', '0', '0', '0', '0', '0', '0', '0', '0', '0', '0', '0', '0', '0', '0', '0', '0', '0', '0', '0', '0', '0', '0', '0', '0', '0', '0', '0', '0', '0', '0', '0', '0', '0', '0', '0', '0', '0', '0', '0', '0', '0', '0', '0', '0', '0', '0', '0', '0', '0', '0', '0', '0', '0', '0', '0', '0', '0', '0', '0', '0', '0', '0', '0', '0', '0', '0', '0', '0', '0', '0', '0', '0', '0', '0', '0', '0', '0', '0', '0', '0', '0', '0', '0', '0', '0', '0', '0', '0', '0', '0', '0', '0', '0', '0', '0', '0', '0', '0', '0', '0', '0', '0', '0', '0', '0', '0', '0', '0', '0', '0', '0', '0', '0', '0', '0', '0', '0', '0', '0', '0', '0', '0', '0', '0', '0', '0', '0', '0', '0', '0', '0', '0', '0', '0', '0', '0', '0', '0', '0', '0', '0', '0', '0', '0', '0', '0', '0', '0', '0', '0', '0', '0', '0', '0', '0', '0', '0', '0', '0', '0', '0', '0', '0', '0', '0', '0', '0', '0', '0', '0', '0', '0', '0', '0', '0', '0', '0', '0', '0', '0', '0', '0', '0', '0', '0', '0', '0', '0', '0', '0', '0', '0', '0', '0', '0', '0', '0', '0', '0', '0', '0', '0', '0', '0', '0', '0', '0', '0', '0', '0', '0', '0', '0', '0', '0', '0', '0', '0', '0', '0', '0', '0', '0', '0', '0', '0', '0', '0', '0', '0', '0', '0', '0', '0', '0', '0', '0', '0', '0', '0', '0', '0', '0', '0', '0', '0', '0', '0', '0', '0', '0', '0', '0', '0', '0', '0', '0', '0', '0', '0', '0', '0', '0', '0', '0', '0', '0', '0', '0', '0', '0', '0', '0', '0', '0', '0', '0', '0', '0', '0', '0', '0', '0', '0', '0', '0', '0', '0', '0', '0', '0', '0', '0', '0', '0', '0', '0', '0', '0', '0', '0', '0', '0', '0', '0', '0', '0', '0', '0', '0', '0', '0', '0', '0', '0', '0', '0', '0', '0', '0', '0', '0', '0', '0', '0', '0', '0', '0', '0', '0', '0', '0', '0', '0', '0', '0', '0', '0', '0', '0', '0', '0', '0', '0', '0', '0', '0', '0', '0', '0', '0', '0', '0', '0', '0', '0', '0', '0', '0', '0', '0', '0', '0', '0', '0', '0', '0', '0', '0', '0', '0', '0', '0', '0', '0', '0', '0', '0', '0', '0', '0', '0', '0', '0', '0', '0', '0', '0', '0', '0', '0', '0', '0', '0', '0', '0', '0', '0', '0', '0', '0', '0', '0', '0', '0', '0', '0', '0', '0', '0', '0', '0', '0', '0', '0', '0', '0', '0', '0', '0', '0', '0', '0', '0', '0', '0', '0', '0', '0', '0', '0', '0', '0', '0', '0', '0', '0', '0', '0', '0', '0', '0', '0', '0', '0', '0', '0', '0', '0', '0', '0', '0', '0', '0', '0', '0', '0', '0', '0', '0', '0', '0', '0', '0', '0', '0', '0', '0', '0', '0', '0', '0', '0', '0', '0', '0', '0', '0', '0', '0', '0', '0', '0', '0', '0', '0', '0', '0', '0', '0', '0', '0', '0', '0', '0', '0', '0', '0', '0', '0', '0', '0', '0', '0', '0', '0', '0', '0', '0', '0', '0', '0', '0', '0', '0', '0', '0', '0', '0', '0', '0', '0', '0', '0', '0', '0', '0', '0', '0', '0', '0', '0', '0', '0', '0', '0', '0', '0', '0', '0', '0', '0', '0', '0', '0', '0', '0', '0', '0', '0', '0', '0', '0', '0', '0', '0', '0', '0', '0', '0', '0', '0', '0', '0', '0', '0', '0', '0', '0', '0', '0', '0', '0', '0', '0', '0', '0', '0', '0', '0', '0', '0', '0', '0', '0', '0', '0', '0', '0', '0', '0', '0', '0', '0', '0', '0', '0', '0', '0', '0', '0', '0', '0', '0', '0', '0', '0', '0', '0', '0', '0', '0', '0', '0', '0', '0', '0', '0', '0', '0', '0', '0', '0', '0', '0', '0', '0', '0', '0', '0', '0', '0', '0', '0', '0', '0', '0', '0', '0', '0', '0', '0', '0', '0', '0', '0', '0', '0', '0', '0', '0', '0', '0', '0', '0', '0', '0', '0', '0', '0', '0', '0', '0', '0', '0', '0', '0', '0', '0', '0', '0', '0', '0', '0', '0', '0', '0', '0', '0', '0', '0', '0', '0', '0', '0', '0', '0', '0', '0', '0', '0', '0', '0', '0', '0', '0', '0', '0', '0', '0', '0', '0', '0', '0', '0', '0', '0', '0', '0', '0', '0', '0', '0', '0', '0', '0', '0', '0', '0', '0', '0', '0', '0', '0', '0', '0', '0', '0', '0', '0', '0', '0', '0', '0', '0', '0', '0', '0', '0', '0', '0', '0', '0', '0', '0', '0', '0', '0', '0', '0', '0', '0', '0', '0', '0', '0', '0', '0', '0', '0', '0', '0', '0', '0', '0', '0', '0', '0', '0', '0', '0', '0', '0', '0', '0', '0', '0', '0', '0', '0', '0', '0', '0', '0', '0', '0', '0', '0', '0', '0', '0', '0', '0', '0', '0', '0', '0', '0', '0', '0', '0', '0', '0', '0', '0', '0', '0', '0', '0', '0', '0', '0', '0', '0', '0', '0', '0', '0', '0', '0', '0', '0', '0', '0', '0', '0', '0', '0', '0', '0', '0', '0', '0', '0', '0', '0', '0', '0', '0', '0', '0', '0', '0', '0', '0', '0', '0', '0', '0', '0', '0', '0', '0', '0', '0', '0', '0', '0', '0', '0', '0', '0', '0', '0', '0', '0', '0', '0', '0', '0', '0', '0', '0', '0', '0', '0', '0', '0', '0', '0', '0', '0', '0', '0', '0', '0', '0', '0', '0', '0', '0', '0', '0', '0', '0', '0', '0', '0', '0', '0', '0', '0', '0', '0', '0', '0', '0', '0', '0', '0', '0', '0', '0', '0', '0', '0', '0', '0', '0', '0', '0', '0', '0', '0', '0', '0', '0', '0', '0', '0', '0', '0', '0', '0', '0', '0', '0', '0', '0', '0', '0', '0', '0', '0', '0', '0', '0', '0', '0', '0', '0', '0', '0', '0', '5', '5', '5', '5', '5', '5', '5', '5', '5', '5', '5', '5', '5', '5', '5', '5', '5', '5', '5', '5', '5', '5', '5', '5', '5', '5', '5', '5', '5', '5', '5', '5', '5', '5', '5', '5', '5', '5', '5', '5', '5', '5', '5', '5', '5', '5', '5', '5', '5', '5', '5', '5', '5', '5', '5', '5', '5', '5', '5', '5', '5', '5', '5', '5', '5', '5', '5', '5', '5', '5', '5', '5', '5', '5', '5', '5', '5', '5', '5', '5', '5', '5', '5', '5', '5', '5', '5', '5', '5', '5', '5', '5', '5', '5', '5', '5', '5', '5', '5', '5', '5', '5', '5', '5', '5', '5', '5', '5', '5', '5', '5', '5', '5', '5', '5', '5', '5', '5', '5', '5', '5', '5', '5', '5', '5', '5', '5', '5', '5', '5', '5', '5', '5', '5', '5', '5', '5', '5', '5', '5', '5', '5', '5', '5', '5', '5', '5', '5', '5', '5', '5', '5', '5', '5', '5', '5', '5', '5', '5', '5', '5', '5', '5', '5', '5', '5', '5', '5', '5', '5', '5', '5', '5', '5', '5', '5', '5', '5', '5', '5', '5', '5', '5', '5', '5', '5', '5', '5', '5', '5', '5', '5', '5', '5', '5', '5', '5', '5', '5', '5', '5', '5', '5', '5', '5', '5', '5', '5', '5', '5', '5', '5', '5', '5', '5', '5', '5', '5', '5', '5', '5', '5', '5', '5', '5', '5', '5', '5', '5', '5', '5', '5', '5', '5', '5', '5', '5', '5', '5', '5', '5', '5', '5', '5', '5', '5', '5', '5', '5', '5', '5', '5', '5', '5', '5', '5', '5', '5', '5', '5', '5', '5', '5', '5', '5', '5', '5', '5', '5', '5', '5', '5', '5', '5', '5', '5', '5', '5', '5', '5', '5', '5', '5', '5', '5', '5', '5', '5', '5', '5', '5', '5', '5', '5', '5', '5', '5', '5', '5', '5', '5', '5', '5', '5', '5', '5', '5', '5', '5', '5', '5', '5', '5', '5', '5', '5', '5', '5', '5', '5', '5', '5', '5', '5', '5', '5', '5', '5', '5', '5', '5', '5', '5', '5', '5', '5', '5', '5', '5', '5', '5', '5', '5', '5', '5', '5', '5', '5', '5', '5', '5', '5', '5', '5', '5', '5', '5', '5', '5', '5', '5', '5', '5', '5', '5', '5', '5', '5', '5', '5', '5', '5', '5', '5', '5', '5', '5', '5', '5', '5', '5', '5', '5', '5', '5', '5', '5', '5', '5', '5', '5', '5', '5', '5', '5', '5', '5', '5', '5', '5', '5', '5', '5', '5', '5', '5', '5', '5', '5', '5', '5', '5', '5', '5', '5', '5', '5', '5', '5', '5', '5', '5', '5', '5', '5', '5', '5', '5', '5', '5', '5', '5', '5', '5', '5', '5', '5', '5', '5', '5', '5', '5', '5', '5', '5', '5', '5', '5', '5', '5', '5', '5', '5', '5', '5', '5', '5', '5', '5', '5', '5', '5', '5', '5', '5', '5', '5', '5', '5', '5', '5', '5', '5', '5', '5', '5', '5', '5', '5', '5', '5', '5', '5', '5', '5', '5', '5', '5', '5', '5', '5', '5', '5', '5', '5', '5', '5', '5', '5', '5', '5', '5', '5', '5', '5', '5', '5', '5', '5', '5', '5', '5', '5', '5', '5', '5', '5', '5', '5', '5', '5', '5', '5', '5', '5', '5', '5', '5', '5', '5', '5', '5', '5', '5', '5', '5', '5', '5', '5', '5', '5', '5', '5', '5', '5', '5', '5', '5', '5', '5', '5', '5', '5', '5', '5', '5', '5', '5', '5', '5', '5', '5', '5', '5', '5', '5', '5', '5', '5', '5', '5', '5', '5', '5', '5', '5', '5', '5', '5', '5', '5', '5', '5', '5', '5', '5', '5', '5', '5', '5', '5', '5', '5', '5', '5', '5', '5', '5', '5', '5', '5', '5', '5', '5', '5', '5', '5', '5', '5', '5', '5', '5', '5', '5', '5', '5', '5', '5', '5', '5', '5', '5', '5', '5', '5', '5', '5', '5', '5', '5', '5', '5', '5', '5', '5', '5', '5', '5', '5', '5', '5', '5', '5', '5', '5', '5', '5', '5', '5', '5', '5', '5', '5', '5', '5', '5', '5', '5', '5', '5', '5', '5', '5', '5', '5', '5', '5', '5', '5', '5', '5', '5', '5', '5', '5', '5', '5', '5', '5', '5', '5', '5', '5', '5', '5', '5', '5', '5', '5', '5', '5', '5', '5', '5', '5', '5', '5', '5', '5', '5', '5', '5', '5', '5', '5', '5', '5', '5', '5', '5', '5', '5', '5', '5', '5', '5', '5', '5', '5', '5', '5', '5', '5', '5', '5', '5', '5', '5', '5', '5', '5', '5', '5', '5', '5', '5', '5', '5', '5', '5', '5', '5', '5', '5', '5', '5', '5', '5', '5', '5', '5', '5', '5', '5', '5', '5', '5', '5', '5', '5', '5', '5', '5', '5', '5', '5', '5', '5', '5', '5', '5', '5', '5', '5', '5', '5', '5', '5', '5', '5', '5', '5', '5', '5', '5', '5', '5', '5', '5', '5', '5', '5', '5', '5', '5', '5', '5', '5', '5', '5', '5', '5', '5', '5', '5', '5', '5', '5', '5', '5', '5', '5', '5', '5', '5', '5', '5', '5', '5', '5', '5', '5', '5', '5', '5', '5', '5', '5', '5', '5', '5', '5', '5', '5', '5', '5', '5', '5', '5', '5', '5', '5', '5', '5', '5', '5', '5', '5', '5', '5', '5', '5', '5', '5', '5', '5', '5', '5', '5', '5', '5', '5', '5', '5', '5', '5', '5', '5', '5', '5', '5', '5', '5', '5', '5', '5', '5', '5', '5', '5', '5', '5', '5', '5', '5', '5', '5', '5', '5', '5', '5', '5', '5', '5', '5', '5', '5', '5', '5', '5', '5', '5', '5', '5', '5', '5', '5', '5', '5', '5', '5', '5', '5', '5', '5', '5', '5', '5', '5', '5', '5', '5', '5', '5', '5', '5', '5', '5', '5', '5', '5', '5', '5', '5', '5', '5', '5', '5', '5', '5', '5', '5', '5', '5', '5', '5', '5', '5', '5', '5', '5', '5', '5', '5', '5', '5', '5', '5', '5', '5', '5', '5', '5', '5', '5', '5', '5', '5', '5', '5', '5', '5', '5', '5', '5', '5', '5', '5', '5', '5', '5', '5', '5', '5', '5', '5', '5', '5', '5', '5', '5', '5', '5', '5', '5', '5', '5', '5', '5', '5', '5', '5', '5', '5', '5', '5', '5', '5', '5', '5', '5', '5', '5', '5', '5', '5', '5', '5', '5', '5', '5', '5', '5', '5', '5', '5', '5', '5', '5', '5', '5', '5', '5', '5', '5', '5', '5', '5', '5', '5', '5', '5', '5', '5', '5', '5', '5', '5', '5', '5', '5', '5', '5', '5', '5', '5', '5', '5', '5', '5', '5', '5', '5', '5', '5', '5', '5', '5', '5', '5', '5', '5', '5', '5', '5', '5', '5', '5', '5', '5', '5', '5', '5', '5', '5', '5', '5', '5', '5', '5', '5', '5', '5', '5', '5', '5', '5', '5', '5', '5', '5', '5', '5', '5', '5', '5', '5', '5', '5', '5', '5', '5', '5', '5', '5', '5', '5', '5', '5', '5', '5', '5', '5', '5', '5', '5', '5', '5', '5', '5', '5', '5', '5', '5', '5', '5', '5', '5', '5', '5', '5', '5', '5', '5', '5', '5', '5', '5', '5', '5', '5', '5', '5', '5', '5', '5', '5', '5', '5', '5', '5', '5', '5', '5', '5', '5', '5', '5', '5', '5', '5', '5', '5', '5', '5', '5', '5', '5', '5', '5', '5', '5', '5', '5', '5', '5', '5', '5', '5', '5', '5', '5', '5', '5', '5', '5', '5', '5', '5', '5', '5', '5', '5', '5', '5', '5', '5', '5', '5', '5', '5', '5', '5', '5', '5', '5', '5', '5', '5', '5', '5', '5', '5', '5', '5', '5', '5', '5', '5', '5', '5', '5', '5', '5', '5', '5', '5', '5', '5', '5', '5', '5', '5', '5', '5', '5', '5', '5', '5', '5', '5', '5', '5', '5', '5', '5', '5', '5', '5', '5', '5', '5', '5', '5', '5', '5', '5', '5', '5', '5', '5', '5', '5', '5', '5', '5', '5', '5', '5', '5', '5', '5', '5', '5', '5', '5', '5', '5', '5', '5', '5', '5', '5', '5', '5', '5', '5', '5', '5', '5', '5', '5', '5', '5', '5', '5', '5', '5', '5', '5', '5', '5', '5', '5', '5', '5', '5', '5', '5', '5', '5', '5', '5', '5', '5', '5', '5', '5', '5', '5', '5', '5', '5', '5', '5', '5', '5', '5', '5', '5', '5', '5', '5', '5', '5', '5', '5', '5', '5', '5', '5', '5', '5', '5', '5', '5', '5', '5', '5', '5', '5', '5', '5', '5', '5', '5', '5', '5', '5', '5', '5', '5', '5', '5', '5', '5', '5', '5', '5', '5', '5', '5', '5', '5', '5', '5', '5', '5', '5', '5', '5', '5', '5', '5', '5', '5', '5', '5', '5', '5', '5', '5', '5', '5', '5', '5', '5', '5', '5', '5', '5', '5', '5', '5', '5', '5', '5', '5', '5', '5', '5', '5', '5', '5', '5', '5', '5', '5', '5', '5', '5', '5', '5', '5', '5', '5', '5', '5', '5', '5', '5', '5', '5', '5', '5', '5', '5', '5', '5', '5', '5', '5', '5', '5', '5', '5', '5', '5', '5', '5', '5', '5', '5', '5', '5', '5', '5', '5', '5', '5', '5', '5', '5', '5', '5', '5', '5', '5', '5', '5', '5', '5', '5', '5', '5', '5', '5', '5', '5', '5', '5', '5', '5', '5', '5', '5', '5', '5', '5', '5', '5', '5', '5', '5', '5', '5', '5', '5', '5', '5', '5', '5', '5', '5', '5', '5', '5', '5', '5', '5', '5', '5', '5', '5', '5', '5', '5', '5', '5', '5', '5', '5', '5', '5', '5', '5', '5', '5', '5', '5', '5', '5', '5', '5', '5', '5', '5', '5', '5', '5', '5', '5', '5', '5', '5', '5', '5', '5', '5', '5', '5', '5', '5', '5', '5', '5', '5', '5', '5', '5', '5', '5', '5', '5', '5', '5', '5', '5', '5', '5', '5', '5', '5', '5', '5', '5', '5', '5', '5', '5', '5', '5', '5', '5', '5', '5', '5', '5', '5', '5', '5', '5', '5', '5', '5', '5', '5', '5', '5', '5', '5', '5', '5', '5', '5', '5', '5', '5', '5', '5', '5', '5', '5', '5', '5', '5', '5', '5', '5', '5', '5', '5', '5', '5', '5', '5', '5', '5', '5', '5', '5', '5', '5', '5', '5', '5', '5', '5', '5', '5', '5', '5', '5', '5', '5', '5', '5', '5', '5', '5', '5', '5', '5', '5', '5', '5', '5', '5', '5', '5', '5', '5', '5', '5', '5', '5', '5', '5', '5', '5', '5', '5', '5', '5', '5', '5', '5', '5', '5', '5', '5', '5', '5', '5', '5', '5', '5', '5', '5', '5', '5', '5', '5', '5', '5', '5', '5', '5', '5', '5', '5', '5', '5', '5', '5', '5', '5', '5', '5', '5', '5', '5', '5', '5', '5', '5', '5', '5', '5', '5', '5', '5', '5', '5', '5', '5', '5', '5', '5', '5', '5', '5', '5', '5', '5', '5', '5', '5', '5', '5', '5', '5', '5', '5', '5', '5', '5', '5', '5', '5', '5', '5', '5', '5', '5', '5', '5', '5', '5', '5', '5', '5', '5', '5', '5', '5', '5', '5', '5', '5', '5', '5', '5', '5', '5', '5', '5', '5', '5', '5', '5', '5', '5', '5', '5', '5', '5', '5', '5', '5', '5', '5', '5', '5', '5', '5', '5', '5', '5', '5', '5', '5', '5', '5', '5', '5', '5', '5', '5', '5', '5', '5', '5', '5', '5', '5', '5', '5', '5', '5', '5', '5', '5', '5', '5', '5', '5', '5', '5', '5', '5', '5', '5', '5', '5', '5', '5', '5', '5', '5', '5', '5', '5', '5', '5', '5', '5', '5', '5', '5', '5', '5', '5', '5', '5', '5', '5', '5', '5', '5', '5', '5', '5', '5', '5', '5', '5', '5', '5', '5', '5', '5', '5', '5', '5', '5', '5', '5', '5', '5', '5', '5', '5', '5', '5', '5', '5', '5', '5', '5', '5', '5', '5', '5', '5', '5', '5', '5', '5', '5', '5', '5', '5', '5', '5', '5', '5', '5', '5', '5', '5', '5', '5', '5', '5', '5', '5', '5', '5', '5', '5', '5', '5', '5', '5', '5', '5', '5', '5', '5', '5', '5', '5', '5', '5', '5', '5', '5', '5', '5', '5', '5', '5', '5', '5', '5', '5', '5', '5', '5', '5', '5', '5', '5', '5', '5', '5', '5', '5', '5', '5', '5', '5', '5', '5', '5', '5', '5', '5', '5', '5', '5', '5', '5', '5', '5', '5', '5', '5', '5', '5', '5', '5', '5', '5', '5', '5', '5', '5', '5', '5', '5', '5', '5', '5', '5', '5', '5', '5', '5', '5', '5', '5', '5', '5', '5', '5', '5', '5', '5', '5', '5', '5', '5', '5', '5', '5', '5', '5', '5', '5', '5', '5', '5', '5', '5', '5', '5', '5', '5', '5', '5', '5', '5', '5', '5', '5', '5', '5', '5', '5', '5', '5', '5', '5', '5', '5', '5', '5', '5', '5', '5', '5', '5', '5', '5', '5', '5', '5', '5', '5', '5', '5', '5', '5', '5', '5', '5', '5', '5', '5', '5', '5', '5', '5', '5', '5', '5', '5', '5', '5', '5', '5', '5', '5', '5', '5', '5', '5', '5', '5', '5', '5', '5', '5', '5', '5', '5', '5', '5', '5', '5', '5', '5', '5', '5', '5', '5', '5', '5', '5', '5', '5', '5', '5', '5', '5', '5', '5', '5', '5', '5', '5', '5', '5', '5', '5', '5', '5', '5', '5', '5', '5', '5', '5', '5', '5', '5', '5', '5', '5', '5', '5', '5', '5', '5', '5', '5', '5', '5', '5', '5', '5', '5', '5', '5', '5', '5', '5', '5', '5', '5', '5', '5', '5', '5', '5', '5', '5', '5', '5', '5', '5', '5', '5', '5', '5', '5', '5', '5', '5', '5', '5', '5', '5', '5', '5', '5', '5', '5', '5', '5', '5', '5', '5', '5', '5', '5', '5', '5', '5', '5', '5', '5', '5', '5', '5', '5', '5', '5', '5', '5', '5', '5', '5', '5', '5', '5', '5', '5', '5', '5', '5', '5', '5', '5', '5', '5', '5', '5', '5', '5', '5', '5', '5', '5', '5', '5', '5', '5', '5', '5', '5', '5', '5', '5', '5', '5', '5', '5', '5', '5', '5', '5', '5', '5', '5', '5', '5', '5', '5', '5', '5', '5', '5', '5', '5', '5', '5', '5', '5', '5', '5', '5', '5', '5', '5', '5', '5', '5', '5', '5', '5', '5', '5', '5', '5', '5', '5', '5', '5', '5', '5', '5', '5', '5', '5', '5', '5', '5', '5', '5', '5', '5', '5', '5', '5', '5', '5', '5', '5', '5', '5', '5', '5', '5', '5', '5', '5', '5', '5', '5', '5', '5', '5', '5', '5', '5', '5', '5', '5', '5', '5', '5', '5', '5', '5', '5', '5', '5', '5', '5', '5', '5', '5', '5', '5', '5', '5', '5', '5', '5', '5', '5', '5', '5', '5', '5', '5', '5', '5', '5', '5', '5', '5', '5', '5', '5', '5', '5', '5', '5', '5', '5', '5', '5', '5', '5', '5', '5', '5', '5', '5', '5', '5', '5', '5', '5', '5', '5', '5', '5', '5', '5', '5', '5', '5', '5', '5', '5', '5', '5', '5', '5', '5', '5', '5', '5', '5', '5', '5', '5', '5', '5', '5', '5', '5', '5', '5', '5', '5', '5', '5', '5', '5', '5', '5', '5', '5', '5', '5', '5', '5', '5', '5', '5', '5', '5', '5', '5', '5', '5', '5', '5', '5', '5', '5', '5', '5', '5', '5', '5', '5', '5', '5', '5', '5', '5', '5', '5', '5', '5', '5', '5', '5', '5', '5', '5', '5', '5', '5', '5', '5', '5', '5', '5', '5', '5', '5', '5', '5', '5', '5', '5', '5', '5', '5', '5', '5', '5', '5', '5', '5', '5', '5', '5', '5', '5', '5', '5', '5', '5', '5', '5', '5', '5', '5', '5', '5', '5', '5', '5', '5', '5', '5', '5', '5', '5', '5', '5', '5', '5', '5', '5', '5', '5', '5', '5', '5', '5', '5', '5', '5', '5', '5', '5', '5', '5', '5', '5', '5', '5', '5', '5', '5', '5', '5', '5', '5', '5', '5', '5', '5', '5', '5', '5', '5', '5', '5', '5', '5', '5', '5', '5', '5', '5', '5', '5', '5', '5', '5', '5', '5', '5', '5', '5', '5', '5', '5', '5', '5', '5', '5', '5', '5', '5', '5', '5', '5', '5', '5', '5', '5', '5', '5', '5', '5', '5', '5', '5', '5', '5', '5', '5', '5', '5', '5', '5', '5', '5', '5', '5', '5', '5', '5', '5', '5', '5', '5', '5', '5', '5', '5', '5', '5', '5', '5', '5', '5', '5', '5', '5', '5', '5', '5', '5', '5', '5', '5', '5', '5', '5', '5', '5', '5', '5', '5', '5', '5', '5', '5', '5', '5', '5', '5', '5', '5', '5', '5', '5', '5', '5', '5', '5', '5', '5', '5', '5', '5', '5', '5', '5', '5', '5', '5', '5', '5', '5', '5', '5', '5', '5', '5', '5', '5', '5', '5', '5', '5', '5', '5', '5', '5', '5', '5', '5', '5', '5', '5', '5', '5', '5', '5', '5', '5', '5', '5', '5', '5', '5', '5', '5', '5', '5', '5', '5', '5', '5', '5', '5', '5', '5', '5', '5', '5', '5', '5', '5', '5', '5', '5', '5', '5', '5', '5', '5', '5', '5', '5', '5', '5', '5', '5', '5', '5', '5', '5', '5', '5', '5', '5', '5', '5', '5', '5', '5', '5', '5', '5', '5', '5', '5', '5', '5', '5', '5', '5', '5', '5', '5', '5', '5', '5', '5', '5', '5', '5', '5', '5', '5', '5', '5', '5', '5', '5', '5', '5', '5', '5', '5', '5', '5', '5', '5', '5', '5', '5', '5', '5', '5', '5', '5', '5', '5', '5', '5', '5', '5', '5', '5', '5', '5', '5', '5', '5', '5', '5', '5', '5', '5', '5', '5', '5', '5', '5', '5', '5', '5', '5', '5', '5', '5', '5', '5', '5', '5', '5', '5', '5', '5', '5', '5', '5', '5', '5', '5', '5', '5', '5', '5', '5', '5', '5', '5', '5', '5', '5', '5', '5', '5', '5', '5', '5', '5', '5', '5', '5', '5', '5', '5', '5', '5', '5', '5', '5', '5', '5', '5', '5', '5', '5', '5', '5', '5', '5', '5', '5', '5', '5', '5', '5', '5', '5', '5', '5', '5', '5', '5', '5', '5', '5', '5', '5', '5', '5', '5', '5', '5', '5', '5', '5', '5', '5', '5', '5', '5', '5', '5', '5', '5', '5', '5', '5', '5', '5', '5', '5', '5', '5', '5', '5', '5', '5', '5', '5', '5', '5', '5', '5', '5', '5', '5', '5', '5', '5', '5', '5', '5', '5', '5', '5', '5', '5', '5', '5', '5', '5', '5', '5', '5', '5', '5', '5', '5', '5', '5', '5', '5', '5', '5', '5', '5', '5', '5', '5', '5', '5', '5', '5', '5', '5', '5', '5', '5', '5', '5', '5', '5', '5', '5', '5', '5', '5', '5', '5', '5', '5', '5', '5', '5', '5', '5', '5', '5', '5', '5', '5', '5', '5', '5', '5', '5', '5', '5', '5', '5', '5', '5', '5', '5', '5', '5', '5', '5', '5', '5', '5', '5', '5', '5', '5', '5', '5', '5', '5', '5', '5', '5', '5', '5', '5', '5', '5', '5', '5', '5', '5', '5', '5', '5', '5', '5', '5', '5', '5', '5', '5', '5', '5', '5', '5', '5', '5', '5', '5', '5', '5', '5', '5', '5', '5', '5', '5', '5', '5', '5', '5', '5', '5', '5', '5', '5', '5', '5', '5', '5', '5', '5', '5', '5', '5', '5', '5', '5', '5', '5', '5', '5', '5', '5', '5', '5', '5', '5', '5', '5', '5', '5', '5', '5', '5', '5', '5', '5', '5', '5', '5', '5', '5', '5', '5', '5', '5', '5', '5', '5', '5', '5', '5', '5', '5', '5', '5', '5', '5', '5', '5', '5', '5', '5', '5', '5', '5', '5', '5', '5', '5', '5', '5', '5', '5', '5', '5', '5', '5', '5', '5', '5', '5', '5', '5', '5', '5', '5', '5', '5', '5', '5', '5', '5', '5', '5', '5', '5', '5', '5', '5', '5', '5', '5', '5', '5', '5', '5', '5', '5', '5', '5', '5', '5', '5', '5', '5', '5', '5', '5', '5', '5', '5', '5', '5', '5', '5', '5', '5', '5', '5', '5', '5', '5', '5', '5', '5', '5', '5', '5', '5', '5', '5', '5', '5', '5', '5', '5', '5', '5', '5', '5', '5', '5', '5', '5', '5', '5', '5', '5', '5', '5', '5', '5', '5', '5', '5', '5', '5', '5', '5', '5', '5', '5', '5', '5', '5', '5', '5', '5', '5', '5', '5', '5', '5', '5', '5', '5', '5', '5', '5', '5', '5', '5', '5', '5', '5', '5', '5', '5', '5', '5', '5', '5', '5', '5', '5', '5', '5', '5', '5', '5', '5', '5', '5', '5', '5', '5', '5', '5', '5', '5', '5', '5', '5', '5', '5', '5', '5', '5', '5', '5', '5', '5', '5', '5', '5', '5', '5', '5', '5', '5', '5', '5', '5', '5', '5', '5', '5', '5', '5', '5', '5', '5', '5', '5', '5', '5', '5', '5', '5', '5', '5', '5', '5', '5', '5', '5', '5', '5', '5', '5', '5', '5', '5', '5', '5', '5', '5', '5', '5', '5', '5', '5', '5', '5', '5', '5', '5', '5', '5', '5', '5', '5', '5', '5', '5', '5', '5', '5', '5', '5', '5', '5', '5', '5', '5', '5', '5', '5', '5', '5', '5', '5', '5', '5', '5', '5', '5', '5', '5', '5', '5', '5', '5', '5', '5', '5', '5', '5', '5', '5', '5', '5', '5', '5', '5', '5', '5', '5', '5', '5', '5', '5', '5', '5', '5', '5', '5', '5', '5', '5', '5', '5', '5', '5', '5', '5', '5', '5', '5', '5', '5', '5', '5', '5', '5', '5', '5', '5', '5', '5', '5', '5', '5', '5', '5', '5', '5', '5', '5', '5', '5', '5', '5', '5', '5', '5', '5', '5', '5', '5', '5', '5', '5', '5', '5', '5', '5', '5', '5', '5', '5', '5', '5', '5', '5', '5', '5', '5', '5', '5', '5', '5', '5', '5', '5', '5', '5', '5', '5', '5', '5', '5', '5', '5', '5', '5', '5', '5', '5', '5', '5', '5', '5', '5', '5', '5', '5', '5', '5', '5', '5', '5', '5', '5', '5', '5', '5', '5', '5', '5', '5', '5', '5', '5', '5', '5', '5', '5', '5', '5', '5', '5', '5', '5', '5', '5', '5', '5', '5', '5', '5', '5', '5', '5', '5', '5', '5', '5', '5', '5', '5', '5', '5', '5', '5', '5', '5', '5', '5', '5', '5', '5', '5', '5', '5', '5', '5', '5', '5', '5', '5', '5', '5', '5', '5', '5', '5', '5', '5', '5', '5', '5', '5', '5', '5', '5', '5', '5', '5', '5', '5', '5', '5', '5', '5', '5', '5', '5', '5', '5', '5', '5', '5', '5', '5', '5', '5', '5', '5', '5', '5', '5', '5', '5', '5', '5', '5', '5', '5', '5', '5', '5', '5', '5', '5', '5', '5', '5', '5', '5', '5', '5', '5', '5', '5', '5', '5', '5', '5', '5', '5', '5', '5', '5', '5', '5', '5', '5', '5', '5', '5', '5', '5', '5', '5', '5', '5', '5', '5', '5', '5', '5', '5', '5', '5', '5', '5', '5', '5', '5', '5', '5', '5', '5', '5', '5', '5', '5', '5', '5', '5', '5', '5', '5', '5', '5', '5', '5', '5', '5', '5', '5', '5', '5', '5', '5', '5', '5', '5', '5', '5', '5', '5', '5', '5', '5', '5', '5', '5', '5', '5', '5', '5', '5', '5', '5', '5', '5', '5', '5', '5', '5', '5', '5', '5', '5', '5', '5', '5', '5', '5', '5', '5', '5', '5', '5', '5', '5', '5', '5', '5', '5', '5', '5', '5', '5', '5', '5', '5', '5', '5', '5', '5', '5', '5', '5', '5', '5', '5', '5', '5', '5', '5', '5', '5', '5', '5', '5', '5', '5', '5', '5', '5', '5', '5', '5', '5', '5', '5', '5', '5', '5', '5', '5', '5', '5', '5', '5', '5', '5', '5', '5', '5', '5', '5', '5', '5', '5', '5', '5', '5', '5', '5', '5', '5', '5', '5', '5', '5', '5', '5', '5', '5', '5', '5', '5', '5', '5', '5', '5', '5', '5', '5', '5', '5', '5', '5', '5', '5', '5', '5', '5', '5', '5', '5', '5', '5', '5', '5', '5', '5', '5', '5', '5', '5', '5', '5', '5', '5', '5', '5', '5', '5', '5', '5', '5', '5', '5', '5', '5', '5', '5', '5', '5', '5', '5', '5', '5', '5', '5', '5', '5', '5', '5', '5', '5', '5', '5', '5', '5', '5', '5', '5', '5', '5', '5', '5', '5', '5', '5', '5', '5', '5', '5', '5', '5', '5', '5', '5', '5', '5', '5', '5', '5', '5', '5', '5', '5', '5', '5', '5', '5', '5', '5', '5', '5', '5', '5', '5', '5', '5', '5', '5', '5', '5', '5', '5', '5', '5', '5', '5', '5', '5', '5', '5', '5', '5', '5', '5', '5', '5', '5', '5', '5', '5', '5', '5', '5', '5', '5', '5', '5', '5', '5', '5', '5', '5', '5', '5', '5', '5', '5', '5', '5', '5', '5', '5', '5', '5', '5', '5', '5', '5', '5', '5', '5', '5', '5', '5', '5', '5', '5', '5', '5', '5', '5', '5', '5', '5', '5', '5', '5', '5', '5', '5', '5', '5', '5', '5', '5', '5', '5', '5', '5', '5', '5', '5', '5', '5', '5', '5', '5', '5', '5', '5', '5', '5', '5', '5', '5', '5', '5', '5', '5', '5', '5', '5', '5', '5', '5', '5', '5', '5', '5', '5', '5', '5', '5', '5', '5', '5', '5', '5', '5', '5', '5', '5', '5', '5', '5', '5', '5', '5', '5', '5', '5', '5', '5', '5', '5', '5', '5', '5', '5', '5', '5', '5', '5', '5', '5', '5', '5', '5', '5', '5', '5', '5', '5', '5', '5', '5', '5', '5', '5', '5', '5', '5', '5', '5', '5', '5', '5', '5', '5', '5', '5', '5', '5', '5', '5', '5', '5', '5', '5', '5', '5', '5', '5', '5', '5', '5', '5', '5', '5', '5', '5', '5', '5', '5', '5', '5', '5', '5', '5', '5', '5', '5', '5', '5', '5', '5', '5', '5', '5', '5', '5', '5', '5', '5', '5', '5', '5', '5', '5', '5', '5', '5', '5', '5', '5', '5', '5', '5', '5', '5', '5', '5', '5', '5', '5', '5', '5', '5', '5', '5', '5', '5', '5', '5', '5', '5', '5', '5', '5', '5', '5', '5', '5', '5', '5', '5', '5', '5', '5', '5', '5', '5', '5', '5', '5', '5', '5', '5', '5', '5', '5', '5', '5', '5', '5', '5', '5', '5', '5', '5', '5', '5', '5', '5', '5', '5', '5', '5', '5', '5', '5', '5', '5', '5', '5', '5', '5', '5', '5', '5', '5', '5', '5', '5', '5', '5', '5', '5', '5', '5', '5', '5', '5', '5', '5', '5', '5', '5', '5', '5', '5', '5', '5', '5', '5', '5', '5', '5', '5', '5', '5', '5', '5', '5', '5', '5', '5', '5', '5', '5', '5', '5', '5', '5', '5', '5', '5', '5', '5', '5', '5', '5', '5', '5', '5', '5', '0', '0', '0', '0', '0', '0', '0', '0', '0', '0', '0', '0', '0', '0', '0', '0', '0', '0', '0', '0', '0', '0', '0', '0', '0', '0', '0', '0', '0', '0', '0', '0', '0', '0', '0', '0', '0', '0', '0', '0', '0', '0', '0', '0', '0', '0', '0', '0', '0', '0', '0', '0', '0', '0', '0', '0', '0', '0', '0', '0', '0', '0', '0', '0', '0', '0', '0', '0', '0', '0', '0', '0', '0', '0', '0', '0', '0', '0', '0', '0', '0', '0', '0', '0', '0', '0', '0', '0', '0', '0', '0', '0', '0', '0', '0', '0', '0', '0', '0', '0', '0', '0', '0', '0', '0', '0', '0', '0', '0', '0', '0', '0', '0', '0', '0', '0', '0', '0', '0', '0', '0', '0', '0', '0', '0', '0', '0', '0', '0', '0', '0', '0', '0', '0', '0', '0', '0', '0', '0', '0', '0', '0', '0', '0', '0', '0', '0', '0', '0', '0', '0', '0', '0', '0', '0', '0', '0', '0', '0', '0', '0', '0', '0', '0', '0', '0', '0', '0', '0', '0', '0', '0', '0', '0', '0', '0', '0', '0', '0', '0', '0', '0', '0', '0', '0', '0', '0', '0', '0', '0', '0', '0', '0', '0', '0', '0', '0', '0', '0', '0', '0', '0', '0', '0', '0', '0', '0', '0', '0', '0', '0', '0', '0', '0', '0', '0', '0', '0', '0', '0', '0', '0', '0', '0', '0', '0', '0', '0', '0', '0', '0', '0', '0', '0', '0', '0', '0', '0', '0', '0', '0', '0', '0', '0', '0', '0', '0', '0', '0', '0', '0', '0', '0', '0', '0', '0', '0', '0', '0', '0', '0', '0', '0', '0', '0', '0', '0', '0', '0', '0', '0', '0', '0', '0', '0', '0', '0', '0', '0', '0', '0', '0', '0', '0', '0', '0', '0', '0', '0', '0', '0', '0', '0', '0', '0', '0', '0', '0', '0', '0', '0', '0', '0', '0', '0', '0', '0', '0', '0', '0', '0', '0', '0', '0', '0', '0', '0', '0', '0', '0', '0', '0', '0', '0', '0', '0', '0', '0', '0', '0', '0', '0', '0', '0', '0', '0', '0', '0', '0', '0', '0', '0', '0', '0', '0', '0', '0', '0', '0', '0', '0', '0', '0', '0', '0', '0', '0', '0', '0', '0', '0', '0', '0', '0', '0', '0', '0', '0', '0', '0', '0', '0', '0', '0', '0', '0', '0', '0', '0', '0', '0', '0', '0', '0', '0', '0', '0', '0', '0', '0', '0', '0', '0', '0', '0', '0', '0', '0', '0', '0', '0', '0', '0', '0', '0', '0', '0', '0', '0', '0', '0', '0', '0', '0', '0', '0', '0', '0', '0', '0', '0', '0', '0', '0', '0', '0', '0', '0', '0', '0', '0', '0', '0', '0', '0', '0', '0', '0', '0', '0', '0', '0', '0', '0', '0', '0', '0', '0', '0', '0', '0', '0', '0', '0', '0', '0', '0', '0', '0', '0', '0', '0', '0', '0', '0', '0', '0', '0', '0', '0', '0', '0', '0', '0', '0', '0', '0', '0', '0', '0', '0', '0', '0', '0', '0', '0', '0', '0', '0', '0', '0', '0', '0', '0', '0', '0', '0', '0', '0', '0', '0', '0', '0', '0', '0', '0', '0', '0', '0', '0', '0', '0', '0', '0', '0', '0', '0', '0', '0', '0', '0', '0', '0', '0', '0', '0', '0', '0', '0', '0', '0', '0', '0', '0', '0', '0', '0', '0', '0', '0', '0', '0', '0', '0', '0', '0', '0', '0', '0', '0', '0', '0', '0', '0', '0', '0', '0', '0', '0', '0', '0', '0', '0', '0', '0', '0', '0', '0', '0', '0', '0', '0', '0', '0', '0', '0', '0', '0', '0', '0', '0', '0', '0', '0', '0', '0', '0', '0', '0', '0', '0', '0', '0', '0', '0', '0', '0', '0', '0', '0', '0', '0', '0', '0', '0', '0', '0', '0', '0', '0', '0', '0', '0', '0', '0', '0', '0', '0', '0', '0', '0', '0', '0', '0', '0', '0', '0', '0', '0', '0', '0', '0', '0', '0', '0', '0', '0', '0', '0', '0', '0', '0', '0', '0', '0', '0', '0', '0', '0', '0', '0', '0', '0', '0', '0', '0', '0', '0', '0', '0', '0', '0', '0', '0', '0', '0', '0', '0', '0', '0', '0', '0', '0', '0', '0', '0', '0', '0', '0', '0', '0', '0', '0', '0', '0', '0', '0', '0', '0', '0', '0', '0', '0', '0', '0', '0', '0', '0', '0', '0', '0', '0', '0', '0', '0', '0', '0', '0', '0', '0', '0', '0', '0', '0', '0', '0', '0', '0', '0', '0', '0', '0', '0', '0', '0', '0', '0', '0', '0', '0', '0', '0', '0', '0', '0', '0', '0', '0', '0', '0', '0', '0', '0', '0', '0', '0', '0', '0', '0', '0', '0', '0', '0', '0', '0', '0', '0', '0', '0', '0', '0', '0', '0', '0', '0', '0', '0', '0', '0', '0', '0', '0', '0', '0', '0', '0', '0', '0', '0', '0', '0', '0', '0', '0', '0', '0', '0', '0', '0', '0', '0', '0', '0', '0', '0', '0', '0', '0', '0', '0', '0', '0', '0', '0', '0', '0', '0', '0', '0', '0', '0', '0', '0', '0', '0', '0', '0', '0', '0', '0', '0', '0', '0', '0', '0', '0', '0', '0', '0', '0', '0', '0', '0', '0', '0', '0', '0', '0', '0', '0', '0', '0', '0', '0', '0', '0', '0', '0', '0', '0', '0', '0', '0', '0', '0', '0', '0', '0', '0', '0', '0', '0', '0', '0', '0', '0', '0', '0', '0', '0', '0', '0', '0', '0', '0', '0', '0', '0', '0', '0', '0', '0', '0', '0', '0', '0', '0', '0', '0', '0', '0', '0', '0', '0', '0', '0', '0', '0', '0', '0', '0', '0', '0', '0', '0', '0', '0', '0', '0', '0', '0', '0', '0', '0', '0', '0', '0', '0', '0', '0', '0', '0', '0', '0', '0', '0', '0', '0', '0', '0', '0', '0', '0', '0', '0', '0', '0', '0', '0', '0', '0', '0', '0', '0', '0', '0', '0', '0', '0', '0', '0', '0', '0', '0', '0', '0', '0', '0', '0', '0', '0', '0', '0', '0', '0', '0', '0', '0', '0', '0', '0', '0', '0', '0', '0', '0', '0', '0', '0', '0', '0', '0', '0', '0', '0', '0', '0', '0', '0', '0', '0', '0', '0', '0', '0', '0', '0', '0', '0', '0', '0', '0', '0', '0', '0', '0', '0', '0', '0', '0', '0', '0', '0', '0', '0', '0', '0', '0', '0', '0', '0', '0', '0', '0', '0', '0', '0', '0', '0', '0', '0', '0', '0', '0', '0', '0', '0', '0', '0', '0', '0', '0', '0', '0', '0', '0', '0', '0', '0', '0', '0', '0', '0', '0', '0', '0', '0', '0', '0', '0', '0', '0', '0', '0', '0', '0', '0', '0', '0', '0', '0', '0', '0', '0', '0', '0', '0', '0', '0', '0', '0', '0', '0', '0', '0', '0', '0', '0', '0', '0', '0', '0', '0', '0', '0', '0', '0', '0', '0', '0', '0', '0', '0', '0', '0', '0', '0', '0', '0', '0', '0', '0', '0', '0', '0', '0', '0', '0', '0', '0', '0', '0', '0', '0', '0', '0', '0', '0', '0', '0', '0', '0', '0', '0', '0', '0', '0', '0', '0', '0', '0', '0', '0', '0', '0', '0', '0', '0', '0', '0', '0', '0', '0', '0', '0', '0', '0', '0', '0', '0', '0', '0', '0', '0', '0', '0', '0', '0', '0', '0', '0', '0', '0', '0', '0', '0', '0', '0', '0', '0', '0', '0', '0', '0', '0', '0', '0', '0', '0', '0', '0', '0', '0', '0', '0', '0', '0', '0', '0', '0', '0', '0', '0', '0', '0', '0', '0', '0', '0', '0', '0', '0', '0', '0', '0', '0', '0', '0', '0', '0', '0', '0', '0', '0', '0', '0', '0', '0', '0', '0', '0', '0', '0', '0', '0', '0', '0', '0', '0', '0', '0', '0', '0', '0', '0', '0', '0', '0', '0', '0', '0', '0', '0', '0', '0', '0', '0', '0', '0', '0', '0', '0', '0', '0', '0', '0', '0', '0', '0', '0', '0', '0', '0', '0', '0', '0', '0', '0', '0', '0', '0', '0', '0', '0', '0', '0', '0', '0', '0', '0', '0', '0', '0', '0', '0', '0', '0', '0', '0', '0', '0', '0', '0', '0', '0', '0', '0', '0', '0', '0', '0', '0', '0', '0', '0', '0', '0', '0', '0', '0', '0', '0', '0', '0', '0', '0', '0', '0', '0', '0', '0', '0', '0', '0', '0', '0', '0', '0', '0', '0', '0', '0', '0', '0', '0', '0', '0', '0', '0', '0', '0', '0', '0', '0', '0', '0', '0', '0', '0', '0', '0', '0', '0', '0', '0', '0', '0', '0', '0', '0', '0', '0', '0', '0', '0', '0', '0', '0', '0', '0', '0', '0', '0', '0', '0', '0', '0', '0', '0', '0', '0', '0', '0', '0', '0', '0', '0', '0', '0', '0', '0', '0', '0', '0', '0', '0', '0', '0', '0', '0', '0', '0', '0', '0', '0', '0', '0', '0', '0', '0', '0', '0', '0', '0', '0', '0', '0', '0', '0', '0', '0', '0', '0', '0', '0', '0', '0', '0', '0', '0', '0', '0', '0', '0', '0', '0', '0', '0', '0', '0', '0', '0', '0', '0', '0', '0', '0', '0', '0', '0', '0', '0', '0', '0', '0', '0', '0', '0', '0', '0', '0', '0', '0', '0', '0', '0', '0', '0', '0', '0', '0', '0', '0', '0', '0', '0', '0', '0', '0', '0', '0', '0', '0', '0', '0', '0', '0', '0', '0', '0', '0', '0', '0', '0', '0', '0', '0', '0', '0', '0', '0', '0', '0', '0', '0', '0', '0', '0', '0', '0', '0', '0', '0', '0', '0', '0', '0', '0', '0', '0', '0', '0', '0', '0', '0', '0', '0', '0', '0', '0', '0', '0', '0', '0', '0', '0', '0', '0', '0', '0', '0', '0', '0', '0', '0', '0', '0', '0', '0', '0', '0', '0', '0', '0', '0', '0', '0', '0', '0', '0', '0', '0', '0', '0', '0', '0', '0', '0', '0', '0', '0', '0', '0', '0', '0', '0', '0', '0', '0', '0', '0', '0', '0', '0', '0', '0', '0', '0', '0', '0', '0', '0', '0', '0', '0', '0', '0', '0', '0', '0', '0', '0', '0', '0', '0', '0', '0', '0', '0', '0', '0', '0', '0', '0', '0', '0', '0', '0', '0', '0', '0', '0', '0', '0', '0', '0', '0', '0', '0', '0', '0', '0', '0', '0', '0', '0', '0', '0', '0', '0', '0', '0', '0', '0', '0', '0', '0', '0', '0', '0', '0', '0', '0', '0', '0', '0', '0', '0', '0', '0', '0', '0', '0', '0', '0', '0', '0', '0', '0', '0', '0', '0', '0', '0', '0', '0', '0', '0', '0', '0', '0', '0', '0', '0', '0', '0', '0', '0', '0', '0', '0', '0', '0', '0', '0', '0', '0', '0', '0', '0', '0', '0', '0', '0', '0', '0', '0', '0', '0', '0', '0', '0', '0', '0', '0', '0', '0', '0', '0', '0', '0', '0', '0', '0', '0', '0', '0', '0', '0', '0', '0', '0', '0', '0', '0', '0', '0', '0', '0', '0', '0', '0', '0', '0', '0', '0', '0', '0', '0', '0', '0', '0', '0', '0', '0', '0', '0', '0', '0', '0', '0', '0', '0', '0', '0', '0', '0', '0', '0', '0', '0', '0', '0', '0', '0', '0', '0', '0', '0', '0', '0', '0', '0', '0', '0', '0', '0', '0', '0', '0', '0', '0', '0', '0', '0', '0', '0', '0', '0', '0', '0', '0', '0', '0', '0', '0', '0', '0', '0', '0', '0', '0', '0', '0', '0', '0', '0', '0', '0', '0', '0', '0', '0', '0', '0', '0', '0', '0', '0', '0', '0', '0', '0', '0', '0', '0', '0', '0', '0', '0', '0', '0', '0', '0', '0', '0', '0', '0', '0', '0', '0', '0', '0', '0', '0', '0', '0', '0', '0', '0', '0', '0', '0', '0', '0', '0', '0', '0', '0', '0', '0', '0', '0', '0', '0', '0', '0', '0', '0', '0', '0', '0', '0', '0', '0', '0', '0', '0', '0', '0', '0', '0', '0', '0', '0', '0', '0', '0', '0', '0', '0', '0', '0', '0', '0', '0', '0', '0', '0', '0', '0', '0', '0', '0', '0', '0', '0', '0', '0', '0', '0', '0', '0', '0', '0', '0', '0', '0', '0', '0', '0', '0', '0', '0', '0', '0', '0', '0', '0', '0', '0', '0', '0', '0', '0', '0', '0', '0', '0', '0', '0', '0', '0', '0', '0', '0', '0', '0', '0', '0', '0', '0', '0', '0', '0', '0', '0', '0', '0', '0', '0', '0', '0', '0', '0', '0', '0', '0', '0', '0', '0', '0', '0', '0', '0', '0', '0', '0', '0', '0', '0', '0', '0', '0', '0', '0', '0', '0', '0', '0', '0', '0', '0', '0', '0', '0', '0', '0', '0', '0', '0', '0', '0', '0', '0', '0', '0', '0', '0', '0', '0', '0', '0', '0', '0', '0', '0', '0', '0', '0', '0', '0', '0', '0', '0', '0', '0', '0', '0', '0', '0', '0', '0', '0', '0', '0', '0', '0', '0', '0', '0', '0', '0', '0', '0', '0', '0', '0', '0', '0', '0', '0', '0', '0', '0', '0', '0', '0', '0', '0', '0', '0', '0', '0', '0', '0', '0', '0', '0', '0', '0', '0', '0', '0', '0', '0', '0', '0', '0', '0', '0', '0', '0', '0', '0', '0', '0', '0', '0', '0', '0', '0', '0', '0', '0', '0', '0', '0', '0', '0', '0', '0', '0', '0', '0', '0', '0', '0', '0', '0', '0', '0', '0', '0', '0', '0', '0', '0', '0', '0', '0', '0', '0', '0', '0', '0', '0', '0', '0', '0', '0', '0', '0', '0', '0', '0', '0', '0', '0', '0', '0', '0', '0', '0', '0', '0', '0', '0', '0', '0', '0', '0', '0', '0', '0', '0', '0', '0', '0', '0', '0', '0', '0', '0', '0', '0', '0', '0', '0', '0', '0', '0', '0', '0', '0', '0', '0', '0', '0', '0', '0', '0', '0', '0', '0', '0', '0', '0', '0', '0', '0', '0', '0', '0', '0', '0', '0', '0', '0', '0', '0', '0', '0', '0', '0', '0', '0', '0', '0', '0', '0', '0', '0', '0', '0', '0', '0', '0', '0', '0', '0', '0', '0', '0', '0', '0', '0', '0', '0', '0', '0', '0', '0', '0', '0', '0', '0', '0', '0', '0', '0', '0', '0', '0', '0', '0', '0', '0', '0', '0', '0', '0', '0', '0', '0', '0', '0', '0', '0', '0', '0', '0', '0', '0', '0', '0', '0', '0', '0', '0', '0', '0', '0', '0', '0', '0', '0', '0', '0', '0', '0', '0', '0', '0', '0', '0', '0', '0', '0', '0', '0', '0', '0', '0', '0', '0', '0', '0', '0', '0', '0', '0', '0', '0', '0', '0', '0', '0', '0', '0', '0', '0', '0', '0', '0', '0', '0', '0', '0', '0', '0', '0', '0', '0', '0', '0', '0', '0', '0', '0', '0', '0', '0', '0', '0', '0', '0', '0', '0', '0', '0', '0', '0', '0', '0', '0', '0', '0', '0', '0', '0', '0', '0', '0', '0', '0', '0', '0', '0', '0', '0', '0', '0', '0', '0', '0', '0', '0', '0', '0', '0', '0', '0', '0', '0', '0', '0', '0', '0', '0', '0', '0', '0', '0', '0', '0', '0', '0', '0', '0', '0', '0', '0', '0', '0', '0', '0', '0', '0', '0', '0', '0', '0', '0', '0', '0', '0', '0', '0', '0', '0', '0', '0', '0', '0', '0', '0', '0', '0', '0', '0', '0', '0', '0', '0', '0', '0', '0', '0', '0', '0', '0', '0', '0', '0', '0', '0', '0', '0', '0', '0', '0', '0', '0', '0', '0', '0', '0', '0', '0', '0', '0', '0', '0', '0', '0', '0', '0', '0', '0', '0', '0', '0', '0', '0', '0', '0', '0', '0', '0', '0', '0', '0', '0', '0', '0', '0', '0', '0', '0', '0', '0', '0', '0', '0', '0', '0', '0', '0', '0', '0', '0', '0', '0', '0', '0', '0', '0', '0', '0', '0', '0', '0', '0', '0', '0', '0', '0', '0', '0', '0', '0', '0', '0', '0', '0', '0', '0', '0', '0', '0', '0', '0', '0', '0', '0', '0', '0', '0', '0', '0', '0', '0', '0', '0', '0', '0', '0', '0', '0', '0', '0', '0', '0', '0', '0', '0', '0', '0', '0', '0', '0', '0', '0', '0', '0', '0', '0', '0', '0', '0', '0', '0', '0', '0', '0', '0', '0', '0', '0', '0', '0', '0', '0', '0', '0', '0', '0', '0', '0', '0', '0', '0', '0', '0', '0', '0', '0', '0', '0', '0', '0', '0', '0', '0', '0', '0', '0', '0', '0', '0', '0', '0', '0', '0', '0', '0', '0', '0', '0', '0', '0', '0', '0', '0', '0', '0', '0', '0', '0', '0', '0', '0', '0', '0', '0', '0', '0', '0', '0', '0', '0', '0', '0', '0', '0', '0', '0', '0', '0', '0', '0', '0', '0', '0', '0', '0', '0', '0', '0', '0', '0', '0', '0', '0', '0', '0', '0', '0', '0', '0', '0', '0', '0', '0', '0', '0', '0', '0', '0', '0', '0', '0', '0', '0', '0', '0', '0', '0', '0', '0', '0', '0', '0', '0', '0', '0', '0', '0', '0', '0', '0', '0', '0', '0', '0', '0', '0', '0', '0', '0', '0', '0', '0', '0', '0', '0', '0', '0', '0', '0', '0', '0', '0', '0', '0', '0', '0', '0', '0', '0', '0', '0', '0', '0', '0', '0', '0', '0', '0', '0', '0', '0', '0', '0', '0', '0', '0', '0', '0', '0', '0', '0', '0', '0', '0', '0', '0', '0', '0', '0', '0', '0', '0', '0', '0', '0', '0', '0', '0', '0', '0', '0', '0', '0', '0', '0', '0', '0', '0', '0', '0', '0', '0', '0', '0', '0', '0', '0', '0', '0', '0', '0', '0', '0', '0', '0', '0', '0', '0', '0', '0', '0', '0', '0', '0', '0', '0', '0', '0', '0', '0', '0', '0', '0', '0', '0', '0', '0', '0', '0', '0', '0', '0', '0', '0', '0', '0', '0', '0', '0', '0', '0', '0', '0', '0', '0', '0', '0', '0', '0', '0', '0', '0', '0', '0', '0', '0', '0', '0', '0', '0', '0', '0', '0', '0', '0', '0', '0', '0', '0', '0', '0', '0', '0', '0', '0', '0', '0', '0', '0', '0', '0', '0', '0', '0', '0', '0', '0', '0', '0', '0', '0', '0', '0', '0', '0', '0', '0', '0', '0', '0', '0', '0', '0', '0', '0', '0', '0', '0', '0', '0', '0', '0', '0', '0', '0', '0', '0', '0', '0', '0', '0', '0', '0', '0', '0', '0', '0', '0', '0', '0', '0', '0', '0', '0', '0', '0', '0', '0', '0', '0', '0', '0', '0', '0', '0', '0', '0', '0', '0', '0', '0', '0', '0', '0', '0', '0', '0', '0', '0', '0', '0', '0', '0', '0', '0', '0', '0', '0', '0', '0', '0', '0', '0', '0', '0', '0', '0', '0', '0', '0', '0', '0', '0', '0', '0', '0', '0', '0', '0', '0', '0', '0', '0', '0', '0', '0', '0', '0', '0', '0', '0', '0', '0', '0', '0', '0', '0', '0', '0', '0', '0', '0', '0', '0', '0', '0', '0', '0', '0', '0', '0', '0', '0', '0', '0', '0', '0', '0', '0', '0', '0', '0', '0', '0', '0', '0', '0', '0', '0', '0', '0', '0', '0', '0', '0', '0', '0', '0', '0', '0', '0', '0', '0', '0', '0', '0', '0', '0', '0', '0', '0', '0', '0', '0', '0', '0', '0', '0', '0', '0', '0', '0', '0', '0', '0', '0', '0', '0', '0', '0', '0', '0', '0', '0', '0', '0', '0', '0', '0', '0', '0', '0', '0', '0', '0', '0', '0', '0', '0', '0', '0', '0', '0', '0', '0', '0', '0', '0', '0', '0', '0', '0', '0', '0', '0', '0', '0', '0', '0', '0', '0', '0', '0', '0', '0', '0', '0', '0', '0', '0', '0', '0', '0', '0', '0', '0', '0', '0', '0', '0', '0', '0', '0', '0', '0', '0', '0', '0', '0', '0', '0', '0', '0', '0', '0', '0', '0', '0', '0', '0', '0', '0', '0', '0', '0', '0', '0', '0', '0', '0', '0', '0', '0', '0', '0', '0', '0', '0', '0', '0', '0', '0', '0', '0', '0', '0', '0', '0', '0', '0', '0', '0', '0', '0', '0', '0', '0', '0', '0', '0', '0', '0', '0', '0', '0', '0', '0', '0', '0', '0', '0', '0', '0', '0', '0', '0', '0', '0', '0', '0', '0', '0', '0', '0', '0', '0', '0', '0', '0', '0', '0', '0', '0', '0', '0', '0', '0', '0', '0', '0', '0', '0', '0', '0', '0', '0', '0', '0', '0', '0', '0', '0', '0', '0', '0', '0', '0', '0', '0', '0', '0', '0', '0', '0', '0', '0', '0', '0', '0', '0', '0', '0', '0', '0', '0', '0', '0', '0', '0', '0', '0', '0', '0', '0', '0', '0', '0', '0', '0', '0', '0', '0', '0', '0', '0', '0', '0', '0', '0', '0', '0', '0', '0', '0', '0', '0', '0', '0', '0', '0', '0', '0', '0', '0', '0', '0', '0', '0', '0', '0', '0', '0', '0', '0', '0', '0', '0', '0', '0', '0', '0', '0', '0', '0', '0', '0', '0', '0', '0', '0', '0', '0', '0', '0', '0', '0', '0', '0', '0', '0', '0', '0', '0', '0', '0', '0', '0', '0', '0', '0', '0', '0', '0', '0', '0', '0', '0', '0', '0', '0', '0', '0', '0', '0', '0', '0', '0', '0', '0', '0', '0', '0', '0', '0', '0', '0', '0', '0', '0', '0', '0', '0', '0', '0', '0', '0', '0', '0', '0', '0', '0', '0', '0', '0', '0', '0', '0', '0', '0', '0', '0', '0', '0', '0', '0', '0', '0', '0', '0', '0', '0', '0', '0', '0', '0', '0', '0', '0', '0', '0', '0', '0', '0', '0', '0', '0', '0', '0', '0', '0', '0', '0', '0', '0', '0', '0', '0', '0', '0', '0', '0', '0', '0', '0', '0', '0', '0', '0', '0', '0', '0', '0', '0', '0', '0', '0', '0', '0', '0', '0', '0', '0', '0', '0', '0', '0', '0', '0', '0', '0', '0', '0', '0', '0', '0', '0', '0', '0', '0', '0', '0', '0', '0', '0', '0', '0', '0', '0', '0', '0', '0', '0', '0', '0', '0', '0', '0', '0', '0', '0', '0', '0', '0', '0', '0', '0', '0', '0', '0', '0', '0', '0', '0', '0', '0', '0', '0', '0', '0', '0', '0', '0', '0', '0', '0', '0', '0', '0', '0', '0', '0', '0', '0', '0', '0', '0', '0', '0', '0', '0', '0', '0', '0', '0', '0', '0', '0', '0', '0', '0', '0', '0', '0', '0', '0', '0', '0', '0', '0', '0', '0', '0', '0', '0', '0', '0', '0', '0', '0', '0', '0', '0', '0', '0', '0', '0', '0', '0', '0', '0', '0', '0', '0', '0', '0', '0', '0', '0', '0', '0', '0', '0', '0', '0', '0', '0', '0', '0', '0', '0', '0', '0', '0', '0', '0', '0', '0', '0', '0', '0', '0', '0', '0', '0', '0', '0', '0', '0', '0', '0', '0', '0', '0', '0', '0', '0', '0', '0', '0', '0', '0', '0', '0', '0', '0', '0', '0', '0', '0', '0', '0', '0', '0', '0', '0', '0', '0', '0', '0', '0', '0', '0', '0', '0', '0', '0', '0', '0', '0', '0', '0', '0', '0', '0', '0', '0', '0', '0', '0', '0', '0', '0', '0', '0', '0', '0', '0', '0', '0', '0', '0', '0', '0', '0', '0', '0', '0', '0', '0', '0', '0', '0', '0', '0', '0', '0', '0', '0', '0', '0', '0', '0', '0', '0', '0', '0', '0', '0', '0', '0', '0', '0', '0', '0', '0', '0', '0', '0', '0', '0', '0', '0', '0', '0', '0', '0', '0', '0', '0', '0', '0', '0', '0', '0', '0', '0', '0', '0', '0', '0', '0', '0', '0', '0', '0', '0', '0', '0', '0', '0', '0', '0', '0', '0', '0', '0', '0', '0', '0', '0', '0', '0', '0', '0', '0', '0', '0', '0', '0', '0', '0', '0', '0', '0', '0', '0', '0', '0', '0', '0', '0', '0', '0', '0', '0', '0', '0', '0', '0', '0', '0', '0', '0', '0', '0', '0', '0', '0', '0', '0', '0', '0', '0', '0', '0', '0', '0', '0', '0', '0', '0', '0', '0', '0', '0', '0', '0', '0', '0', '0', '0', '0', '0', '0', '0', '0', '0', '0', '0', '0', '0', '0', '0', '0', '0', '0', '0', '0', '0', '0', '0', '0', '0', '0', '0', '0', '0', '0', '0', '0', '0', '0', '0', '0', '0', '0', '0', '0', '0', '0', '0', '0', '0', '0', '0', '0', '0', '0', '0', '0', '0', '0', '0', '0', '0', '0', '0', '0', '0', '0', '0', '0', '0', '0', '0', '0', '0', '0', '0', '0', '0', '0', '0', '0', '0', '0', '0', '0', '0', '0', '0', '0', '0', '0', '0', '0', '0', '0', '0', '0', '0', '0', '0', '0', '0', '0', '0', '0', '0', '0', '0', '0', '0', '0', '0', '0', '0', '0', '0', '0', '0', '0', '0', '0', '0', '0', '0', '0', '0', '0', '0', '0', '0', '0', '0', '0', '0', '0', '0', '0', '0', '0', '0', '0', '0', '0', '0', '0', '0', '0', '0', '0', '0', '0', '0', '0', '0', '0', '0', '0', '0', '0', '0', '0', '0', '0', '0', '0', '0', '0', '0', '0', '0', '0', '0', '0', '0', '0', '0', '0', '0', '0', '0', '0', '0', '0', '0', '0', '0', '0', '0', '0', '0', '0', '0', '0', '0', '0', '0', '0', '0', '0', '0', '0', '0', '0', '0', '0', '0', '0', '0', '0', '0', '0', '0', '0', '0', '0', '0', '0', '0', '0', '0', '0', '0', '0', '0', '0', '0', '0', '0', '0', '0', '0', '0', '0', '0', '0', '0', '0', '0', '0', '0', '0', '0', '0', '0', '0', '0', '0', '0', '0', '0', '0', '0', '0', '0', '0', '0', '0', '0', '0', '0', '0', '0', '0', '0', '0', '0', '0', '0', '0', '0', '0', '0', '0', '0', '0', '0', '0', '0', '0', '0', '0', '0', '0', '0', '0', '0', '0', '0', '0', '0', '0', '0', '0', '0', '0', '0', '0', '0', '0', '0', '0', '0', '0', '0', '0', '0', '0', '0', '0', '0', '0', '0', '0', '0', '0', '0', '0', '0', '0', '0', '0', '0', '0', '0', '0', '0', '0', '0', '0', '0', '0', '0', '0', '0', '0', '0', '0', '0', '0', '0', '0', '0', '0', '0', '0', '0', '0', '0', '0', '0', '0', '0', '0', '0', '0', '0', '0', '0', '0', '0', '0', '0', '0', '0', '0', '0', '0', '0', '0', '0', '0', '0', '0', '0', '0', '0', '0', '0', '0', '0', '0', '0', '0', '0', '0', '0', '0', '0', '0', '0', '0', '0', '0', '0', '0', '0', '0', '0', '0', '0', '0', '0', '0', '0', '0', '0', '0', '0', '0', '0', '0', '0', '0', '0', '0', '0', '0', '0', '0', '0', '0', '0', '0', '0', '0', '0', '0', '0', '0', '0', '0', '0', '0', '0', '0', '0', '0', '0', '0', '0', '0', '0', '0', '0', '0', '0', '0', '0', '0', '0', '0', '0', '0', '0', '0', '0', '0', '0', '0', '0', '0', '0', '0', '0', '0', '0', '0', '0', '0', '0', '0', '0', '0', '0', '0', '0', '0', '0', '0', '0', '0', '0', '0', '0', '0', '0', '0', '0', '0', '0', '0', '0', '0', '0', '0', '0', '0', '0', '0', '0', '0', '0', '0', '0', '0', '0', '0', '0', '0', '0', '0', '0', '0', '0', '0', '0', '0', '0', '0', '0', '0', '0', '0', '0', '0', '0', '0', '0', '0', '0', '0', '0', '0', '0', '0', '0', '0', '0', '0', '0', '0', '0', '0', '0', '0', '0', '0', '0', '0', '0', '0', '0', '0', '0', '0', '0', '0', '0', '0', '0', '0', '0', '0', '0', '0', '0', '0', '0', '0', '0', '0', '0', '0', '0', '0', '0', '0', '0', '0', '0', '0', '0', '0', '0', '0', '0', '0', '0', '0', '0', '0', '0', '0', '0', '0', '0', '0', '0', '0', '0', '0', '0', '0', '0', '0', '0', '0', '0', '0', '0', '0', '0', '0', '0', '0', '0', '0', '0', '0', '0', '0', '0', '0', '0', '0', '0', '0', '0', '0', '0', '0', '0', '0', '0', '0', '0', '0', '0', '0', '0', '0', '0', '0', '0', '0', '0', '0', '0', '0', '0', '0', '0', '0', '0', '0', '0', '0', '0', '0', '0', '0', '0', '0', '0', '0', '0', '0', '0', '0', '0', '0', '0', '0', '0', '0', '0', '0', '0', '0', '0', '0', '0', '0', '0', '0', '0', '0', '0', '0', '0', '0', '0', '0', '0', '0', '0', '0', '0', '0', '0', '0', '0', '0', '0', '0', '0', '0', '0', '0', '0', '0', '0', '0', '0', '0', '0', '0', '0', '0', '0', '0', '0', '0', '0', '0', '0', '0', '0', '0', '0', '0', '0', '0', '0', '0', '0', '0', '0', '0', '0', '0', '0', '0', '0', '0', '0', '0', '0', '0', '0', '0', '0', '0', '0', '0', '0', '0', '0', '0', '0', '0', '0', '0', '0', '0', '0', '0', '0', '0', '0', '0', '0', '0', '0', '0', '0', '0', '0', '0', '0', '0', '0', '0', '0', '0', '0', '0', '0', '0', '0', '0', '0', '0', '0', '0', '0', '0', '0', '0', '0', '0', '0', '0', '0', '0', '0', '0', '0', '0', '0', '0', '0', '0', '0', '0', '0', '0', '0', '0', '0', '0', '0', '0', '0', '0', '0', '0', '0', '0', '0', '0', '0', '0', '0', '0', '0', '0', '0', '0', '0', '0', '0', '0', '0', '0', '0', '0', '0', '0', '0', '0', '0', '0', '0', '0', '0', '0', '0', '0', '0', '0', '0', '0', '0', '0', '0', '0', '0', '0', '0', '0', '0', '0', '0', '0', '0', '0', '0', '0', '0', '0', '0', '0', '0', '0', '0', '0', '0', '0', '0', '0', '0', '0', '0', '0', '0', '0', '0', '0', '0', '0', '0', '0', '0', '0', '0', '0', '0', '0', '0', '0', '0', '0', '0', '0', '0', '0', '0', '0', '0', '0', '0', '0', '0', '0', '0', '0', '0', '0', '0', '0', '0', '0', '0', '0', '0', '0', '0', '0', '0', '0', '0', '0', '0', '0', '0', '0', '0', '0', '0', '0', '0', '0', '0', '0', '0', '0', '0', '0', '0', '0', '0', '0', '0', '0', '0', '0', '0', '0', '0', '0', '0', '0', '0', '0', '0', '0', '0', '0', '0', '0', '0', '0', '0', '0', '0', '0', '0', '0', '0', '0', '0', '0', '0', '0', '0', '0', '0', '0', '0', '0', '0', '0', '0', '0', '0', '0', '0', '0', '0', '0', '0', '0', '0', '0', '0', '0', '0', '0', '0', '0', '0', '0', '0', '0', '0', '0', '0', '0', '0', '0', '0', '0', '0', '0', '0', '0', '0', '0', '0', '0', '0', '0', '0', '0', '0', '0', '0', '0', '0', '0', '0', '0', '0', '0', '0', '0', '0', '0', '0', '0', '0', '0', '0', '0', '0', '0', '0', '0', '0', '0', '0', '0', '0', '0', '0', '0', '0', '0', '0', '0', '0', '0', '0', '0', '0', '0', '0', '0', '0', '0', '0', '0', '0', '0', '0', '0', '0', '0', '0', '0', '0', '0', '0', '0', '0', '0', '0', '0', '0', '0', '0', '0', '0', '0', '0', '0', '0', '0', '0', '0', '0', '0', '0', '0', '0', '0', '0', '0', '0', '0', '0', '0', '0', '0', '0', '0', '0', '0', '0', '0', '0', '0', '0', '0', '0', '0', '0', '0', '0', '0', '0', '0', '0', '0', '0', '0', '0', '0', '0', '0', '0', '0', '0', '0', '0', '0', '0', '0', '0', '0', '0', '0', '0', '0', '0', '0', '0', '0', '0', '0', '0', '0', '0', '0', '0', '0', '0', '0', '0', '0', '0', '0', '0', '0', '0', '0', '0', '0', '0', '0', '0', '0', '0', '0', '0', '0', '0', '0', '0', '0', '0', '0', '0', '0', '0', '0', '0', '0', '0', '0', '0', '0', '0', '0', '0', '0', '0', '0', '0', '0', '0', '0', '0', '0', '0', '0', '0', '0', '0', '0', '0', '0', '0', '0', '0', '0', '0', '0', '0', '0', '0', '0', '0', '0', '0', '0', '0', '0', '0', '0', '0', '0', '0', '0', '0', '0', '0', '0', '0', '0', '0', '0', '0', '0', '0', '0', '0', '0', '0', '0', '0', '0', '0', '0', '0', '0', '0', '0', '0', '0', '0', '0', '0', '0', '0', '0', '0', '0', '0', '0', '0', '0', '0', '0', '0', '0', '0', '0', '0', '0', '0', '0', '0', '0', '0', '0', '0', '0', '0', '0', '0', '0', '0', '0', '0', '0', '0', '0', '0', '0', '0', '0', '0', '0', '0', '0', '0', '0', '0', '0', '0', '0', '0', '0', '0', '0', '0', '0', '0', '0', '0', '0', '0', '0', '0', '0', '0', '0', '0', '0', '0', '0', '0', '0', '0', '0', '0', '0', '0', '0', '0', '0', '0', '0', '0', '0', '0', '0', '0', '0', '0', '0', '0', '0', '0', '0', '0', '0', '0', '0', '0', '0', '0', '0', '0', '0', '0', '0', '0', '0', '0', '0', '0', '0', '0', '0', '0', '0', '0', '0', '0', '0', '0', '0', '0', '0', '0', '0', '0', '0', '0', '0', '0', '0', '0', '0', '0', '0', '0', '0', '0', '0', '0', '0', '0', '0', '0', '0', '0', '0', '0', '0', '0', '0', '0', '0', '0', '0', '0', '0', '0', '0', '0', '0', '0', '0', '0', '0', '0', '0', '0', '0', '0', '0', '0', '0', '0', '0', '0', '0', '0', '0', '0', '0', '0', '0', '0', '0', '0', '0', '0', '0', '0', '0', '0', '0', '0', '0', '0', '0', '0', '0', '0', '0', '0', '0', '0', '0', '0', '0', '0', '0', '0', '0', '0', '0', '0', '0', '0', '0', '0', '0', '0', '0', '0', '0', '0', '0', '0', '0', '0', '0', '0', '0', '0', '0', '0', '0', '0', '0', '0', '0', '0', '0', '0', '0', '0', '0', '0', '0', '0', '0', '0', '0', '0', '0', '0', '0', '0', '0', '0', '0', '0', '0', '0', '0', '0', '0', '0', '0', '0', '0', '0', '0', '0', '0', '0', '0', '0', '0', '0', '0', '0', '0', '0', '0', '0', '0', '0', '0', '0', '0', '0', '0', '0', '0', '0', '0', '0', '0', '0', '0', '0', '0', '0', '0', '0', '0', '0', '0', '0', '0', '0', '0', '0', '0', '0', '0', '0', '0', '0', '0', '0', '0', '0', '0', '0', '0', '0', '0', '0', '0', '0', '0', '0', '0', '0', '0', '0', '0', '0', '0', '0', '0', '0', '0', '0', '0', '0', '0', '0', '0', '0', '0', '0', '0', '0', '0', '0', '0', '0', '0', '0', '0', '0', '0', '0', '0', '0', '0', '0', '0', '0', '0', '0', '0', '0', '0', '0', '0', '0', '0', '0', '0', '0', '0', '0', '0', '0', '0', '0', '0', '0', '0', '0', '0', '0', '0', '0', '0', '0', '0', '0', '0', '0', '0', '0', '0', '0', '0', '0', '0', '0', '0', '0', '0', '0', '0', '0', '0', '0', '0', '0', '0', '0', '0', '0', '0', '0', '0', '0', '0', '0', '0', '0', '0', '0', '0', '0', '0', '0', '0', '0', '0', '0', '0', '0', '0', '0', '0', '0', '0', '0', '0', '0', '0', '0', '0', '0', '0', '0', '0', '0', '0', '0', '0', '0', '0', '0', '0', '0', '0', '0', '0', '0', '0', '0', '0', '0', '0', '0', '0', '0', '0', '0', '0', '0', '0', '0', '0', '0', '0', '0', '0', '0', '0', '0', '0', '0', '0', '0', '0', '0', '0', '0', '0', '0', '0', '0', '0', '0', '0', '0', '0', '0', '0', '0', '0', '0', '0', '0', '0', '0', '0', '0', '0', '0', '0', '0', '0', '0', '0', '0', '0', '0', '0', '0', '0', '0', '0', '0', '0', '0', '0', '0', '0', '0', '0', '0', '0', '0', '0', '0', '0', '0', '0', '0', '0', '0', '0', '0', '0', '0', '0', '0', '0', '0', '0', '0', '0', '0', '0', '0', '0', '0', '0', '0', '0', '0', '0', '0', '0', '0', '0', '0', '0', '0', '0', '0', '0', '0', '0', '0', '0', '0', '0', '0', '0', '0', '0', '0', '0', '0', '0', '0', '0', '0', '0', '0', '0', '0', '0', '0', '0', '0', '0', '0', '0', '0', '0', '0', '0', '0', '0', '0', '0', '0', '0', '0', '0', '0', '0', '0', '0', '0', '0', '0', '0', '0', '0', '0', '0', '0', '0', '0', '0', '0', '0', '0', '0', '0', '0', '0', '0', '0', '0', '0', '0', '0', '0', '0', '0', '0', '0', '0', '0', '0', '0', '0', '0', '0', '0', '0', '0', '0', '0', '0', '0', '0', '0', '0', '0', '0', '0', '0', '0', '0', '0', '0', '0', '0', '0', '0', '0', '0', '0', '0', '0', '0', '0', '0', '0', '0', '0', '0', '0', '0', '0', '0', '0', '0', '0', '0', '0', '0', '0', '0', '0', '0', '0', '0', '0', '0', '0', '0', '0', '0', '0', '0', '0', '0', '0', '0', '0', '0', '0', '0', '0', '0', '0', '0', '0', '0', '0', '0', '0', '0', '0', '0', '0', '0', '0', '0', '0', '0', '0', '0', '0', '0', '0', '0', '0', '0', '0', '0', '0', '0', '0', '0', '0', '0', '0', '0', '0', '0', '0', '0', '0', '0', '0', '0', '0', '0', '0', '0', '0', '0', '0', '0', '0', '0', '0', '0', '0', '0', '0', '0', '0', '0', '0', '0', '0', '0', '0', '0', '0', '0', '0', '0', '0', '0', '0', '0', '0', '0', '0', '0', '0', '0', '0', '0', '0', '0', '0', '0', '0', '0', '0', '0', '0', '0', '0', '0', '0', '0', '0', '0', '0', '0', '0', '0', '0', '0', '0', '0', '0', '0', '0', '0', '0', '0', '0', '0', '0', '0', '0', '0', '0', '0', '0', '0', '0', '0', '0', '0', '0', '0', '0', '0', '0', '0', '0', '0', '0', '0', '0', '0', '0', '0', '0', '0', '0', '0', '0', '0', '0', '0', '0', '0', '0', '0', '0', '0', '0', '0', '0', '0', '0', '0', '0', '0', '0', '0', '0', '0', '0', '0', '0', '0', '0', '0', '0', '0', '0', '0', '0', '0', '0', '0', '0', '0', '0', '0', '0', '0', '0', '0', '0', '0', '0', '0', '0', '0', '0', '0', '0', '0', '0', '0', '0', '0', '0', '0', '0', '0', '0', '0', '0', '0', '0', '0', '0', '0', '0', '0', '0', '0', '0', '0', '0', '0', '0', '0', '0', '0', '0', '0', '0', '0', '0', '0', '0', '0', '0', '0', '0', '0', '0', '0', '0', '0', '0', '0', '0', '0', '0', '0', '0', '0', '0', '0', '0', '0', '0', '0', '0', '0', '0', '0', '0', '0', '0', '0', '0', '0', '0', '0', '0', '0', '0', '0', '0', '0', '0', '0', '0', '0', '0', '0', '0', '0', '0', '0', '0', '0', '0', '0', '0', '0', '0', '0', '0', '0', '0', '0', '0', '0', '0', '0', '0', '0', '0', '0', '0', '0', '0', '0', '0', '0', '0', '0', '0', '0', '0', '0', '0', '0', '0', '0', '0', '0', '0', '0', '0', '0', '0', '0', '0', '0', '0', '0', '0', '0', '0', '0', '0', '0', '0', '0', '0', '0', '0', '0', '0', '0', '0', '0', '0', '0', '0', '0', '0', '0', '0', '0', '0', '0', '0', '0', '0', '0', '0', '0', '0', '0', '0', '0', '0', '0', '0', '0', '0', '0', '0', '0', '0', '0', '0', '0', '0', '0', '0', '0', '0', '0', '0', '0', '0', '0', '0', '0', '0', '0', '0', '0', '0', '0', '0', '0', '0', '0', '0', '0', '0', '0', '0', '0', '0', '0', '0', '0', '0', '0', '0', '0', '0', '0', '0', '0', '0', '0', '0', '0', '0', '0', '0', '0', '0', '0', '0', '0', '0', '0', '0', '0', '0', '0', '0', '0', '0', '0', '0', '0', '0', '0', '0', '0', '0', '0', '0', '0', '0', '0', '0', '0', '0', '0', '0', '0', '0', '0', '0', '0', '0', '0', '0', '0', '0', '0', '0', '0', '0', '0', '0', '0', '0', '0', '0', '0', '0', '0', '0', '0', '0', '0', '0', '0', '0', '0', '0', '0', '0', '0', '0', '0', '0', '0', '0', '0', '0', '0', '0', '0', '0', '0', '0', '0', '0', '0', '0', '0', '0', '0', '0', '0', '0', '0', '0', '0', '0', '0', '0', '0', '0', '0', '0', '0', '0', '0', '0', '0', '0', '0', '0', '0', '0', '0', '0', '0', '0', '0', '0', '0', '0', '0', '0', '0', '0', '0', '0', '0', '0', '0', '0', '0', '0', '0', '0', '0', '0', '0', '0', '0', '0', '0', '0', '0', '0', '0', '0', '0', '0', '0', '0', '0', '0', '0', '0', '0', '0', '0', '0', '0', '0', '0', '0', '0', '0', '0', '0', '0', '0', '0', '0', '0', '0', '0', '0', '0', '0', '0', '0', '0', '0', '0', '0', '0', '0', '0', '0', '0', '0', '0', '0', '0', '0', '0', '0', '0', '0', '0', '0', '0', '0', '0', '0', '0', '0', '0', '0', '0', '0', '0', '0', '0', '0', '0', '0', '0', '0', '0', '0', '0', '0', '0', '0', '0', '0', '0', '0', '0', '0', '0', '0', '0', '0', '0', '0', '0', '0', '0', '0', '0', '0', '0', '0', '0', '0', '0', '0', '0', '0', '0', '0', '0', '0', '0', '0', '0', '0', '0', '0', '0', '0', '0', '0', '0', '0', '0', '0', '0', '0', '0', '0', '0', '0', '0', '0', '0', '0', '0', '0', '0', '0', '0', '0', '0', '0', '0', '0', '0', '0', '0', '0', '0', '0', '0', '0', '0', '0', '0', '0', '0', '0', '0', '0', '0', '0', '0', '0', '0', '0', '0', '0', '0', '0', '0', '0', '0', '0', '0', '0', '0', '0', '0', '0', '0', '0', '0', '0', '0', '0', '0', '0', '0', '0', '0', '0', '0', '0', '0', '0', '0', '0', '0', '0', '0', '0', '0', '0', '0', '0', '0', '0', '0', '0', '0', '0', '0', '0', '0', '0', '0', '0', '0', '0', '0', '0', '0', '0', '0', '0', '0', '0', '0', '0', '0', '0', '0', '0', '0', '0', '0', '0', '0', '0', '0', '0', '0', '0', '0', '0', '0', '0', '0', '0', '0', '0', '0', '0', '0', '0', '0', '0', '0', '0', '0', '0', '0', '0', '0', '0', '0', '0', '0', '0', '0', '0', '0', '0', '0', '0', '0', '0', '0', '0', '0', '0', '0', '0', '0', '0', '0', '0', '0', '0', '0', '0', '0', '0', '0', '0', '0', '0', '0', '0', '0', '0', '0', '0', '0', '0', '0', '0', '0', '0', '0', '0', '0', '0', '0', '0', '0', '0', '0', '0', '0', '0', '0', '0', '0', '0', '0', '0', '0', '0', '0', '0', '0', '0', '0', '0', '0', '0', '0', '0', '0', '0', '0', '0', '0', '0', '0', '0', '0', '0', '0', '0', '0', '0', '0', '0', '0', '0', '0', '0', '0', '0', '0', '0', '0', '0', '0', '0', '0', '0', '0', '0', '0', '0', '0', '0', '0', '0', '0', '0', '0', '0', '0', '0', '0', '0', '0', '0', '0', '0', '0', '0', '0', '0', '0', '0', '0', '0', '0', '0', '0', '0', '0', '0', '0', '0', '0', '0', '0', '0', '0', '0', '0', '0', '0', '0', '0', '0', '0', '0', '0', '0', '0', '0', '0', '0', '0', '0', '0', '0', '0', '0', '0', '0', '0', '0', '0', '0', '0', '0', '0', '0', '0', '0', '0', '0', '0', '0', '0', '0', '0', '0', '0', '0', '0', '0', '0', '0', '0', '0', '0', '0', '0', '0', '0', '0', '0', '0', '0', '0', '0', '0', '0', '0', '0', '0', '0', '0', '0', '0', '0', '0', '0', '0', '0', '0', '0', '0', '0', '0', '0', '0', '0', '0', '0', '0', '0', '0', '0', '0', '0', '0', '0', '0', '0', '0', '0', '0', '0', '0', '0', '0', '0', '0', '0', '0', '0', '0', '0', '0', '0', '0', '0', '0', '0', '0', '0', '0', '0', '0', '0', '0', '0', '0', '0', '0', '0', '0', '0', '0', '0', '0', '0', '0', '0', '0', '0', '0', '0', '0', '0', '0', '0', '0', '0', '0', '0', '0', '0', '0', '0', '0', '0', '0', '0', '0', '0', '0', '0', '0', '0', '0', '0', '0', '0', '0', '0', '0', '0', '0', '0', '0', '0', '0', '0', '0', '0', '0', '0', '0', '0', '0', '0', '0', '0', '0', '0', '0', '0', '0', '0', '0', '0', '0', '0', '0', '0', '0', '0', '0', '0', '0', '0', '0', '0', '0', '0', '0', '0', '0', '0', '0', '0', '0', '0', '0', '0', '0', '0', '0', '0', '0', '0', '0', '0', '0', '0', '0', '0', '0', '0', '0', '0', '0', '0', '0', '0', '0', '0', '0', '0', '0', '0', '0', '0', '0', '0', '0', '0', '0', '0', '0', '0', '0', '0', '0', '0', '0', '0', '0', '0', '0', '0', '0', '0', '0', '0', '0', '0', '0', '0', '0', '0', '0', '0', '0', '0', '0', '0', '0', '0', '0', '0', '0', '0', '0', '0', '0', '0', '0', '0', '0', '0', '0', '0', '0', '0', '0', '0', '0', '0', '0', '0', '0', '0', '0', '0', '0', '0', '0', '0', '0', '0', '0', '0', '0', '0', '0', '0', '0', '0', '0', '0', '0', '0', '0', '0', '0', '0', '0', '0', '0', '0', '0', '0', '0', '0', '0', '0', '0', '0', '0', '0', '0', '0', '0', '0', '0', '0', '0', '0', '0', '0', '0', '0', '0', '0', '0', '0', '0', '0', '0', '0', '0', '0', '0', '0', '0', '0', '0', '0', '0', '0', '0', '0', '0', '0', '0', '0', '0', '0', '0', '0', '0', '0', '0', '0', '0', '0', '0', '0', '0', '0', '0', '0', '0', '0', '0', '0', '0', '0', '0', '0', '0', '0', '0', '0', '0', '0', '0', '0', '0', '0', '0', '0', '0', '0', '0', '0', '0', '0', '0', '0', '0', '0', '0', '0', '0', '0', '0', '0', '0', '0', '0', '0', '0', '0', '0', '0', '0', '0', '0', '0', '0', '0', '0', '0', '0', '0', '0', '0', '0', '0', '0', '0', '0', '0', '0', '0', '0', '0', '0', '0', '0', '0', '0', '0', '0', '0', '0', '0', '0', '0', '0', '0', '0', '0', '0', '0', '0', '0', '0', '0', '0', '0', '0', '0', '0', '0', '0', '0', '0', '0', '0', '0', '0', '0', '0', '0', '0', '0', '0', '0', '0', '0', '0', '0', '0', '0', '0', '0', '0', '0', '0', '0', '0', '0', '0', '0', '0', '0', '0', '0', '0', '0', '0', '0', '0', '0', '0', '0', '0', '0', '0', '0', '0', '0', '0', '0', '0', '0', '0', '0', '0', '0', '0', '0', '0', '0', '0', '0', '0', '0', '0', '0', '0', '0', '0', '0', '0', '0', '0', '0', '0', '0', '0', '0', '0', '0', '0', '0', '0', '0', '0', '0', '0', '0', '0', '0', '0', '0', '0', '0', '0', '0', '0', '0', '0', '0', '0', '0', '0', '0', '0', '0', '0', '0', '0', '0', '0', '0', '0', '0', '0', '0', '0', '0', '0', '0', '0', '0', '0', '0', '0', '0', '0', '0', '0', '0', '0', '0', '0', '0', '0', '0', '0', '0', '0', '0', '0', '0', '0', '0', '0', '0', '0', '0', '0', '0', '0', '0', '0', '0', '0', '0', '0', '0', '0', '0', '0', '0', '0', '0', '0', '0', '0', '0', '0', '0', '0', '0', '0', '0', '0', '0', '0', '0', '0', '0', '0', '0', '0', '0', '0', '0', '0', '0', '0', '0', '0', '0', '0', '0', '0', '0', '0', '0', '0', '0', '0', '0', '0', '0', '0', '0', '0', '0', '0', '0', '0', '0', '0', '0', '0', '0', '0', '0', '0', '0', '0', '0', '0', '0', '0', '0', '0', '0', '0', '0', '0', '0', '0', '0', '0', '0', '0', '0', '0', '0', '0', '0', '0', '0', '0', '0', '0', '0', '0', '0', '0', '0', '0', '0', '0', '0', '0', '0', '0', '0', '0', '0', '0', '0', '0', '0', '0', '0', '0', '0', '0', '0', '0', '0', '0', '0', '0', '0', '0', '0', '0', '0', '0', '0', '0', '0', '0', '0', '0', '0', '0', '0', '0', '0', '0', '0', '0', '0', '0', '0', '0', '0', '0', '0', '0', '0', '0', '0', '0', '0', '0', '0', '0', '0', '0', '0', '0', '0', '0', '0', '0', '0', '0', '0', '0', '0', '0', '0', '0', '0', '0', '0', '0', '0', '0', '0', '0', '0', '0', '0', '0', '0', '0', '0', '0', '0', '0', '0', '0', '0', '0', '0', '0', '0', '0', '0', '0', '0', '0', '0', '0', '0', '0', '0', '0', '0', '0', '0', '0', '0', '0', '0', '0', '0', '0', '0', '0', '0', '0', '0', '0', '0', '0', '0', '0', '0', '0', '0', '0', '0', '0', '0', '0', '0', '0', '0', '0', '0', '0', '0', '0', '0', '0', '0', '0', '0', '0', '0', '0', '0', '0', '0', '0', '0', '0', '0', '0', '0', '0', '0', '0', '0', '0', '0', '0', '0', '0', '0', '0', '0', '0', '0', '0', '0', '0', '0', '0', '0', '0', '0', '0', '0', '0', '0', '0', '0', '0', '0', '0', '0', '0', '0', '0', '0', '0', '0', '0', '0', '0', '0', '0', '0', '0', '0', '0', '0', '0', '0', '0', '0', '0', '0', '0', '0', '0', '0', '0', '0', '0', '0', '0', '0', '0', '0', '0', '0', '0', '0', '0', '0', '0', '0', '0', '0', '0', '0', '0', '0', '0', '0', '0', '0', '0', '0', '0', '0', '0', '0', '0', '0', '0', '0', '0', '0', '0', '0', '0', '0', '0', '0', '0', '0', '0', '0', '0', '0', '0', '0', '0', '0', '0', '0', '0', '0', '0', '0', '0', '0', '0', '0', '0', '0', '0', '0', '0', '0', '0', '0', '0', '0', '0', '0', '0', '0', '0', '0', '0', '0', '0', '0', '0', '0', '0', '0', '0', '0', '0', '0', '0', '0', '0', '0', '0', '0', '0', '0', '0', '0', '0', '0', '0', '0', '0', '0', '0', '0', '0', '0', '0', '0', '0', '0', '0', '0', '0', '0', '0', '0', '0', '0', '0', '0', '0', '0', '0', '0', '0', '0', '0', '0', '0', '0', '0', '0', '0', '0', '0', '0', '0', '0', '0', '0', '0', '0', '0', '0', '0', '0', '0', '0', '0', '0', '0', '0', '0', '0', '0', '0', '0', '0', '0', '0', '0', '0', '0', '0', '0', '0', '0', '0', '0', '0', '0', '0', '0', '0', '0', '0', '0', '0', '0', '0', '0', '0', '0', '0', '0', '0', '0', '0', '0', '0', '0', '0', '0', '0', '0', '0', '0', '0', '0', '0', '0', '0', '0', '0', '0', '0', '0', '0', '0', '0', '0', '0', '0', '0', '0', '0', '0', '0', '0', '0', '0', '0', '0', '0', '0', '0', '0', '0', '0', '0', '0', '0', '0', '0', '0', '0', '0', '0', '0', '0', '0', '0', '0', '0', '0', '0', '0', '0', '0', '0', '0', '0', '0', '0', '0', '0', '0', '0', '0', '0', '0', '0', '0', '0', '0', '0', '0', '0', '0', '0', '0', '0', '0', '0', '0', '0', '0', '0', '0', '0', '0', '0', '0', '0', '0', '0', '0', '0', '0', '0', '0', '0', '0', '0', '0', '0', '0', '0', '0', '0', '0', '0', '0', '0', '0', '0', '0', '0', '0', '0', '0', '0', '0', '0', '0', '0', '0', '0', '0', '0', '0', '0', '0', '0', '0', '0', '0', '0', '0', '0', '0', '0', '0', '0', '0', '0', '0', '0', '0', '0', '0', '0', '0', '0', '0', '0', '0', '0', '0', '0', '0', '0', '0', '0', '0', '0', '0', '0', '0', '0', '0', '0', '0', '0', '0', '0', '0', '0', '0', '0', '0', '0', '0', '0', '0', '0', '0', '0', '0', '0', '0', '0', '0', '0', '0', '0', '0', '0', '0', '0', '0', '0', '0', '0', '0', '0', '0', '0', '0', '0', '0', '0', '0', '0', '0', '0', '0', '0', '0', '0', '0', '0', '0', '0', '0', '0', '0', '0', '0', '0', '0', '0', '0', '0', '0', '0', '0', '0', '0', '0', '0', '0', '0', '0', '0', '0', '0', '0', '0', '0', '0', '0', '0', '0', '0', '0', '0', '0', '0', '0', '0', '0', '0', '0', '0', '0', '0', '0', '0', '0', '0', '0', '0', '0', '0', '0', '0', '0', '0', '0', '0', '0', '0', '0', '0', '0', '0', '0', '0', '0', '0', '0', '0', '0', '0', '0', '0', '0', '0', '0', '0', '0', '0', '0', '0', '0', '0', '0', '0', '0', '0', '0', '0', '0', '0', '0', '0', '0', '0', '0', '0', '0', '0', '0', '0', '0', '0', '0', '0', '0', '0', '0', '0', '0', '0', '0', '0', '0', '0', '0', '0', '0', '0', '0', '0', '0', '0', '0', '0', '0', '0', '0', '0', '0', '0', '0', '0', '0', '0', '0', '0', '0', '0', '0', '0', '0', '0', '0', '0', '0', '0', '0', '0', '0', '0', '0', '0', '0', '0', '0', '0', '0', '0', '0', '0', '0', '0', '0', '0', '0', '0', '0', '0', '0', '0', '0', '0', '0', '0', '0', '0', '0', '0', '0', '0', '0', '0', '0', '0', '0', '0', '0', '0', '0', '0', '0', '0', '0', '0', '0', '0', '0', '0', '0', '0', '0', '0', '0', '0', '0', '0', '0', '0', '0', '0', '0', '0', '0', '0', '0', '0', '0', '0', '0', '0', '0', '0', '0', '0', '0', '0', '0', '0', '0', '0', '0', '0', '0', '0', '0', '0', '0', '0', '0', '0', '0', '0', '0', '0', '0', '0', '0', '0', '0', '0', '0', '0', '0', '0', '0', '0', '0', '0', '0', '0', '0', '0', '0', '0', '0', '0', '0', '0', '0', '0', '0', '0', '0', '0', '0', '0', '0', '0', '0', '0', '0', '0', '0', '0', '0', '0', '0', '0', '0', '0', '0', '0', '0', '0', '0', '0', '0', '0', '0', '0', '0', '0', '0', '0', '0', '0', '0', '0', '0', '0', '0', '0', '0', '0', '0', '0', '0', '0', '0', '5', '5', '5', '5', '5', '5', '5', '5', '5', '5', '5', '5', '5', '5', '5', '5', '5', '5', '5', '5', '5', '5', '5', '5', '5', '5', '5', '5', '5', '5', '5', '5', '5', '5', '5', '5', '5', '5', '5', '5', '5', '5', '5', '5', '5', '5', '5', '5', '5', '5', '5', '5', '5', '5', '5', '5', '5', '5', '5', '5', '5', '5', '5', '5', '5', '5', '5', '5', '5', '5', '5', '5', '5', '5', '5', '5', '5', '5', '5', '5', '5', '5', '5', '5', '5', '5', '5', '5', '5', '5', '5', '5', '5', '5', '5', '5', '5', '5', '5', '5', '5', '5', '5', '5', '5', '5', '5', '5', '5', '5', '5', '5', '5', '5', '5', '5', '5', '5', '5', '5', '5', '5', '5', '5', '5', '5', '5', '5', '5', '5', '5', '5', '5', '5', '5', '5', '5', '5', '5', '5', '5', '5', '5', '5', '5', '5', '5', '5', '5', '5', '5', '5', '5', '5', '5', '5', '5', '5', '5', '5', '5', '5', '5', '5', '5', '5', '5', '5', '5', '5', '5', '5', '5', '5', '5', '5', '5', '5', '5', '5', '5', '5', '5', '5', '5', '5', '5', '5', '5', '5', '5', '5', '5', '5', '5', '5', '5', '5', '5', '5', '5', '5', '5', '5', '5', '5', '5', '5', '5', '5', '5', '5', '5', '5', '5', '5', '5', '5', '5', '5', '5', '5', '5', '5', '5', '5', '5', '5', '5', '5', '5', '5', '5', '5', '5', '5', '5', '5', '5', '5', '5', '5', '5', '5', '5', '5', '5', '5', '5', '5', '5', '5', '5', '5', '5', '5', '5', '5', '5', '5', '5', '5', '5', '5', '5', '5', '5', '5', '5', '5', '5', '5', '5', '5', '5', '5', '5', '5', '5', '5', '5', '5', '5', '5', '5', '5', '5', '5', '5', '5', '5', '5', '5', '5', '5', '5', '5', '5', '5', '5', '5', '5', '5', '5', '5', '5', '5', '5', '5', '5', '5', '5', '5', '5', '5', '5', '5', '5', '5', '5', '5', '5', '5', '5', '5', '5', '5', '5', '5', '5', '5', '5', '5', '5', '5', '5', '5', '5', '5', '5', '5', '5', '5', '5', '5', '5', '5', '5', '5', '5', '5', '5', '5', '5', '5', '5', '5', '5', '5', '5', '5', '5', '5', '5', '5', '5', '5', '5', '5', '5', '5', '5', '5', '5', '5', '5', '5', '5', '5', '5', '5', '5', '5', '5', '5', '5', '5', '5', '5', '5', '5', '5', '5', '5', '5', '5', '5', '5', '5', '5', '5', '5', '5', '5', '5', '5', '5', '5', '5', '5', '5', '5', '5', '5', '5', '5', '5', '5', '5', '5', '5', '5', '5', '5', '5', '5', '5', '5', '5', '5', '5', '5', '5', '5', '5', '5', '5', '5', '5', '5', '5', '5', '5', '5', '5', '5', '5', '5', '5', '5', '5', '5', '5', '5', '5', '5', '5', '5', '5', '5', '5', '5', '5', '5', '5', '5', '5', '5', '5', '5', '5', '5', '5', '5', '5', '5', '5', '5', '5', '5', '5', '5', '5', '5', '5', '5', '5', '5', '5', '5', '5', '5', '5', '5', '5', '5', '5', '5', '5', '5', '5', '5', '5', '5', '5', '5', '5', '5', '5', '5', '5', '5', '5', '5', '5', '5', '5', '5', '5', '5', '5', '5', '5', '5', '5', '5', '5', '5', '5', '5', '5', '5', '5', '5', '5', '5', '5', '5', '5', '5', '5', '5', '5', '5', '5', '5', '5', '5', '5', '5', '5', '5', '5', '5', '5', '5', '5', '5', '5', '5', '5', '5', '5', '5', '5', '5', '5', '5', '5', '5', '5', '5', '5', '5', '5', '5', '5', '5', '5', '5', '5', '5', '5', '5', '5', '5', '5', '5', '5', '5', '5', '5', '5', '5', '5', '5', '5', '5', '5', '5', '5', '5', '5', '5', '5', '5', '5', '5', '5', '5', '5', '5', '5', '5', '5', '5', '5', '5', '5', '5', '5', '5', '5', '5', '5', '5', '5', '5', '5', '5', '5', '5', '5', '5', '5', '5', '5', '5', '5', '5', '5', '5', '5', '5', '5', '5', '5', '5', '5', '5', '5', '5', '5', '5', '5', '5', '5', '5', '5', '5', '5', '5', '5', '5', '5', '5', '5', '5', '5', '5', '5', '5', '5', '5', '5', '5', '5', '5', '5', '5', '5', '5', '5', '5', '5', '5', '5', '5', '5', '5', '5', '5', '5', '5', '5', '5', '5', '5', '5', '5', '5', '5', '5', '5', '5', '5', '5', '5', '5', '5', '5', '5', '5', '5', '5', '5', '5', '5', '5', '5', '5', '5', '5', '5', '5', '5', '5', '5', '5', '5', '5', '5', '5', '5', '5', '5', '5', '5', '5', '5', '5', '5', '5', '5', '5', '5', '5', '5', '5', '5', '5', '5', '5', '5', '5', '5', '5', '5', '5', '5', '5', '5', '5', '5', '5', '5', '5', '5', '5', '5', '5', '5', '5', '5', '5', '5', '5', '5', '5', '5', '5', '5', '5', '5', '5', '5', '5', '5', '5', '5', '5', '5', '5', '5', '5', '5', '5', '5', '5', '5', '5', '5', '5', '5', '5', '5', '5', '5', '5', '5', '5', '5', '5', '5', '5', '5', '5', '5', '5', '5', '5', '5', '5', '5', '5', '5', '5', '5', '5', '5', '5', '5', '5', '5', '5', '5', '5', '5', '5', '5', '5', '5', '5', '5', '5', '5', '5', '5', '5', '5', '5', '5', '5', '5', '5', '5', '5', '5', '5', '5', '5', '5', '5', '5', '5', '5', '5', '5', '5', '5', '5', '5', '5', '5', '5', '5', '5', '5', '5', '5', '5', '5', '5', '5', '5', '5', '5', '5', '5', '5', '5', '5', '5', '5', '5', '5', '5', '5', '5', '5', '5', '5', '5', '5', '5', '5', '5', '5', '5', '5', '5', '5', '5', '5', '5', '5', '5', '5', '5', '5', '5', '5', '5', '5', '5', '5', '5', '5', '5', '5', '5', '5', '5', '5', '5', '5', '5', '5', '5', '5', '5', '5', '5', '5', '5', '5', '5', '5', '5', '5', '5', '5', '5', '5', '5', '5', '5', '5', '5', '5', '5', '5', '5', '5', '5', '5', '5', '5', '5', '5', '5', '5', '5', '5', '5', '5', '5', '5', '5', '5', '5', '5', '5', '5', '5', '5', '5', '5', '5', '5', '5', '5', '5', '5', '5', '5', '5', '5', '5', '5', '5', '5', '5', '5', '5', '5', '5', '5', '5', '5', '5', '5', '5', '5', '5', '5', '5', '5', '5', '5', '5', '5', '5', '5', '5', '5', '5', '5', '5', '5', '5', '5', '5', '5', '5', '5', '5', '5', '5', '5', '5', '5', '5', '5', '5', '5', '5', '5', '5', '5', '5', '5', '5', '5', '5', '5', '5', '5', '5', '5', '5', '5', '5', '5', '5', '5', '5', '5', '5', '5', '5', '5', '5', '5', '5', '5', '5', '5', '5', '5', '5', '5', '5', '5', '5', '5', '5', '5', '5', '5', '5', '5', '5', '5', '5', '5', '5', '5', '5', '5', '5', '5', '5', '5', '5', '5', '5', '5', '5', '5', '5', '5', '5', '5', '5', '5', '5', '5', '5', '5', '5', '5', '5', '5', '5', '5', '5', '5', '5', '5', '5', '5', '5', '5', '5', '5', '5', '5', '5', '5', '5', '5', '5', '5', '5', '5', '5', '5', '5', '5', '5', '5', '5', '5', '5', '5', '5', '5', '5', '5', '5', '5', '5', '5', '5', '5', '5', '5', '5', '5', '5', '5', '5', '5', '5', '5', '5', '5', '5', '5', '5', '5', '5', '5', '5', '5', '5', '5', '5', '5', '5', '5', '5', '5', '5', '5', '5', '5', '5', '5', '5', '5', '5', '5', '5', '5', '5', '5', '5', '5', '5', '5', '5', '5', '5', '5', '5', '5', '5', '5', '5', '5', '5', '5', '5', '5', '5', '5', '5', '5', '5', '5', '5', '5', '5', '5', '5', '5', '5', '5', '5', '5', '5', '5', '5', '5', '5', '5', '5', '5', '5', '5', '5', '5', '5', '5', '5', '5', '5', '5', '5', '5', '5', '5', '5', '5', '5', '5', '5', '5', '5', '5', '5', '5', '5', '5', '5', '5', '5', '5', '5', '5', '5', '5', '5', '5', '5', '5', '5', '5', '5', '5', '5', '5', '5', '5', '5', '5', '5', '5', '5', '5', '5', '5', '5', '5', '5', '5', '5', '5', '5', '5', '5', '5', '5', '5', '5', '5', '5', '5', '5', '5', '5', '5', '5', '5', '5', '5', '5', '5', '5', '5', '5', '5', '5', '5', '5', '5', '5', '5', '5', '5', '5', '5', '5', '5', '5', '5', '5', '5', '5', '5', '5', '5', '5', '5', '5', '5', '5', '5', '5', '5', '5', '5', '5', '5', '5', '5', '5', '5', '5', '5', '5', '5', '5', '5', '5', '5', '5', '5', '5', '5', '5', '5', '5', '5', '5', '5', '5', '5', '5', '5', '5', '5', '5', '5', '5', '5', '5', '5', '5', '5', '5', '5', '5', '5', '5', '5', '5', '5', '5', '5', '5', '5', '5', '5', '5', '5', '5', '5', '5', '5', '5', '5', '5', '5', '5', '5', '5', '5', '5', '5', '5', '5', '5', '5', '5', '5', '5', '5', '5', '5', '5', '5', '5', '5', '5', '5', '5', '5', '5', '5', '5', '5', '5', '5', '5', '5', '5', '5', '5', '5', '5', '5', '5', '5', '5', '5', '5', '5', '5', '5', '5', '5', '5', '5', '5', '5', '5', '5', '5', '5', '5', '5', '5', '5', '5', '5', '5', '5', '5', '5', '5', '5', '5', '5', '5', '5', '5', '5', '5', '5', '5', '5', '5', '5', '5', '5', '5', '5', '5', '5', '5', '5', '5', '5', '5', '5', '5', '5', '5', '5', '5', '5', '5', '5', '5', '5', '5', '5', '5', '5', '5', '5', '5', '5', '5', '5', '5', '5', '5', '5', '5', '5', '5', '5', '5', '5', '5', '5', '5', '5', '5', '5', '5', '5', '5', '5', '5', '5', '5', '5', '5', '5', '5', '5', '5', '5', '5', '5', '5', '5', '5', '5', '5', '5', '5', '5', '5', '5', '5', '5', '5', '5', '5', '5', '5', '5', '5', '5', '5', '5', '5', '5', '5', '5', '5', '5', '5', '5', '5', '5', '5', '5', '5', '5', '5', '5', '5', '5', '5', '5', '5', '5', '5', '5', '5', '5', '5', '5', '5', '5', '5', '5', '5', '5', '5', '5', '5', '5', '5', '5', '5', '5', '5', '5', '5', '5', '5', '5', '5', '5', '5', '5', '5', '5', '5', '5', '5', '5', '5', '5', '5', '5', '5', '5', '5', '5', '5', '5', '5', '5', '5', '5', '5', '5', '5', '5', '5', '5', '5', '5', '5', '5', '5', '5', '5', '5', '5', '5', '5', '5', '5', '5', '5', '5', '5', '5', '5', '5', '5', '5', '5', '5', '5', '5', '5', '5', '5', '5', '5', '5', '5', '5', '5', '5', '5', '5', '5', '5', '5', '5', '5', '5', '5', '5', '5', '5', '5', '5', '5', '5', '5', '5', '5', '5', '5', '5', '5', '5', '5', '5', '5', '5', '5', '5', '5', '5', '5', '5', '5', '5', '5', '5', '5', '5', '5', '5', '5', '5', '5', '5', '5', '5', '5', '5', '5', '5', '5', '5', '5', '5', '5', '5', '5', '5', '5', '5', '5', '5', '5', '5', '5', '5', '5', '5', '5', '5', '5', '5', '5', '5', '5', '5', '5', '5', '5', '5', '5', '5', '5', '5', '5', '5', '5', '5', '5', '5', '5', '5', '5', '5', '5', '5', '5', '5', '5', '5', '5', '5', '5', '5', '5', '5', '5', '5', '5', '5', '5', '5', '5', '5', '5', '5', '5', '5', '5', '5', '5', '5', '5', '5', '5', '5', '5', '5', '5', '5', '5', '5', '5', '5', '5', '5', '5', '5', '5', '5', '5', '5', '5', '5', '5', '5', '5', '5', '5', '5', '5', '5', '5', '5', '5', '5', '5', '5', '5', '5', '5', '5', '5', '5', '5', '5', '5', '5', '5', '5', '5', '5', '5', '5', '5', '5', '5', '5', '5', '5', '5', '5', '5', '5', '5', '5', '5', '5', '5', '5', '5', '5', '5', '5', '5', '5', '5', '5', '5', '5', '5', '5', '5', '5', '5', '5', '5', '5', '5', '5', '5', '5', '5', '5', '5', '5', '5', '5', '5', '5', '5', '5', '5', '5', '5', '5', '5', '5', '5', '5', '5', '5', '5', '5', '5', '5', '5', '5', '5', '5', '5', '5', '5', '5', '5', '5', '5', '5', '5', '5', '5', '5', '5', '5', '5', '5', '5', '5', '5', '5', '5', '5', '5', '5', '5', '5', '5', '5', '5', '5', '5', '5', '5', '5', '5', '5', '5', '5', '5', '5', '5', '5', '5', '5', '5', '5', '5', '5', '5', '5', '5', '5', '5', '5', '5', '5', '5', '5', '5', '5', '5', '5', '5', '5', '5', '5', '5', '5', '5', '5', '5', '5', '5', '5', '5', '5', '5', '5', '5', '5', '5', '5', '5', '5', '5', '5', '5', '5', '5', '5', '5', '5', '5', '5', '5', '5', '5', '5', '5', '5', '5', '5', '5', '5', '5', '5', '5', '5', '5', '5', '5', '5', '5', '5', '5', '5', '5', '5', '5', '5', '5', '5', '5', '5', '5', '5', '5', '5', '5', '5', '5', '5', '5', '5', '5', '5', '5', '5', '5', '5', '5', '5', '5', '5', '5', '5', '5', '5', '5', '5', '5', '5', '5', '5', '5', '5', '5', '5', '5', '5', '5', '5', '5', '5', '5', '5', '5', '5', '5', '5', '5', '5', '5', '5', '5', '5', '5', '5', '5', '5', '5', '5', '5', '5', '5', '5', '5', '5', '5', '5', '5', '5', '5', '5', '5', '5', '5', '5', '5', '5', '5', '5', '5', '5', '5', '5', '5', '5', '5', '5', '5', '5', '5', '5', '5', '5', '5', '5', '5', '5', '5', '5', '5', '5', '5', '5', '5', '5', '5', '5', '5', '5', '5', '5', '5', '5', '5', '5', '5', '5', '5', '5', '5', '5', '5', '5', '5', '5', '5', '5', '5', '5', '5', '5', '5', '5', '5', '5', '5', '5', '5', '5', '5', '5', '5', '5', '5', '5', '5', '5', '5', '5', '5', '5', '5', '5', '5', '5', '5', '5', '5', '5', '5', '5', '5', '5', '5', '5', '5', '5', '5', '5', '5', '5', '5', '5', '5', '5', '5', '5', '5', '5', '5', '5', '5', '5', '5', '5', '5', '5', '5', '5', '5', '5', '5', '5', '5', '5', '5', '5', '5', '5', '5', '5', '5', '5', '5', '5', '5', '5', '5', '5', '5', '5', '5', '5', '5', '5', '5', '5', '5', '5', '5', '5', '5', '5', '5', '5', '5', '5', '5', '5', '5', '5', '5', '5', '5', '5', '5', '5', '5', '5', '5', '5', '5', '5', '5', '5', '5', '5', '5', '5', '5', '5', '5', '5', '5', '5', '5', '5', '5', '5', '5', '5', '5', '5', '5', '5', '5', '5', '5', '5', '5', '5', '5', '5', '5', '5', '5', '5', '5', '5', '5', '5', '5', '5', '5', '5', '5', '5', '5', '5', '5', '5', '5', '5', '5', '5', '5', '5', '5', '5', '5', '5', '5', '5', '5', '5', '5', '5', '5', '5', '5', '5', '5', '5', '5', '5', '5', '5', '5', '5', '5', '5', '5', '5', '5', '5', '5', '5', '5', '5', '5', '5', '5', '5', '5', '5', '5', '5', '5', '5', '5', '5', '5', '5', '5', '5', '5', '5', '5', '5', '5', '5', '5', '5', '5', '5', '5', '0', '0', '0', '0', '0', '0', '0', '0', '0', '0', '0', '0', '0', '0', '0', '0', '0', '0', '0', '0', '0', '0', '0', '0', '0', '0', '0', '0', '0', '0', '0', '0', '0', '0', '0', '0', '0', '0', '0', '0', '0', '0', '0', '0', '0', '0', '0', '0', '0', '0', '0', '0', '0', '0', '0', '0', '0', '0', '0', '0', '0', '0', '0', '0', '0', '0', '0', '0', '0', '0', '0', '0', '0', '0', '0', '0', '0', '0', '0', '0', '0', '0', '0', '0', '0', '0', '0', '0', '0', '0', '0', '0', '0', '0', '0', '0', '0', '0', '0', '0', '0', '0', '0', '0', '0', '0', '0', '0', '0', '0', '0', '0', '0', '0', '0', '0', '0', '0', '0', '0', '0', '0', '0', '0', '0', '0', '0', '0', '0', '0', '0', '0', '0', '0', '0', '0', '0', '0', '0', '0', '0', '0', '0', '0', '0', '0', '0', '0', '0', '0', '0', '0', '0', '0', '0', '0', '0', '0', '0', '0', '0', '0', '0', '0', '0', '0', '0', '0', '0', '0', '0', '0', '0', '0', '0', '0', '0', '0', '0', '0', '0', '0', '0', '0', '0', '0', '0', '0', '0', '0', '0', '0', '0', '0', '0', '0', '0', '0', '0', '0', '0', '0', '0', '0', '0', '0', '0', '0', '0', '0', '0', '0', '0', '0', '0', '0', '0', '0', '0', '0', '0', '0', '0', '0', '0', '0', '0', '0', '0', '0', '0', '0', '0', '0', '0', '0', '0', '0', '0', '0', '0', '0', '0', '0', '0', '0', '0', '0', '0', '0', '0', '0', '0', '0', '0', '0', '0', '0', '0', '0', '0', '0', '0', '0', '0', '0', '0', '0', '0', '0', '0', '0', '0', '0', '0', '0', '0', '0', '0', '0', '0', '0', '0', '0', '0', '0', '0', '0', '0', '0', '0', '0', '0', '0', '0', '0', '0', '0', '0', '0', '0', '0', '0', '0', '0', '0', '0', '0', '0', '0', '0', '0', '0', '0', '0', '0', '0', '0', '0', '0', '0', '0', '0', '0', '0', '0', '0', '0', '0', '0', '0', '0', '0', '0', '0', '0', '0', '0', '0', '0', '0', '0', '0', '0', '0', '0', '0', '0', '0', '0', '0', '0', '0', '0', '0', '0', '0', '0', '0', '0', '0', '0', '0', '0', '0', '0', '0', '0', '0', '0', '0', '0', '0', '0', '0', '0', '0', '0', '0', '0', '0', '0', '0', '0', '0', '0', '0', '0', '0', '0', '0', '0', '0', '0', '0', '0', '0', '0', '0', '0', '0', '0', '0', '0', '0', '0', '0', '0', '0', '0', '0', '0', '0', '0', '0', '0', '0', '0', '0', '0', '0', '0', '0', '0', '0', '0', '0', '0', '0', '0', '0', '0', '0', '0', '0', '0', '0', '0', '0', '0', '0', '0', '0', '0', '0', '0', '0', '0', '0', '0', '0', '0', '0', '0', '0', '0', '0', '0', '0', '0', '0', '0', '0', '0', '0', '0', '0', '0', '0', '0', '0', '0', '0', '0', '0', '0', '0', '0', '0', '0', '0', '0', '0', '0', '0', '0', '0', '0', '0', '0', '0', '0', '0', '0', '0', '0', '0', '0', '0', '0', '0', '0', '0', '0', '0', '0', '0', '0', '0', '0', '0', '0', '0', '0', '0', '0', '0', '0', '0', '0', '0', '0', '0', '0', '0', '0', '0', '0', '0', '0', '0', '0', '0', '0', '0', '0', '0', '0', '0', '0', '0', '0', '0', '0', '0', '0', '0', '0', '0', '0', '0', '0', '0', '0', '0', '0', '0', '0', '0', '0', '0', '0', '0', '0', '0', '0', '0', '0', '0', '0', '0', '0', '0', '0', '0', '0', '0', '0', '0', '0', '0', '0', '0', '0', '0', '0', '0', '0', '0', '0', '0', '0', '0', '0', '0', '0', '0', '0', '0', '0', '0', '0', '0', '0', '0', '0', '0', '0', '0', '0', '0', '0', '0', '0', '0', '0', '0', '0', '0', '0', '0', '0', '0', '0', '0', '0', '0', '0', '0', '0', '0', '0', '0', '0', '0', '0', '0', '0', '0', '0', '0', '0', '0', '0', '0', '0', '0', '0', '0', '0', '0', '0', '0', '0', '0', '0', '0', '0', '0', '0', '0', '0', '0', '0', '0', '0', '0', '0', '0', '0', '0', '0', '0', '0', '0', '0', '0', '0', '0', '0', '0', '0', '0', '0', '0', '0', '0', '0', '0', '0', '0', '0', '0', '0', '0', '0', '0', '0', '0', '0', '0', '0', '0', '0', '0', '0', '0', '0', '0', '0', '0', '0', '0', '0', '0', '0', '0', '0', '0', '0', '0', '0', '0', '0', '0', '0', '0', '0', '0', '0', '0', '0', '0', '0', '0', '0', '0', '0', '0', '0', '0', '0', '0', '0', '0', '0', '0', '0', '0', '0', '0', '0', '0', '0', '0', '0', '0', '0', '0', '0', '0', '0', '0', '0', '0', '0', '0', '0', '0', '0', '0', '0', '0', '0', '0', '0', '0', '0', '0', '0', '0', '0', '0', '0', '0', '0', '0', '0', '0', '0', '0', '0', '0', '0', '0', '0', '0', '0', '0', '0', '0', '0', '0', '0', '0', '0', '0', '0', '0', '0', '0', '0', '0', '0', '0', '0', '0', '0', '0', '0', '0', '0', '0', '0', '0', '0', '0', '0', '0', '0', '0', '0', '0', '0', '0', '0', '0', '0', '0', '0', '0', '0', '0', '0', '0', '0', '0', '0', '0', '0', '0', '0', '0', '0', '0', '0', '0', '0', '0', '0', '0', '0', '0', '0', '0', '0', '0', '0', '0', '0', '0', '0', '0', '0', '0', '0', '0', '0', '0', '0', '0', '0', '0', '0', '0', '0', '0', '0', '0', '0', '0', '0', '0', '0', '0', '0', '0', '0', '0', '0', '0', '0', '0', '0', '0', '0', '0', '0', '0', '0', '0', '0', '0', '0', '0', '0', '0', '0', '0', '0', '0', '0', '0', '0', '0', '0', '0', '0', '0', '0', '0', '0', '0', '0', '0', '0', '0', '0', '0', '0', '0', '0', '0', '0', '0', '0', '0', '0', '0', '0', '0', '0', '0', '0', '0', '0', '0', '0', '0', '0', '0', '0', '0', '0', '0', '0', '0', '0', '0', '0', '0', '0', '0', '0', '0', '0', '0', '0', '0', '0', '0', '0', '0', '0', '0', '0', '0', '0', '0', '0', '0', '0', '0', '0', '0', '0', '0', '0', '0', '0', '0', '0', '0', '0', '0', '0', '0', '0', '0', '0', '0', '0', '0', '0', '0', '0', '0', '0', '0', '0', '0', '0', '0', '0', '0', '0', '0', '0', '0', '0', '0', '0', '0', '0', '0', '0', '0', '0', '0', '0', '0', '0', '0', '0', '0', '0', '0', '0', '0', '0', '0', '0', '0', '0', '0', '0', '0', '0', '0', '0', '0', '0', '0', '0', '0', '0', '0', '0', '0', '0', '0', '0', '0', '0', '0', '0', '0', '0', '0', '0', '0', '0', '0', '0', '0', '0', '0', '0', '0', '0', '0', '0', '0', '0', '0', '0', '0', '0', '0', '0', '0', '0', '0', '0', '0', '0', '0', '0', '0', '0', '0', '0', '0', '0', '0', '0', '0', '0', '0', '0', '0', '0', '0', '0', '0', '0', '0', '0', '0', '0', '0', '0', '0', '0', '0', '0', '0', '0', '0', '0', '0', '0', '0', '0', '0', '0', '0', '0', '0', '0', '0', '0', '0', '0', '0', '0', '0', '0', '0', '0', '0', '0', '0', '0', '0', '0', '0', '0', '0', '0', '0', '0', '0', '0', '0', '0', '0', '0', '0', '0', '0', '0', '0', '0', '0', '0', '0', '0', '0', '0', '0', '0', '0', '0', '0', '0', '0', '0', '0', '0', '0', '0', '0', '0', '0', '0', '0', '0', '0', '0', '0', '0', '0', '0', '0', '0', '0', '0', '0', '0', '0', '0', '0', '0', '0', '0', '0', '0', '0', '0', '0', '0', '0', '0', '0', '0', '0', '0', '0', '0', '0', '0', '0', '0', '0', '0', '0', '0', '0', '0', '0', '0', '0', '0', '0', '0', '0', '0', '0', '0', '0', '0', '0', '0', '0', '0', '0', '0', '0', '0', '0', '0', '0', '0', '0', '0', '0', '0', '0', '0', '0', '0', '0', '0', '0', '0', '0', '0', '0', '0', '0', '0', '0', '0', '0', '0', '0', '0', '0', '0', '0', '0', '0', '0', '0', '0', '0', '0', '0', '0', '0', '0', '0', '0', '0', '0', '0', '0', '0', '0', '0', '0', '0', '0', '0', '0', '0', '0', '0', '0', '0', '0', '0', '0', '0', '0', '0', '0', '0', '0', '0', '0', '0', '0', '0', '0', '0', '0', '0', '0', '0', '0', '0', '0', '0', '0', '0', '0', '0', '0', '0', '0', '0', '0', '0', '0', '0', '0', '0', '0', '0', '0', '0', '0', '0', '0', '0', '0', '0', '0', '0', '0', '0', '0', '0', '0', '0', '0', '0', '0', '0', '0', '0', '0', '0', '0', '0', '0', '0', '0', '0', '0', '0', '0', '0', '0', '0', '0', '0', '0', '0', '0', '0', '0', '0', '0', '0', '0', '0', '0', '0', '0', '0', '0', '0', '0', '0', '0', '0', '0', '0', '0', '0', '0', '0', '0', '0', '0', '0', '0', '0', '0', '0', '0', '0', '0', '0', '0', '0', '0', '0', '0', '0', '0', '0', '0', '0', '0', '0', '0', '0', '0', '0', '0', '0', '0', '0', '0', '0', '0', '0', '0', '0', '0', '0', '0', '0', '0', '0', '0', '0', '0', '0', '0', '0', '0', '0', '0', '0', '0', '0', '0', '0', '0', '0', '0', '0', '0', '0', '0', '0', '0', '0', '0', '0', '0', '0', '0', '0', '0', '0', '0', '0', '0', '0', '0', '0', '0', '0', '0', '0', '0', '0', '0', '0', '0', '0', '0', '0', '0', '0', '0', '0', '0', '0', '0', '0', '0', '0', '0', '0', '0', '0', '0', '0', '0', '0', '0', '0', '0', '0', '0', '0', '0', '0', '0', '0', '0', '0', '0', '0', '0', '0', '0', '0', '0', '0', '0', '0', '0', '0', '0', '0', '0', '0', '0', '0', '0', '0', '0', '0', '0', '0', '0', '0', '0', '0', '0', '0', '0', '0', '0', '0', '0', '0', '0', '0', '0', '0', '0', '0', '0', '0', '0', '0', '0', '0', '0', '0', '0', '0', '0', '0', '0', '0', '0', '0', '0', '0', '0', '0', '0', '0', '0', '0', '0', '0', '0', '0', '0', '0', '0', '0', '0', '0', '0', '0', '0', '0', '0', '0', '0', '0', '0', '0', '0', '0', '0', '0', '0', '0', '0', '0', '0', '0', '0', '0', '0', '0', '0', '0', '0', '0', '0', '0', '0', '0', '0', '0', '0', '0', '0', '0', '0', '0', '0', '0', '0', '0', '0', '0', '0', '0', '0', '0', '0', '0', '0', '0', '0', '0', '0', '0', '0', '0', '0', '0', '0', '0', '0', '0', '0', '0', '0', '0', '0', '0', '0', '0', '0', '0', '0', '0', '0', '0', '0', '0', '0', '0', '0', '0', '0', '0', '0', '0', '0', '0', '0', '0', '0', '0', '0', '0', '0', '0', '0', '0', '0', '0', '0', '0', '0', '0', '0', '0', '0', '0', '0', '0', '0', '0', '0', '0', '0', '0', '0', '0', '0', '0', '0', '0', '0', '0', '0', '0', '0', '0', '0', '0', '0', '0', '0', '0', '0', '0', '0', '0', '0', '0', '0', '0', '0', '0', '0', '0', '0', '0', '0', '0', '0', '0', '0', '0', '0', '0', '0', '0', '0', '0', '0', '0', '0', '0', '0', '0', '0', '0', '0', '0', '0', '0', '0', '0', '0', '0', '0', '0', '0', '0', '0', '0', '0', '0', '0', '0', '0', '0', '0', '0', '0', '0', '0', '0', '0', '0', '0', '0', '0', '0', '0', '0', '0', '0', '0', '0', '0', '0', '0', '0', '0', '0', '0', '0', '0', '0', '0', '0', '0', '0', '0', '0', '0', '0', '0', '0', '0', '0', '0', '0', '0', '0', '0', '0', '0', '0', '0', '0', '0', '0', '0', '0', '0', '0', '0', '0', '0', '0', '0', '0', '0', '0', '0', '0', '0', '0', '0', '0', '0', '0', '0', '0', '0', '0', '0', '0', '0', '0', '0', '0', '0', '0', '0', '0', '0', '0', '0', '0', '0', '0', '0', '0', '0', '0', '0', '0', '0', '0', '0', '0', '0', '0', '0', '0', '0', '0', '0', '0', '0', '0', '0', '0', '0', '0', '0', '0', '0', '0', '0', '0', '0', '0', '0', '0', '0', '0', '0', '0', '0', '0', '0', '0', '0', '0', '0', '0', '0', '0', '0', '0', '0', '0', '0', '0', '0', '0', '0', '0', '0', '0', '0', '0', '0', '0', '0', '0', '0', '0', '0', '0', '0', '0', '0', '0', '0', '0', '0', '0', '0', '0', '0', '0', '0', '0', '0', '0', '0', '0', '0', '0', '0', '0', '0', '0', '0', '0', '0', '0', '0', '0', '0', '0', '0', '0', '0', '0', '0', '0', '0', '0', '0', '0', '0', '0', '0', '0', '0', '0', '0', '0', '0', '0', '0', '0', '0', '0', '0', '0', '0', '0', '0', '0', '0', '0', '0', '0', '0', '0', '0', '0', '0', '0', '0', '0', '0', '0', '0', '0', '0', '0', '0', '0', '0', '0', '0', '0', '0', '0', '0', '0', '0', '0', '0', '0', '0', '0', '0', '0', '0', '0', '0', '0', '0', '0', '0', '0', '0', '0', '0', '0', '0', '0', '0', '0', '0', '0', '0', '0', '0', '0', '0', '0', '0', '0', '0', '0', '0', '0', '0', '0', '0', '0', '0', '0', '0', '0', '0', '0', '0', '0', '0', '0', '0', '0', '0', '0', '0', '0', '0', '0', '0', '0', '0', '0', '0', '0', '0', '0', '0', '0', '0', '0', '0', '0', '0', '0', '0', '0', '0', '0', '0', '0', '0', '0', '0', '0', '0', '0', '0', '0', '0', '0', '0', '0', '0', '0', '0', '0', '0', '0', '0', '0', '0', '0', '0', '0', '0', '0', '0', '0', '0', '0', '0', '0', '0', '0', '0', '0', '0', '0', '0', '0', '0', '0', '0', '0', '0', '0', '0', '0', '0', '0', '0', '0', '0', '0', '0', '0', '0', '0', '0', '0', '0', '0', '0', '0', '0', '0', '0', '0', '0', '0', '0', '0', '0', '0', '0', '0', '0', '0', '0', '0', '0', '0', '0', '0', '0', '0', '0', '0', '0', '0', '0', '0', '0', '0', '0', '0', '0', '0', '0', '0', '0', '0', '0', '0', '0', '0', '0', '0', '0', '0', '0', '0', '0', '0', '0', '0', '0', '0', '0', '0', '0', '0', '0', '0', '0', '0', '0', '0', '0', '0', '0', '0', '0', '0', '0', '0', '0', '0', '0', '0', '0', '0', '0', '0', '0', '0', '0', '0', '0', '0', '0', '0', '0', '0', '0', '0', '0', '0', '0', '0', '0', '0', '0', '0', '0', '0', '0', '0', '0', '0', '0', '0', '0', '0', '0', '0', '0', '0', '0', '0', '0', '0', '0', '0', '0', '0', '0', '0', '0', '0', '0', '0', '0', '0', '0', '0', '0', '0', '0', '0', '0', '0', '0', '0', '0', '0', '0', '0', '0', '0', '0', '0', '0', '0', '0', '0', '0', '0', '0', '0', '0', '0', '0', '0', '0', '0', '0', '0', '0', '0', '0', '0', '0', '0', '0', '0', '0', '0', '0', '0', '0', '0', '0', '0', '0', '0', '0', '0', '0', '0', '0', '0', '0', '0', '0', '0', '0', '0', '0', '0', '0', '0', '0', '0', '0', '0', '0', '0', '0', '0', '0', '0', '0', '0', '0', '0', '0', '0', '0', '0', '0', '0', '0', '0', '0', '0', '0', '0', '0', '0', '0', '0', '0', '0', '0', '0', '0', '0', '0', '0', '0', '0', '0', '0', '0', '0', '0', '0', '0', '0', '0', '0', '0', '0', '0', '0', '0', '0', '0', '0', '0', '0', '0', '0', '0', '0', '0', '0', '0', '0', '0', '0', '0', '0', '0', '0', '0', '0', '0', '0', '0', '0', '0', '0', '0', '0', '0', '0', '0', '0', '0', '0', '0', '0', '0', '0', '0', '0', '0', '0', '0', '0', '0', '0', '0', '0', '0', '0', '0', '0', '0', '0', '0', '0', '0', '0', '0', '0', '0', '0', '0', '0', '0', '0', '0', '0', '0', '0', '0', '0', '0', '0', '0', '0', '0', '0', '0', '0', '0', '0', '0', '0', '0', '0', '0', '0', '0', '0', '0', '0', '0', '0', '0', '0', '0', '0', '0', '0', '0', '0', '0', '0', '0', '0', '0', '0', '0', '0', '0', '0', '0', '0', '0', '0', '0', '0', '0', '0', '0', '0', '0', '0', '0', '0', '0', '0', '0', '0', '0', '0', '0', '0', '0', '0', '0', '0', '0', '0', '0', '0', '0', '0', '0', '0', '0', '0', '0', '0', '0', '0', '0', '0', '0', '0', '0', '0', '0', '0', '0', '0', '0', '0', '0', '0', '0', '0', '0', '0', '0', '0', '0', '0', '0', '0', '0', '0', '0', '0', '0', '0', '0', '0', '0', '0', '0', '0', '0', '0', '0', '0', '0', '0', '0', '0', '0', '0', '0', '0', '0', '0', '0', '0', '0', '0', '0', '0', '0', '0', '0', '0', '0', '0', '0', '0', '0', '0', '0', '0', '0', '0', '0', '0', '0', '0', '0', '0', '0', '0', '0', '0', '0', '0', '0', '0', '0', '0', '0', '0', '0', '0', '0', '0', '0', '0', '0', '0', '0', '0', '0', '0', '0', '0', '0', '0', '0', '0', '0', '0', '0', '0', '0', '0', '0', '0', '0', '0', '0', '0', '0', '0', '0', '0', '0', '0', '0', '0', '0', '0', '0', '0', '0', '0', '0', '0', '0', '0', '0', '0', '0', '0', '0', '0', '0', '0', '0', '0', '0', '0', '0', '0', '0', '0', '0', '0', '0', '0', '0', '0', '0', '0', '0', '0', '0', '0', '0', '0', '0', '0', '0', '0', '0', '0', '0', '0', '0', '0', '0', '0', '0', '0', '0', '0', '0', '0', '0', '0', '0', '0', '0', '0', '0', '0', '0', '0', '0', '0', '0', '0', '0', '0', '0', '0', '0', '0', '0', '0', '0', '0', '0', '0', '0', '0', '0', '0', '0', '0', '0', '0', '0', '0', '0', '0', '0', '0', '0', '0', '0', '0', '0', '0', '0', '0', '0', '0', '0', '0', '0', '0', '0', '0', '0', '0', '0', '0', '0', '0', '0', '0', '0', '0', '0', '0', '0', '0', '0', '0', '0', '0', '0', '0', '0', '0', '0', '0', '0', '0', '0', '0', '0', '0', '0', '0', '0', '0', '0', '0', '0', '0', '0', '0', '0', '0', '0', '0', '0', '0', '0', '0', '0', '0', '0', '0', '0', '0', '0', '0', '0', '0', '0', '0', '0', '0', '0', '0', '0', '0', '0', '0', '0', '0', '0', '0', '0', '0', '0', '0', '0', '0', '0', '0', '0', '0', '0', '0', '0', '0', '0', '0', '0', '0', '0', '0', '0', '0', '0', '0', '0', '0', '0', '0', '0', '0', '0', '0', '0', '0', '0', '0', '0', '0', '0', '0', '0', '0', '0', '0', '0', '0', '0', '0', '0', '0', '0', '0', '0', '0', '0', '0', '0', '0', '0', '0', '0', '0', '0', '0', '0', '0', '0', '0', '0', '0', '0', '0', '0', '0', '0', '0', '0', '0', '0', '0', '0', '0', '0', '0', '0', '0', '0', '0', '0', '0', '0', '0', '0', '0', '0', '0', '0', '0', '0', '0', '0', '0', '0', '0', '0', '0', '0', '0', '0', '0', '0', '0', '0', '0', '0', '0', '0', '0', '0', '0', '0', '0', '0', '0', '0', '0', '0', '0', '0', '0', '0', '0', '0', '0', '0', '0', '0', '0', '0', '0', '0', '0', '0', '0', '0', '0', '0', '0', '0', '0', '0', '0', '0', '0', '0', '0', '0', '0', '0', '0', '0', '0', '0', '0', '0', '0', '0', '0', '0', '0', '0', '0', '0', '0', '0', '0', '0', '0', '0', '0', '0', '0', '0', '0', '0', '0', '0', '0', '0', '0', '0', '0', '0', '0', '0', '0', '0', '0', '0', '0', '0', '0', '0', '0', '0', '0', '0', '0', '0', '0', '0', '0', '0', '0', '0', '0', '0', '0', '0', '0', '0', '0', '0', '0', '0', '0', '0', '0', '0', '0', '0', '0', '0', '0', '0', '0', '0', '0', '0', '0', '0', '0', '0', '0', '0', '0', '0', '0', '0', '0', '0', '0', '0', '0', '0', '0', '0', '0', '0', '0', '0', '0', '0', '0', '0', '0', '0', '0', '0', '0', '0', '0', '0', '0', '0', '0', '0', '0', '0', '0', '0', '0', '0', '0', '0', '0', '0', '0', '0', '0', '0', '0', '0', '0', '0', '0', '0', '0', '0', '0', '0', '0', '0', '0', '0', '0', '0', '0', '0', '0', '0', '0', '0', '0', '0', '0', '0', '0', '0', '0', '0', '0', '0', '0', '0', '0', '0', '0', '0', '0', '0', '0', '0', '0', '0', '0', '0', '0', '0', '0', '0', '0', '0', '0', '0', '0', '0', '0', '0', '0', '0', '0', '0', '0', '0', '0', '0', '0', '0', '0', '0', '0', '0', '0', '0', '0', '0', '0', '0', '0', '0', '0', '0', '0', '0', '0', '0', '0', '0', '0', '0', '0', '0', '0', '0', '0', '0', '0', '0', '0', '0', '0', '0', '0', '0', '0', '0', '0', '0', '0', '0', '0', '0', '0', '0', '0', '0', '0', '0', '0', '0', '0', '0', '0', '0', '0', '0', '0', '0', '0', '0', '0', '0', '0', '0', '0', '0', '0', '0', '0', '0', '0', '0', '0', '0', '0', '0', '0', '0', '0', '0', '0', '0', '0', '0', '0', '0', '0', '0', '0', '0', '0', '0', '0', '0', '0', '0', '0', '0', '0', '0', '0', '0', '0', '0', '0', '0', '0', '0', '0', '0', '0', '0', '0', '0', '0', '0', '0', '0', '0', '0', '0', '0', '0', '0', '0', '0', '0', '0', '0', '0', '0', '0', '0', '0', '0', '0', '0', '0', '0', '0', '0', '0', '0', '0', '0', '0', '0', '0', '0', '0', '0', '0', '0', '0', '0', '0', '0', '0', '0', '0', '0', '0', '0', '0', '0', '0', '0', '0', '0', '0', '0', '0', '0', '0', '0', '0', '0', '0', '0', '0', '0', '0', '0', '0', '0', '0', '0', '0', '0', '0', '0', '0', '0', '0', '0', '0', '0', '0', '0', '0', '0', '0', '0', '0', '0', '0', '0', '0', '0', '0', '0', '0', '0', '0', '0', '0', '0', '0', '0', '0', '0', '0', '0', '0', '0', '0', '0', '0', '0', '0', '0', '0', '0', '0', '0', '0', '0', '0', '0', '0', '0', '0', '0', '0', '0', '0', '0', '0', '0', '0', '0', '0', '0', '0', '0', '0', '0', '0', '0', '0', '0', '0', '0', '0', '0', '0', '0', '0', '0', '0', '0', '0', '0', '0', '0', '0', '0', '0', '0', '0', '0', '0', '0', '0', '0', '0', '0', '0', '0', '0', '0', '0', '0', '0', '0', '0', '0', '0', '0', '0', '0', '0', '0', '0', '0', '0', '0', '0', '0', '0', '0', '0', '0', '0', '0', '0', '0', '0', '0', '0', '0', '0', '0', '0', '0', '0', '0', '0', '0', '0', '0', '0', '0', '0', '0', '0', '0', '0', '0', '0', '0', '0', '0', '0', '0', '0', '0', '0', '0', '0', '0', '0', '0', '0', '0', '0', '0', '0', '0', '0', '0', '0', '0', '0', '0', '0', '0', '0', '0', '0', '0', '0', '0', '0', '0', '0', '0', '0', '0', '0', '0', '0', '0', '0', '0', '0', '0', '0', '0', '0', '0', '0', '0', '0', '0', '0', '0', '0', '0', '0', '0', '0', '0', '0', '0', '0', '0', '0', '0', '0', '0', '0', '0', '0', '0', '0', '0', '0', '0', '0', '0', '0', '0', '0', '0', '0', '0', '0', '0', '0', '0', '0', '0', '0', '0', '0', '0', '0', '0', '0', '0', '0', '0', '0', '0', '0', '0', '0', '0', '0', '0', '0', '0', '0', '0', '0', '0', '0', '0', '0', '0', '0', '0', '0', '0', '0', '0', '0', '0', '0', '0', '0', '0', '0', '0', '0', '0', '0', '0', '0', '0', '0', '0', '0', '0', '0', '0', '0', '0', '0', '0', '0', '0', '0', '0', '0', '0', '0', '0', '0', '0', '0', '0', '0', '0', '0', '0', '0', '0', '0', '0', '0', '0', '0', '0', '0', '0', '0', '0', '0', '0', '0', '0', '0', '0', '0', '0', '0', '0', '0', '0', '0', '0', '0', '0', '0', '0', '0', '0', '0', '0', '0', '0', '0', '0', '0', '0', '0', '0', '0', '0', '0', '0', '0', '0', '0', '0', '0', '0', '0', '0', '0', '0', '0', '0', '0', '0', '0', '0', '0', '0', '0', '0', '0', '0', '0', '0', '0', '0', '0', '0', '0', '0', '0', '0', '0', '0', '0', '0', '0', '0', '0', '0', '0', '0', '0', '0', '0', '0', '0', '0', '0', '0', '0', '0', '0', '0', '0', '0', '0', '0', '0', '0', '0', '0', '0', '0', '0', '0', '0', '0', '0', '0', '0', '0', '0', '0', '0', '0', '0', '0', '0', '0', '0', '0', '0', '0', '0', '0', '0', '0', '0', '0', '0', '0', '0', '0', '0', '0', '0', '0', '0', '0', '0', '0', '0', '0', '0', '0', '0', '0', '0', '0', '0', '0', '0', '0', '0', '0', '0', '0', '0', '0', '0', '0', '0', '0', '0', '0', '0', '0', '0', '0', '0', '0', '0', '0', '0', '0', '0', '0', '0', '0', '0', '0', '0', '0', '0', '0', '0', '0', '0', '0', '0', '0', '0', '0', '0', '0', '0', '0', '0', '0', '0', '0', '0', '0', '0', '0', '0', '0', '0', '0', '0', '0', '0', '0', '0', '0', '0', '0', '0', '0', '0', '0', '0', '0', '0', '0', '0', '0', '0', '0', '0', '0', '0', '0', '0', '0', '0', '0', '0', '0', '0', '0', '0', '0', '0', '0', '0', '0', '0', '0', '0', '0', '0', '0', '0', '0', '0', '0', '0', '0', '0', '0', '0', '0', '0', '0', '0', '0', '0', '0', '0', '0', '0', '0', '0', '0', '0', '0', '0', '0', '0', '0', '0', '0', '0', '0', '0', '0', '0', '0', '0', '0', '0', '0', '0', '0', '0', '0', '0', '0', '0', '0', '0', '0', '0', '0', '0', '0', '0', '0', '0', '0', '0', '0', '0', '0', '0', '0', '0', '0', '0', '0', '0', '0', '0', '0', '0', '0', '0', '0', '0', '0', '0', '0', '0', '0', '0', '0', '0', '0', '0', '0', '0', '0', '0', '0', '0', '0', '0', '0', '0', '0', '0', '0', '0', '0', '0', '0', '0', '0', '0', '0', '0', '0', '0', '0', '0', '0', '0', '0', '0', '0', '0', '0', '0', '0', '0', '0', '0', '0', '0', '0', '0', '0', '0', '0', '0', '0', '0', '0', '0', '0', '0', '0', '0', '0', '0', '0', '0', '0', '0', '0', '0', '0', '0', '0', '0', '0', '0', '0', '0', '0', '0', '0', '0', '0', '0', '0', '0', '0', '0', '0', '0', '0', '0', '0', '0', '0', '0', '0', '0', '0', '0', '0', '0', '0', '0', '0', '0', '0', '0', '0', '0', '0', '0', '0', '0', '0', '0', '0', '0', '0', '0', '0', '0', '0', '0', '0', '0', '0', '0', '0', '0', '0', '0', '0', '0', '0', '0', '0', '0', '0', '0', '0', '0', '0', '0', '0', '0', '0', '0', '0', '0', '0', '0', '0', '0', '0', '0', '0', '0', '0', '0', '0', '0', '0', '0', '0', '0', '0', '0', '0', '0', '0', '0', '0', '0', '0', '0', '0', '0', '0', '0', '0', '0', '0', '0', '0', '0', '0', '0', '0', '0', '0', '0', '0', '0', '0', '0', '0', '0', '0', '0', '0', '0', '0', '0', '0', '0', '0', '0', '0', '0', '0', '0', '0', '0', '0', '0', '0', '0', '0', '0', '0', '0', '0', '0', '0', '0', '0', '0', '0', '0', '0', '0', '0', '0', '0', '0', '0', '0', '0', '0', '0', '0', '0', '0', '0', '0', '0', '0', '0', '0', '0', '0', '0', '0', '0', '0', '0', '0', '0', '0', '0', '0', '0', '0', '0', '0', '0', '0', '0', '0', '0', '0', '0', '0', '0', '0', '0', '0', '0', '0', '0', '0', '0', '0', '0', '0', '0', '0', '0', '0', '0', '0', '0', '0', '0', '0', '0', '0', '0', '0', '0', '0', '0', '0', '0', '0', '0', '0', '0', '0', '0', '0', '0', '0', '0', '0', '0', '0', '0', '0', '0', '0', '0', '0', '0', '0', '0', '0', '0', '0', '0', '0', '0', '0', '0', '0', '0', '0', '0', '0', '0', '0', '0', '0', '0', '0', '0', '0', '0', '0', '0', '0', '0', '0', '0', '0', '0', '0', '0', '0', '0', '0', '0', '0', '0', '0', '0', '0', '0', '0', '0', '0', '0', '0', '0', '0', '0', '0', '0', '0', '0', '0', '0', '0', '0', '0', '0', '0', '0', '0', '0', '0', '0', '0', '0', '0', '0', '0', '0', '0', '0', '0', '0', '0', '0', '0', '0', '0', '0', '0', '0', '0', '0', '0', '0', '0', '0', '0', '0', '0', '0', '0', '0', '0', '0', '0', '0', '0', '0', '0', '0', '0', '0', '0', '0', '0', '0', '0', '0', '0', '0', '0', '0', '0', '0', '0', '0', '0', '0', '0', '0', '0', '0', '0', '0', '0', '0', '0', '0', '0', '0', '0', '0', '0', '0', '0', '0', '0', '0', '0', '0', '0', '0', '0', '0', '0', '0', '0', '0', '0', '0', '0', '0', '0', '0', '0', '0', '0', '0', '0', '0', '0', '0', '0', '0', '0', '0', '0', '0', '0', '0', '0', '0', '0', '0', '0', '0', '0', '0', '0', '0', '0', '0', '0', '0', '0', '0', '0', '0', '0', '0', '0', '0', '0', '0', '0', '0', '0', '0', '0', '0', '0', '0', '0', '0', '0', '0', '0', '0', '0', '0', '0', '0', '0', '0', '0', '0', '0', '0', '0', '0', '0', '0', '0', '0', '0', '0', '0', '0', '0', '0', '0', '0', '0', '0', '0', '0', '0', '0', '0', '0', '0', '0', '0', '0', '0', '0', '0', '0', '0', '0', '0', '0', '0', '0', '0', '0', '0', '0', '0', '0', '0', '0', '0', '0', '0', '0', '0', '0', '0', '0', '0', '0', '0', '0', '0', '0', '0', '0', '0', '0', '0', '0', '0', '0', '0', '0', '0', '0', '0', '0', '0', '0', '0', '0', '0', '0', '0', '0', '0', '0', '0', '0', '0', '0', '0', '0', '0', '0', '0', '0', '0', '0', '0', '0', '0', '0', '0', '0', '0', '0', '0', '0', '0', '0', '0', '0', '0', '0', '0', '0', '0', '0', '0', '0', '0', '0', '0', '0', '0', '0', '0', '0', '0', '0', '0', '0', '0', '0', '0', '0', '0', '0', '0', '0', '0', '0', '0', '0', '0', '0', '0', '0', '0', '0', '0', '0', '0', '0', '0', '0', '0', '0', '0', '0', '0', '0', '0', '0', '0', '0', '0', '0', '0', '0', '0', '0', '0', '0', '0', '0', '0', '0', '0', '0', '0', '0', '0', '0', '0', '0', '0', '0', '0', '0', '0', '0', '0', '0', '0', '0', '0', '0', '0', '0', '0', '0', '0', '0', '0', '0', '0', '0', '0', '0', '0', '0', '0', '0', '0', '0', '0', '0', '0', '0', '0', '0', '0', '0', '0', '0', '0', '0', '0', '0', '0', '0', '0', '0', '0', '0', '0', '0', '0', '0', '0', '0', '0', '0', '0', '0', '0', '0', '0', '0', '0', '0', '0', '0', '0', '0', '0', '0', '0', '0', '0', '0', '0', '0', '0', '0', '0', '0', '0', '0', '0', '0', '0', '0', '0', '0', '0', '0', '0', '0', '0', '0', '0', '0', '0', '0', '0', '0', '0', '0', '0', '0', '0', '0', '0', '0', '0', '0', '0', '0', '0', '0', '0', '0', '0', '0', '0', '0', '0', '0', '0', '0', '0', '0', '0', '0', '0', '0', '0', '0', '0', '0', '0', '0', '0', '0', '0', '0', '0', '0', '0', '0', '0', '0', '0', '0', '0', '0', '0', '0', '0', '0', '0', '0', '0', '0', '0', '0', '0', '0', '0', '0', '0', '0', '0', '0', '0', '0', '0', '0', '0', '0', '0', '0', '0', '0', '0', '0', '0', '0', '0', '0', '0', '0', '0', '0', '0', '0', '0', '0', '0', '0', '0', '0', '0', '0', '0', '0', '0', '0', '0', '0', '0', '0', '0', '0', '0', '0', '0', '0', '0', '0', '0', '0', '0', '0', '0', '0', '0', '0', '0', '0', '0', '0', '0', '0', '0', '0', '0', '0', '0', '0', '0', '0', '0', '0', '0', '0', '0', '0', '0', '0', '0', '0', '0', '0', '0', '0', '0', '0', '0', '0', '0', '0', '0', '0', '0', '0', '0', '0', '0', '0', '0', '0', '0', '0', '0', '0', '0', '0', '0', '0', '0', '0', '0', '0', '0', '0', '0', '0', '0', '0', '0', '0', '0', '0', '0', '0', '0', '0', '0', '0', '0', '0', '0', '0', '0', '0', '0', '0', '0', '0', '0', '0', '0', '0', '0', '0', '0', '0', '0', '0', '0', '0', '0', '0', '0', '0', '0', '0', '0', '0', '0', '0', '0', '0', '0', '0', '0', '0', '0', '0', '0', '0', '0', '0', '0', '0', '0', '0', '0', '0', '0', '0', '0', '0', '0', '0', '0', '0', '0', '0', '0', '0', '0', '0', '0', '0', '0', '0', '0', '0', '0', '0', '0', '0', '0', '0', '0', '0', '0', '0', '0', '0', '0', '0', '0', '0', '0', '0', '0', '0', '0', '0', '0', '0', '0', '0', '0', '0', '0', '0', '0', '0', '0', '0', '0', '0', '0', '0', '0', '0', '0', '0', '0', '0', '0', '0', '0', '0', '0', '0', '0', '0', '0', '0', '0', '0', '0', '0', '0', '0', '0', '0', '0', '0', '0', '0', '0', '0', '0', '0', '0', '0', '0', '0', '0', '0', '0', '0', '0', '0', '0', '0', '0', '0', '0', '0', '0', '0', '0', '0', '0', '0', '0', '0', '0', '0', '0', '0', '0', '0', '0', '0', '0', '0', '0', '0', '0', '0', '0', '0', '0', '0', '0', '0', '0', '0', '0', '0', '0', '0', '0', '0', '0', '0', '0', '0', '0', '0', '0', '0', '0', '0', '0', '0', '0', '0', '0', '0', '0', '0', '0', '0', '0', '0', '0', '0', '0', '0', '0', '0', '0', '0', '0', '0', '0', '0', '0', '0', '0', '0', '0', '0', '0', '0', '0', '0', '0', '0', '0', '0', '0', '0', '0', '0', '0', '0', '0', '0', '0', '0', '0', '0', '0', '0', '0', '0', '0', '0', '0', '0', '0', '0', '0', '0', '0', '0', '0', '0', '0', '0', '0', '0', '0', '0', '0', '0', '0', '0', '0', '0', '0', '0', '0', '0', '0', '0', '0', '0', '0', '0', '0', '0', '0', '0', '0', '0', '0', '0', '0', '0', '0', '0', '0', '0', '0', '0', '0', '0', '0', '0', '0', '0', '0', '0', '0', '0', '0', '0', '0', '0', '0', '0', '0', '0', '0', '0', '0', '0', '0', '0', '0', '0', '0', '0', '0', '0', '0', '0', '0', '0', '0', '0', '0', '0', '0', '0', '0', '0', '0', '0', '0', '0', '0', '0', '0', '0', '0', '0', '0', '0', '0', '0', '0', '0', '0', '0', '0', '0', '0', '0', '0', '0', '0', '0', '0', '0', '0', '0', '0', '0', '0', '0', '0', '0', '0', '0', '0', '0', '0', '0', '0', '0', '0', '0', '0', '0', '0', '0', '0', '0', '0', '0', '0', '0', '0', '0', '0', '0', '0', '0', '0', '0', '0', '0', '0', '0', '0', '0', '0', '0', '0', '0', '0', '0', '0', '0', '0', '0', '0', '0', '0', '0', '0', '0', '0', '0', '0', '0', '0', '0', '0', '0', '0', '0', '0', '0', '0', '0', '0', '0', '0', '0', '0', '0', '0', '0', '0', '0', '0', '0', '0', '0', '0', '0', '0', '0', '0', '0', '0', '0', '0', '0', '0', '0', '0', '0', '0', '0', '0', '0', '0', '0', '0', '0', '0', '0', '0', '0', '0', '0', '0', '0', '0', '0', '0', '0', '0', '0', '0', '0', '0', '0', '0', '0', '0', '0', '0', '0', '0', '0', '0', '0', '0', '0', '0', '0', '0', '0', '0', '0', '0', '0', '0', '0', '0', '0', '0', '0', '0', '0', '0', '0', '0', '0', '0', '0', '0', '0', '0', '0', '0', '0', '0', '0', '0', '0', '0', '0', '0', '0', '0', '0', '0', '0', '0', '0', '0', '0', '0', '0', '0', '0', '0', '0', '0', '0', '0', '0', '0', '0', '0', '0', '0', '0', '0', '0', '0', '0', '0', '0', '0', '0', '0', '0', '0', '0', '0', '0', '0', '0', '0', '0', '0', '0', '0', '0', '0', '0', '0', '0', '0', '0', '0', '0', '0', '0', '0', '0', '0', '0', '0', '0', '0', '0', '0', '0', '0', '0', '0', '0', '0', '0', '0', '0', '0', '0', '0', '0', '0', '0', '0', '0', '0', '0', '0', '0', '0', '0', '0', '0', '0', '0', '0', '0', '0', '0', '0', '0', '0', '0', '0', '0', '0', '0', '0', '0', '0', '0', '0', '0', '0', '0', '0', '0', '0', '0', '0', '0', '0', '0', '0', '0', '0', '0', '0', '0', '0', '0', '0', '0', '0', '0', '0', '0', '0', '0', '0', '0', '0', '0', '0', '0', '0', '0', '0', '0', '0', '0', '0', '0', '0', '0', '0', '0', '0', '0', '0', '0', '0', '0', '0', '0', '0', '0', '0', '0', '0', '0', '0', '0', '0', '0', '0', '0', '0', '0', '0', '0', '0', '0', '0', '0', '0', '0', '0', '0', '0', '0', '0', '0', '0', '0', '0', '0', '0', '0', '0', '0', '0', '0', '0', '0', '0', '0', '0', '0', '0', '0', '0', '0', '0', '0', '0', '0', '0', '0', '0', '0', '0', '0', '0', '0', '0', '0', '0', '0', '0', '0', '0', '0', '0', '0', '0', '0', '0', '0', '0', '0', '0', '0', '0', '0', '0', '0', '0', '0', '0', '0', '0', '0', '0', '0', '0', '0', '0', '0', '0', '0', '0', '0', '0', '0', '0', '0', '0', '0', '0', '0', '0', '0', '0', '0', '0', '0', '0', '0', '0', '0', '0', '0', '0', '0', '0', '0', '0', '0', '0', '0', '0', '0', '0', '0', '0', '0', '0', '0', '0', '0', '0', '0', '0', '0', '0', '0', '0', '0', '0', '0', '0', '0', '0', '0', '0', '0', '0', '0', '0', '0', '0', '0', '0', '0', '0', '0', '0', '0', '0', '0', '0', '0', '0', '0', '0', '0', '0', '0', '0', '0', '0', '0', '0', '0', '0', '0', '0', '0', '0', '0', '0', '0', '0', '0', '0', '0', '0', '0', '0', '0', '0', '0', '0', '0', '0', '0', '0', '0', '0', '0', '0', '0', '0', '0', '0', '0', '0', '0', '0', '0', '0', '0', '0', '0', '0', '0', '0', '0', '0', '0', '0', '0', '0', '0', '0', '0', '0', '0', '0', '0', '0', '0', '0', '0', '0', '0', '0', '0', '0', '0', '0', '0', '0', '0', '0', '0', '0', '0', '0', '0', '0', '0', '0', '0', '0', '0', '0', '0', '0', '0', '0', '0', '0', '0', '0', '0', '0', '0', '0', '0', '0', '0', '0', '0', '0', '0', '0', '0', '0', '0', '0', '0', '0', '0', '0', '0', '0', '0', '0', '0', '0', '0', '0', '0', '0', '0', '0', '0', '0', '0', '0', '0', '0', '0', '0', '0', '0', '0', '0', '0', '0', '0', '0', '0', '0', '0', '0', '0', '0', '0', '0', '0', '0', '0', '0', '0', '0', '0', '0', '0', '0', '0', '0', '0', '0', '0', '0', '0', '0', '0', '0', '0', '0', '0', '0', '0', '0', '0', '0', '0', '0', '0', '0', '0', '0', '0', '0', '0', '0', '0', '0', '0', '0', '0', '0', '0', '0', '0', '0', '0', '0', '0', '0', '0', '0', '0', '0', '0', '0', '0', '0', '0', '0', '0', '0', '0', '0', '0', '0', '0', '0', '0', '0', '0', '0', '0', '0', '0', '0', '0', '0', '0', '0', '0', '0', '0', '0', '0', '0', '0', '0', '0', '0', '0', '0', '0', '0', '0', '0', '0', '0', '0', '0', '0', '0', '0', '0', '0', '0', '0', '0', '0', '0', '0', '0', '0', '0', '0', '0', '0', '0', '0', '0', '0', '0', '0', '0', '0', '0', '0', '0', '0', '0', '0', '0', '0', '0', '0', '0', '0', '0', '0', '0', '0', '0', '0', '0', '0', '0', '0', '0', '0', '0', '0', '0', '0', '0', '0', '0', '0', '0', '0', '0', '0', '0', '0', '0', '0', '0', '0', '0', '0', '0', '0', '0', '0', '0', '0', '0', '0', '0', '0', '0', '0', '0', '0', '0', '0', '0', '0', '0', '0', '0', '0', '0', '0', '0', '0', '0', '0', '0', '0', '0', '0', '0', '0', '0', '0', '0', '0', '0', '0', '0', '0', '0', '0', '0', '0', '0', '0', '0', '0', '0', '0', '0', '0', '0', '0', '0', '0', '0', '0', '0', '0', '0', '0', '0', '0', '0', '0', '0', '0', '0', '0', '0', '0', '0', '0', '0', '0', '0', '0', '0', '0', '0', '0', '0', '0', '0', '0', '0', '0', '0', '0', '0', '0', '0', '0', '0', '0', '0', '0', '0', '0', '0', '0', '0', '0', '0', '0', '0', '0', '0', '0', '0', '0', '0', '0', '0', '0', '0', '0', '0', '0', '0', '0', '0', '0', '0', '0', '0', '0', '0', '0', '0', '0', '0', '0', '0', '0', '0', '0', '0', '0', '0', '0', '0', '0', '0', '0', '0', '0', '0', '0', '0', '0', '0', '0', '0', '0', '0', '0', '0', '0', '0', '0', '0', '0', '0', '0', '0', '0', '0', '0', '0', '0', '0', '0', '0', '0', '0', '0', '0', '0', '0', '0', '0', '0', '0', '0', '0', '0', '0', '0', '0', '0', '0', '0', '0', '0', '0', '0', '0', '0', '0', '0', '0', '0', '0', '0', '0', '0', '0', '0', '0', '0', '0', '0', '0', '0', '0', '0', '0', '0', '0', '0', '0', '0', '0', '0', '0', '0', '0', '0', '0', '0', '0', '0', '0', '0', '0', '0', '0', '0', '0', '0', '0', '0', '0', '0', '0', '0', '0', '0', '0', '0', '0', '0', '0', '0', '0', '0', '0', '0', '0', '0', '0', '0', '0', '0', '0', '0', '0', '0', '0', '0', '0', '0', '0', '0', '0', '0', '0', '0', '0', '0', '0', '0', '0', '0', '0', '0', '0', '0', '0', '0', '0', '0', '0', '0', '0', '0', '0', '0', '0', '0', '0', '0', '0', '0', '0', '0', '0', '0', '0', '0', '0', '0', '0', '0', '0', '0', '0', '0', '0', '0', '0', '0', '0', '0', '0', '0', '0', '0', '0', '0', '0', '0', '0', '0', '0', '0', '0', '0', '0', '0', '0', '0', '0', '0', '0', '0', '0', '0', '0', '0', '0', '0', '0', '0', '0', '0', '0', '0', '0', '0', '0', '0', '0', '0', '0', '0', '0', '0', '0', '0', '0', '0', '0', '0', '0', '0', '0', '0', '0', '0', '0', '0', '0', '0', '0', '0', '0', '0', '0', '0', '0', '0', '0', '0', '0', '0', '0', '0', '0', '0', '0', '0', '0', '0', '0', '0', '0', '0', '0', '0', '0', '0', '0', '0', '0', '0', '0', '0', '0', '0', '0', '0', '0', '0', '0', '0', '0', '0', '0', '0', '0', '0', '0', '0', '0', '0', '0', '0', '0', '0', '0', '0', '0', '0', '0', '0', '0', '0', '0', '0', '0', '0', '0', '0', '0', '0', '0', '0', '0', '0', '0', '0', '0', '0', '0', '0', '0', '0', '0', '0', '0', '0', '0', '0', '0', '0', '0', '0', '0', '0', '0', '0', '0', '0', '0', '0', '0', '0', '0', '0', '0', '0', '0', '0', '0', '0', '0', '0', '0', '0', '0', '0', '0', '0', '0', '0', '0', '0', '0', '0', '0', '0', '0', '0', '0', '0', '0', '0', '0', '0', '0', '0', '0', '0', '0', '0', '0', '0', '0', '0', '0', '0', '0', '0', '0', '0', '0', '0', '0', '0', '0', '0', '0', '0', '0', '0', '0', '0', '0', '0', '0', '0', '0', '0', '0', '0', '0', '0', '0', '0', '0', '0', '0', '0', '0', '0', '0', '0', '0', '0', '0', '0', '0', '0', '0', '0', '0', '0', '0', '0', '0', '0', '0', '0', '0', '0', '0', '0', '0', '0', '0', '0', '0', '0', '0', '0', '0', '0', '0', '0', '0', '0', '0', '0', '0', '0', '0', '0', '0', '0', '0', '0', '0', '0', '0', '0', '0', '0', '0', '0', '0', '0', '0', '0', '0', '0', '0', '0', '0', '0', '0', '0', '0', '0', '0', '0', '0', '0', '0', '0', '0', '0', '0', '0', '0', '0', '0', '0', '0', '0', '0', '0', '0', '0', '0', '0', '0', '0', '0', '0', '0', '0', '0', '0', '0', '0', '0', '0', '0', '0', '0', '0', '0', '0', '0', '0', '0', '0', '0', '0', '0', '0', '0', '0', '0', '0', '0', '0', '0', '0', '0', '0', '0', '0', '0', '0', '0', '0', '0', '0', '0', '0', '0', '0', '0', '0', '0', '0', '0', '0', '0', '0', '0', '0', '0', '0', '0', '0', '0', '0', '0', '0', '0', '0', '0', '0', '0', '0', '0', '0', '0', '0', '0', '0', '0', '0', '0', '0', '0', '0', '0', '0', '0', '0', '0', '0', '0', '0', '0', '0', '0', '0', '0', '0', '0', '0', '0', '0', '0', '0', '0', '0', '0', '0', '0', '0', '0', '0', '0', '0', '0', '0', '0', '0', '0', '0', '0', '0', '0', '0', '0', '0', '0', '0', '0', '0', '0', '0', '0', '0', '0', '0', '0', '0', '0', '0', '0', '0', '0', '0', '0', '0', '0', '0', '0', '0', '0', '0', '0', '0', '0', '0', '0', '0', '0', '0', '0', '0', '0', '0', '0', '0', '0', '0', '0', '0', '0', '0', '0', '0', '0', '0', '0', '0', '0', '0', '0', '0', '0', '0', '0', '0', '0', '0', '0', '0', '0', '0', '0', '0', '0', '0', '0', '0', '0', '0', '0', '0', '0', '0', '0', '0', '0', '0', '0', '0', '0', '0', '0', '0', '0', '0', '0', '0', '0', '0', '0', '0', '0', '0', '0', '0', '0', '0', '0', '0', '0', '0', '0', '0', '0', '0', '0', '0', '0', '0', '0', '0', '0', '0', '0', '0', '0', '0', '0', '0', '0', '0', '0', '0', '0', '0', '0', '0', '0', '0', '0', '0', '0', '0', '0', '0', '0', '0', '0', '0', '0', '0', '0', '0', '0', '0', '0', '0', '0', '0', '0', '0', '0', '0', '0', '0', '0', '0', '0', '0', '0', '0', '0', '0', '0', '0', '0', '0', '0', '0', '0', '0', '0', '0', '0', '0', '0', '0', '0', '0', '0', '0', '0', '0', '0', '0', '0', '0', '0', '0', '0', '0', '0', '0', '0', '0', '0', '0', '0', '0', '0', '0', '0', '0', '0', '0', '0', '0', '0', '0', '0', '0', '0', '0', '0', '0', '0', '0', '0', '0', '0', '0', '0', '0', '0', '0', '0', '0', '0', '0', '0', '0', '0', '0', '0', '0', '0', '0', '0', '0', '0', '0', '0', '0', '0', '0', '0', '0', '0', '0', '0', '0', '0', '0', '0', '0', '0', '0', '0', '0', '0', '0', '0', '0', '0', '0', '0', '0', '0', '0', '0', '0', '0', '0', '0', '0', '0', '0', '0', '0', '0', '0', '0', '0', '0', '0', '0', '0', '0', '0', '0', '0', '0', '0', '0', '0', '0', '0', '0', '0', '0', '0', '0', '0', '0', '0', '0', '0', '0', '0', '0', '0', '0', '0', '0', '0', '0', '0', '0', '0', '0', '0', '0', '0', '0', '0', '0', '0', '0', '0', '0', '0', '0', '0', '0', '0', '0', '0', '0', '0', '0', '0', '0', '0', '0', '0', '0', '0', '0', '0', '0', '0', '0', '0', '0', '0', '0', '0', '0', '0', '0', '0', '0', '0', '0', '0', '0', '0', '0', '0', '0', '0', '0', '0', '0', '0', '0', '0', '0', '0', '0', '0', '0', '0', '0', '0', '0', '0', '0', '0', '0', '0', '0', '0', '0', '0', '0', '0', '0', '0', '0', '0', '0', '0', '0', '0', '0', '0', '0', '0', '0', '0', '0', '0', '0', '0', '0', '0', '0', '0', '0', '0', '0', '0', '0', '0', '0', '0', '0', '0', '0', '0', '0', '0', '0', '0', '0', '0', '0', '0', '0', '0', '0', '0', '0', '0', '0', '0', '0', '0', '0', '0', '0', '0', '0', '0', '0', '0', '0', '0', '0', '0', '0', '0', '0', '0', '0', '0', '0', '0', '0', '0', '0', '0', '0', '0', '0', '0', '0', '0', '0', '0', '0', '0', '0', '0', '0', '0', '0', '0', '0', '0', '0', '0', '0', '0', '0', '0', '0', '0', '0', '0', '0', '0', '0', '0', '0', '0', '0', '0', '0', '0', '0', '0', '0', '0', '0', '0', '0', '0', '0', '0', '0', '0', '0', '0', '0', '0', '0', '0', '0', '0', '0', '0', '0', '0', '0', '0', '0', '0', '0', '0', '0', '0', '0', '0', '0', '0', '0', '0', '0', '0', '0', '0', '0', '0', '0', '0', '0', '0', '0', '0', '0', '0', '0', '0', '0', '0', '0', '0', '0', '0', '0', '0', '0', '0', '0', '0', '0', '0', '0', '0', '0', '0', '0', '0', '0', '0', '0', '0', '0', '0', '0', '0', '0', '0', '0', '0', '0', '0', '0', '0', '0', '0', '0', '0', '0', '0', '0', '0', '0', '0', '0', '0', '0', '0', '0', '0', '0', '0', '0', '0', '0', '0', '0', '0', '0', '0', '0', '0', '0', '0', '0', '0', '0', '0', '0', '0', '0', '0', '0', '0', '0', '0', '0', '0', '0', '0', '0', '0', '0', '0', '0', '0', '0', '0', '0', '0', '0', '0', '0', '0', '0', '0', '0', '0', '0', '0', '0', '0', '0', '0', '0', '0', '0', '0', '0', '0', '0', '0', '0', '0', '0', '0', '0', '0', '0', '0', '0', '0', '0', '0', '0', '0', '0', '0', '0', '0', '0', '0', '0', '0', '0', '0', '0', '0', '0', '0', '0', '0', '0', '0', '0', '0', '0', '0', '0', '0', '0', '0', '0', '0', '0', '0', '0', '0', '0', '0', '0', '0', '0', '0', '0', '0', '0', '0', '0', '0', '0', '0', '0', '0', '0', '0', '0', '0', '0', '0', '0', '0', '0', '0', '0', '0', '0', '0', '0', '0', '0', '0', '0', '0', '0', '0', '0', '0', '0', '0', '0', '0', '0', '0', '0', '0', '0', '0', '0', '0', '0', '0', '0', '0', '0', '0', '0', '0', '0', '0', '0', '0', '0', '0', '0', '0', '0', '0', '0', '0', '0', '0', '0', '0', '0', '0', '0', '0', '0', '0', '0', '0', '0', '0', '0', '0', '0', '0', '0', '0', '0', '0', '0', '0', '0', '0', '0', '0', '0', '0', '0', '0', '0', '0', '0', '0', '0', '0', '0', '0', '0', '0', '0', '0', '0', '0', '0', '0', '0', '0', '0', '0', '0', '0', '0', '0', '0', '0', '0', '0', '0', '0', '0', '0', '0', '0', '0', '0', '0', '0', '0', '0', '0', '0', '0', '0', '0', '0', '0', '0', '0', '0', '0', '0', '0', '0', '0', '0', '0', '0', '0', '0', '0', '0', '0', '0', '0', '0', '0', '0', '0', '0', '0', '0', '0', '0', '0', '0', '0', '0', '0', '0', '0', '0', '0', '0', '0', '0', '0', '0', '0', '0', '0', '0', '0', '0', '0', '0', '0', '0', '0', '0', '0', '0', '0', '0', '0', '0', '0', '0', '0', '0', '0', '0', '0', '0', '0', '0', '0', '0', '0', '0', '0', '0', '0', '0', '0', '0', '0', '0', '0', '0', '0', '0', '0', '0', '0', '0', '0', '0', '0', '0', '0', '0', '0', '0', '0', '0', '0', '0', '0', '0', '0', '0', '0', '0', '0', '0', '0', '0', '0', '0', '0', '0', '0', '0', '0', '0', '0', '0', '0', '0', '0', '0', '0', '0', '0', '0', '0', '0', '0', '0', '0', '0', '0', '0', '0', '0', '0', '0', '0', '0', '0', '0', '0', '0', '0', '0', '0', '0', '0', '0', '0', '0', '0', '0', '0', '0', '0', '0', '0', '0', '0', '0', '0', '0', '0', '0', '0', '0', '0', '0', '0', '0', '0', '0', '0', '0', '0', '0', '0', '0', '0', '0', '0', '0', '0', '0', '0', '0', '0', '0', '0', '0', '0', '0', '0', '0', '0', '0', '0', '0', '0', '0', '0', '0', '0', '0', '0', '0', '0', '0', '0', '0', '0', '0', '0', '0', '0', '0', '0', '0', '0', '0', '0', '0', '0', '0', '0', '0', '0', '0', '0', '0', '0', '0', '0', '0', '0', '0', '0', '0', '0', '0', '0', '0', '0', '0', '0', '0', '0', '0', '0', '0', '0', '0', '0', '0', '0', '0', '0', '0', '0', '0', '0', '0', '0', '0', '0', '0', '0', '0', '0', '0', '0', '0', '0', '0', '0', '0', '0', '0', '0', '0', '0', '0', '0', '0', '0', '0', '0', '0', '0', '0', '0', '0', '0', '0', '0', '0', '0', '0', '0', '0', '0', '0', '0', '0', '0', '0', '0', '0', '0', '0', '0', '0', '0', '0', '0', '0', '0', '0', '0', '0', '0', '0', '0', '0', '0', '0', '0', '0', '0', '0', '0', '0', '0', '0', '0', '0', '0', '0', '0', '0', '0', '0', '0', '0', '0', '0', '0', '0', '0', '0', '0', '0', '0', '0', '0', '0', '0', '0', '0', '0', '0', '0', '0', '0', '0', '0', '0', '0', '0', '0', '0', '0', '0', '0', '0', '0', '0', '0', '0', '0', '0', '0', '0', '0', '0', '0', '0', '0', '0', '0', '0', '0', '0', '0', '0', '0', '0', '0', '0', '0', '0', '0', '0', '0', '0', '0', '0', '0', '0', '0', '0', '0', '0', '0', '0', '0', '0', '0', '0', '0', '0', '0', '0', '0', '0', '0', '0', '0', '0', '0', '0', '0', '0', '0', '0', '0', '0', '0', '0', '0', '0', '0', '0', '0', '0', '0', '0', '0', '0', '0', '0', '0', '0', '0', '0', '0', '0', '0', '0', '0', '0', '0', '0', '0', '0', '0', '0', '0', '0', '0', '0', '0', '0', '0', '0', '0', '0', '0', '0', '0', '0', '0', '0', '0', '0', '0', '0', '0', '0', '0', '0', '0', '0', '0', '0', '0', '0', '0', '0', '0', '0', '0', '0', '0', '0', '0', '0', '0', '0', '0', '0', '0', '0', '0', '0', '0', '0', '0', '0', '0', '0', '0', '0', '0', '0', '0', '0', '0', '0', '0', '0', '0', '0', '0', '0', '0', '0', '0', '0', '0', '0', '0', '0', '0', '0', '0', '0', '0', '0', '0', '0', '0', '0', '0', '0', '0', '0', '0', '0', '0', '0', '0', '0', '0', '0', '0', '0', '0', '0', '0', '0', '0', '0', '0', '0', '0', '0', '0', '0', '0', '0', '0', '0', '0', '0', '0', '0', '0', '0', '0', '0', '0', '0', '0', '0', '0', '0', '0', '0', '0', '0', '0', '0', '0', '0', '0', '0', '0', '0', '0', '0', '0', '0', '0', '0', '0', '0', '0', '0', '0', '0', '0', '0', '0', '0', '0', '0', '0', '0', '0', '0', '0', '0', '0', '0', '0', '0', '0', '0', '0', '0', '0', '0', '0', '0', '0', '0', '0', '0', '0', '0', '0', '0', '0', '0', '0', '0', '0', '0', '0', '0', '0', '0', '0', '0', '0', '0', '0', '0', '0', '0', '0', '0', '0', '0', '0', '0', '0', '0', '0', '0', '0', '0', '0', '0', '0', '0', '0', '0', '0', '0', '0', '0', '0', '0', '0', '0', '0', '0', '0', '0', '0', '0', '0', '0', '0', '0', '0', '0', '0', '0', '0', '0', '0', '0', '0', '0', '0', '0', '0', '0', '0', '0', '0', '0', '0', '0', '0', '0', '0', '0', '0', '0', '0', '0', '0', '0', '0', '0', '0', '0', '0', '0', '0', '0', '0', '0', '0', '0', '0', '0', '0', '0', '0', '0', '0', '0', '0', '0', '0', '0', '0', '0', '0', '0', '0', '0', '0', '0', '0', '0', '0', '0', '0', '0', '0', '0', '0', '0', '0', '0', '0', '0', '0', '0', '0', '0', '0', '0', '0', '0', '0', '0', '0', '0', '0', '0', '0', '0', '0', '0', '0', '0', '0', '0', '0', '0', '0', '0', '0', '0', '0', '0', '0', '0', '0', '0', '0', '0', '0', '0', '0', '0', '0', '0', '0', '0', '0', '0', '0', '0', '0', '0', '0', '0', '0', '0', '0', '0', '0', '0', '0', '0', '0', '0', '0', '0', '0', '0', '0', '0', '0', '0', '0', '0', '0', '0', '0', '0', '0', '0', '0', '0', '0', '0', '0', '0', '0', '0', '0', '0', '0', '0', '0', '0', '0', '0', '0', '0', '0', '0', '0', '0', '0', '0', '0', '0', '0', '0', '0', '0', '0', '0', '0', '0', '0', '0', '0', '0', '0', '0', '0', '0', '0', '0', '0', '0', '0', '0', '0', '0', '0', '0', '0', '0', '0', '0', '0', '0', '0', '0', '0', '0', '0', '0', '0', '0', '0', '0', '0', '0', '0', '0', '0', '0', '0', '0', '0', '0', '0', '0', '0', '0', '0', '0', '0', '0', '0', '0', '0', '0', '0', '0', '0', '0', '0', '0', '0', '0', '0', '0', '0', '0', '0', '0', '0', '0', '0', '0', '0', '0', '0', '0', '0', '0', '0', '0', '0', '0', '0', '0', '0', '0', '0', '0', '0', '0', '0', '0', '0', '0', '0', '0', '0', '0', '0', '0', '0', '0', '0', '0', '0', '0', '0', '0', '0', '0', '0', '0', '0', '0', '0', '0', '0', '0', '0', '0', '0', '0', '0', '0', '0', '0', '0', '0', '0', '0', '0', '0', '0', '0', '0', '0', '0', '0', '0', '0', '0', '0', '0', '0', '0', '0', '0', '0', '0', '0', '0', '0', '0', '0', '0', '0', '0', '0', '0', '0', '0', '0', '0', '0', '0', '0', '0', '0', '0', '0', '0', '0', '0', '0', '0', '0', '0', '0', '0', '0', '0', '0', '0', '0', '0', '0', '0', '0', '0', '0', '0', '0', '0', '0', '0', '0', '0', '0', '0', '0', '0', '0', '0', '0', '0', '0', '0', '0', '0', '0', '0', '0', '0', '0', '0', '0', '0', '0', '0', '0', '0', '0', '0', '0', '0', '0', '0', '0', '0', '0', '0', '0', '0', '0', '0', '0', '0', '0', '0', '0', '0', '0', '0', '0', '0', '0', '0', '0', '0', '0', '0', '0', '0', '0', '0', '0', '0', '0', '0', '0', '0', '0', '0', '0', '0', '0', '0', '0', '0', '0', '0', '0', '0', '0', '0', '0', '0', '0', '0', '0', '0', '0', '0', '0', '0', '0', '0', '0', '0', '0', '0', '0', '0', '0', '0', '0', '0', '0', '0', '0', '0', '0', '0', '0', '0', '0', '0', '0', '0', '0', '0', '0', '0', '0', '0', '0', '0', '0', '0', '0', '0', '0', '0', '0', '0', '0', '0', '0', '0', '0', '0', '0', '0', '0', '0', '0', '0', '0', '0', '0', '0', '0', '0', '0', '0', '0', '0', '0', '0', '0', '0', '0', '0', '0', '0', '0', '0', '0', '0', '0', '0', '0', '0', '0', '0', '0', '0', '0', '0', '0', '0', '0', '0', '0', '0', '0', '0', '0', '0', '0', '0', '0', '0', '0', '0', '0', '0', '0', '0', '0', '0', '0', '0', '0', '0', '0', '0', '0', '0', '0', '0', '0', '0', '0', '0', '0', '0', '0', '0', '0', '0', '0', '0', '0', '0', '0', '0', '0', '0', '0', '0', '0', '0', '0', '0', '0', '0', '0', '0', '0', '0', '0', '0', '0', '0', '0', '0', '0', '0', '0', '0', '0', '0', '0', '0', '0', '0', '0', '0', '0', '0', '0', '0', '0', '0', '0', '0', '0', '0', '0', '0', '0', '0', '0', '0', '0', '0', '0', '0', '0', '0', '0', '0', '0', '0', '0', '0', '0', '0', '0', '0', '0', '0', '0', '0', '0', '0', '0', '0', '0', '0', '0', '0', '0', '0', '0', '0', '0', '0', '0', '0', '0', '0', '0', '0', '0', '0', '0', '0', '0', '0', '0', '0', '0', '0', '0', '0', '0', '0', '0', '0', '0', '0', '0', '0', '0', '0', '0', '0', '0', '0', '0', '0', '0', '0', '0', '0', '0', '0', '0', '0', '0', '0', '0', '0', '0', '0', '0', '0', '0', '0', '0', '0', '0', '0', '0', '0', '0', '0', '0', '0', '0', '0', '0', '0', '0', '0', '0', '0', '0', '0', '0', '0', '0', '0', '0', '0', '0', '0', '0', '0', '0', '0', '0', '0', '0', '0', '0', '0', '0', '0', '0', '0', '0', '0', '0', '0', '0', '0', '0', '0', '0', '0', '0', '0', '0', '0', '0', '0', '0', '0', '0', '0', '0', '0', '0', '0', '0', '0', '0', '0', '0', '0', '0', '0', '0', '0', '0', '0', '0', '0', '0', '0', '0', '0', '0', '0', '0', '0', '0', '0', '0', '0', '0', '0', '0', '0', '0', '0', '0', '0', '0', '0', '0', '0', '0', '0', '0', '0', '0', '0', '0', '0', '0', '0', '0', '0', '0', '0', '0', '0', '0', '0', '0', '0', '0', '0', '0', '0', '0', '0', '0', '0', '0', '0', '0', '0', '0', '0', '0', '0', '0', '0', '0', '0', '0', '0', '0', '0', '0', '0', '0', '0', '0', '0', '0', '0', '0', '0', '0', '0', '0', '0', '0', '0', '0', '0', '0', '0', '0', '0', '0', '0', '0', '0', '0', '0', '0', '0', '0', '0', '0', '0', '0', '0', '0', '0', '0', '0', '0', '0', '0', '0', '0', '0', '0', '0', '0', '0', '0', '0', '0', '0', '0', '0', '0', '0', '0', '0', '0', '0', '0', '0', '0', '0', '0', '0', '0', '0', '0', '0', '0', '0', '0', '0', '0', '0', '0', '0', '0', '0', '0', '0', '0', '0', '0', '0', '0', '0', '0', '0', '0', '0', '0', '0', '0', '0', '0', '0', '0', '0', '0', '0', '0', '0', '0', '0', '0', '0', '0', '0', '0', '0', '0', '0', '0', '0', '0', '0', '0', '0', '0', '0', '0', '0', '0', '0', '0', '0', '0', '0', '0', '0', '0', '0', '0', '0', '0', '0', '0', '0', '0', '0', '0', '0', '0', '0', '0', '0', '0', '0', '0', '0', '0', '0', '0', '0', '0', '0', '0', '0', '0', '0', '0', '0', '0', '0', '0', '0', '0', '0', '0', '0', '0', '0', '0', '0', '0', '0', '0', '0', '0', '0', '0', '0', '0', '0', '0', '0', '0', '0', '0', '0', '0', '0', '0', '0', '0', '0', '0', '0', '0', '0', '0', '0', '0', '0', '0', '0', '0', '0', '0', '0', '0', '0', '0', '0', '0', '0', '0', '0', '0', '0', '0', '0', '0', '0', '0', '0', '0', '0', '0', '0', '0', '0', '0', '0', '0', '0', '0', '0', '0', '0', '0', '0', '0', '0', '0', '0', '0', '0', '0', '0', '0', '0', '0', '0', '0', '0', '0', '0', '0', '0', '0', '0', '0', '0', '0', '0', '0', '0', '0', '0', '0', '0', '0', '0', '0', '0', '0', '0', '0', '0', '0', '0', '0', '0', '0', '0', '0', '0', '0', '0', '0', '0', '0', '0', '0', '0', '0', '0', '0', '0', '0', '0', '0', '0', '0', '0', '0', '0', '0', '0', '0', '0', '0', '0', '0', '0', '0', '0', '0', '0', '0', '0', '0', '0', '0', '0', '0', '0', '0', '0', '0', '0', '0', '0', '0', '0', '0', '0', '0', '0', '0', '0', '0', '0', '0', '0', '0', '0', '0', '0', '0', '0', '0', '0', '0', '0', '0', '0', '0', '0', '0', '0', '0', '0', '0', '0', '0', '0', '0', '0', '0', '0', '0', '0', '0', '0', '0', '0', '0', '0', '0', '0', '0', '0', '0', '0', '0', '0', '0', '0', '0', '0', '0', '0', '0', '0', '0', '0', '0', '0', '0', '0', '0', '0', '0', '0', '0', '0', '0', '0', '0', '0', '0', '0', '0', '0', '0', '0', '0', '0', '0', '0', '0', '0', '0', '0', '0', '0', '0', '0', '0', '0', '0', '0', '0', '0', '0', '0', '0', '0', '0', '0', '0', '0', '0', '0', '0', '0', '0', '0', '0', '0', '0', '0', '0', '0', '0', '0', '0', '0', '0', '0', '0', '0', '0', '0', '0', '0', '0', '0', '0', '0', '0', '0', '0', '0', '0', '0', '0', '0', '0', '0', '0', '0', '0', '0', '0', '0', '0', '0', '0', '0', '0', '0', '0', '0', '0', '0', '0', '0', '0', '0', '0', '0', '0', '0', '0', '0', '0', '0', '0', '0', '0', '0', '0', '0', '0', '0', '0', '0', '0', '0', '0', '0', '0', '0', '0', '0', '0', '0', '0', '0', '0', '0', '0', '0', '0', '0', '0', '0', '0', '0', '0', '0', '0', '0', '0', '0', '0', '0', '0', '0', '0', '0', '0', '0', '0', '0', '0', '0', '0', '0', '0', '0', '0', '0', '0', '0', '0', '0', '0', '0', '0', '0', '0', '0', '0', '0', '0', '0', '0', '0', '0', '0', '0', '0', '0', '0', '0', '0', '0', '0', '0', '0', '0', '0', '0', '0', '0', '0', '0', '0', '0', '0', '0', '0', '0', '0', '0', '0', '0', '0', '0', '0', '0', '0', '0', '0', '0', '0', '0', '0', '0', '0', '0', '0', '0', '0', '0', '0', '0', '0', '0', '0', '0', '0', '0', '0', '0', '0', '0', '0', '0', '0', '0', '0', '0', '0', '0', '0', '0', '0', '0', '0', '0', '0', '0', '0', '0', '0', '0', '0', '0', '0', '0', '0', '0', '0', '0', '0', '0', '0', '0', '0', '0', '0', '0', '0', '0', '0', '0', '0', '0', '0', '0', '0', '0', '0', '0', '0', '0', '0', '0', '0', '0', '0', '0', '0', '0', '0', '0', '0', '0', '0', '0', '0', '0', '0', '0', '0', '0', '0', '0', '0', '0', '0', '0', '0', '0', '0', '0', '0', '0', '0', '0', '0', '0', '0', '0', '0', '0', '0', '0', '0', '0', '0', '0', '0', '0', '0', '0', '0', '0', '0', '0', '0', '0', '0', '0', '0', '0', '0', '0', '0', '0', '0', '0', '0', '0', '0', '0', '0', '0', '0', '0', '0', '0', '0', '0', '0', '0', '0', '0', '0', '0', '0', '0', '0', '0', '0', '0', '0', '0', '0', '0', '0', '0', '0', '0', '0', '0', '0', '0', '0', '0', '0', '0', '0', '0', '0', '0', '0', '0', '0', '0', '0', '0', '0', '0', '0', '0', '0', '0', '0', '0', '0', '0', '0', '0', '0', '0', '0', '0', '0', '0', '0', '0', '0', '0', '0', '0', '0', '0', '0', '0', '0', '0', '0', '0', '0', '0', '0', '0', '0', '0', '0', '0', '0', '0', '0', '0', '0', '0', '0', '0', '0', '0', '0', '0', '0', '0', '0', '0', '0', '0', '0', '0', '0', '0', '0', '0', '0', '0', '0', '0', '0', '0', '0', '0', '0', '0', '0', '0', '0', '0', '0', '0', '0', '0', '0', '0', '0', '0', '0', '0', '0', '0', '0', '0', '0', '0', '0', '0', '0', '0', '0', '0', '0', '0', '0', '0', '0', '0', '0', '0', '0', '0', '0', '0', '0', '0', '0', '0', '0', '0', '0', '0', '0', '0', '0', '0', '0', '0', '0', '0', '0', '0', '0', '0', '0', '0', '0', '0', '0', '0', '0', '0', '0', '0', '0', '0', '0', '0', '0', '0', '0', '0', '0', '0', '0', '0', '0', '0', '0', '0', '0', '0', '0', '0', '0', '0', '0', '0', '0', '0', '0', '0', '0', '0', '0', '0', '0', '0', '0', '0', '0', '0', '0', '0', '0', '0', '0', '0', '0', '0', '0', '0', '0', '0', '0', '0', '0', '0', '0', '0', '0', '0', '0', '0', '0', '0', '0', '0', '0', '0', '0', '0', '0', '0', '0', '0', '0', '0', '0', '0', '0', '0', '0', '0', '0', '0', '0', '0', '0', '0', '0', '0', '0', '0', '0', '0', '0', '0', '0', '0', '0', '0', '0', '0', '0', '0', '0', '0', '0', '0', '0', '0', '0', '0', '0', '0', '0', '0', '0', '0', '0', '0', '0', '0', '0', '0', '0', '0', '0', '0', '0', '0', '0', '0', '0', '0', '0', '0', '0', '0', '0', '0', '0', '0', '0', '0', '0', '0', '0', '0', '0', '0', '0', '0', '0', '0', '0', '0', '0', '0', '0', '0', '0', '0', '0', '0', '0', '0', '0', '0', '0', '0', '0', '0', '0', '0', '0', '0', '0', '0', '0', '0', '0', '0', '0', '0', '0', '0', '0', '0', '0', '0', '0', '0', '0', '0', '0', '0', '0', '0', '0', '0', '0', '0', '0', '0', '0', '0', '0', '0', '0', '0', '0', '0', '0', '0', '0', '0', '0', '0', '0', '0', '0', '0', '0', '0', '0', '0', '0', '0', '0', '0', '0', '0', '0', '0', '0', '0', '0', '0', '0', '0', '0', '0', '0', '0', '0', '0', '0', '0', '0', '0', '0', '0', '0', '0', '0', '0', '0', '0', '0', '0', '0', '0', '0', '0', '0', '0', '0', '0', '0', '0', '0', '0', '0', '0', '0', '0', '0', '0', '0', '0', '0', '0', '0', '0', '0', '0', '0', '0', '0', '0', '0', '0', '0', '0', '0', '0', '0', '0', '0', '0', '0', '0', '0', '0', '0', '0', '0', '0', '0', '0', '0', '0', '0', '0', '0', '0', '0', '0', '0', '0', '0', '0', '0', '0', '0', '0', '0', '0', '0', '0', '0', '0', '0', '0', '0', '0', '0', '0', '0', '0', '0', '0', '0', '0', '0', '0', '0', '0', '0', '0', '0', '0', '0', '0', '0', '0', '0', '0', '0', '0', '0', '0', '0', '0', '0', '0', '0', '0', '0', '0', '0', '0', '0', '0', '0', '0', '0', '0', '0', '0', '0', '0', '0', '0', '0', '0', '0', '0', '0', '0', '0', '0', '0', '0', '0', '0', '0', '0', '0', '0', '0', '0', '0', '0', '0', '0', '0', '0', '0', '0', '0', '0', '0', '0', '0', '0', '0', '0', '0', '0', '0', '0', '0', '0', '0', '0', '0', '0', '0', '0', '0', '0', '0', '0', '0', '0', '0', '0', '0', '0', '0', '0', '0', '0', '0', '0', '0', '0', '0', '0', '0', '0', '0', '0', '0', '0', '0', '0', '0', '0', '0', '0', '0', '0', '0', '0', '0', '0', '0', '0', '0', '0', '0', '0', '0', '0', '0', '0', '0', '0', '0', '0', '0', '0', '0', '0', '0', '0', '0', '0', '0', '0', '0', '0', '0', '0', '0', '0', '0', '0', '0', '0', '0', '0', '0', '0', '0', '0', '0', '0', '0', '0', '0', '0', '0', '0', '0', '0', '0', '0', '0', '0', '0', '0', '0', '0', '0', '0', '0', '0', '0', '0', '0', '0', '0', '0', '0', '0', '0', '0', '0', '0', '0', '0', '0', '0', '0', '0', '0', '0', '0', '0', '0', '0', '0', '0', '0', '0', '0', '0', '0', '0', '0', '0', '0', '0', '0', '0', '0', '0', '0', '0', '0', '0', '0', '0', '0', '0', '0', '0', '0', '0', '0', '0', '0', '0', '0', '0', '0', '0', '0', '0', '0', '0', '0', '0', '0', '0', '0', '0', '0', '0', '0', '0', '0', '0', '0', '0', '0', '0', '0', '0', '0', '0', '0', '0', '0', '0', '0', '0', '0', '0', '0', '0', '0', '0', '0', '0', '0', '0', '0', '0', '0', '0', '0', '0', '0', '0', '0', '0', '0', '0', '0', '0', '0', '0', '0', '0', '0', '0', '0', '0', '0', '0', '0', '0', '0', '0', '0', '0', '0', '0', '0', '0', '0', '0', '0', '0', '0', '0', '0', '0', '0', '0', '0', '0', '0', '0', '0', '0', '0', '0', '0', '0', '0', '0', '0', '0', '0', '0', '0', '0', '0', '0', '0', '0', '0', '0', '0', '0', '0', '0', '0', '0', '0', '0', '0', '0', '0', '0', '0', '0', '0', '0', '0', '0', '0', '0', '0', '0', '0', '0', '0', '0', '0', '0', '0', '0', '0', '0', '0', '0', '0', '0', '0', '0', '0', '0', '0', '0', '0', '0', '0', '0', '0', '0', '0', '0', '0', '0', '0', '0', '0', '0', '0', '0', '0', '0', '0', '0', '0', '0', '0', '0', '0', '0', '0', '0', '0', '0', '0', '0', '0', '0', '0', '0', '0', '0', '0', '0', '0', '0', '0', '0', '0', '0', '0', '0', '0', '0', '0', '0', '0', '0', '0', '0', '0', '0', '0', '0', '0', '0', '0', '0', '0', '0', '0', '0', '0', '0', '0', '0', '0', '0', '0', '0', '0', '0', '0', '0', '0', '0', '0', '0', '0', '0', '0', '0', '0', '0', '0', '0', '0', '0', '0', '0', '0', '0', '0', '0', '0', '0', '0', '0', '0', '0', '0', '0', '0', '0', '0', '0', '0', '0', '0', '0', '0', '0', '0', '0', '0', '0', '0', '0', '0', '0', '0', '0', '0', '0', '0', '0', '0', '0', '0', '0', '0', '0', '0', '0', '0', '0', '0', '0', '0', '0', '0', '0', '0', '0', '0', '0', '0', '0', '0', '0', '0', '0', '0', '0', '0', '0', '0', '0', '0', '0', '0', '0', '0', '0', '0', '0', '0', '0', '0', '0', '0', '0', '0', '0', '0', '0', '0', '0', '0', '0', '0', '0', '0', '0', '0', '0', '0', '0', '0', '0', '0', '0', '0', '0', '0', '0', '0', '0', '0', '0', '0', '0', '0', '0', '0', '0', '0', '0', '0', '0', '0', '0', '0', '0', '0', '0', '0', '0', '0', '0', '0', '0', '0', '0', '0', '0', '0', '0', '0', '0', '0', '0', '0', '0', '0', '0', '0', '0', '0', '0', '0', '0', '0', '0', '0', '0', '0', '0', '0', '0', '0', '0', '0', '0', '0', '0', '0', '0', '0', '0', '0', '0', '0', '0', '0', '0', '0', '0', '0', '0', '0', '0', '0', '0', '0', '0', '0', '0', '0', '0', '0', '0', '0', '0', '0', '0', '0', '0', '0', '0', '0', '0', '0', '0', '0', '0', '0', '0', '0', '0', '0', '0', '0', '0', '0', '0', '0', '0', '0', '0', '0', '0', '0', '0', '0', '0', '0', '0', '0', '0', '0', '0', '0', '0', '0', '0', '0', '0', '0', '0', '0', '0', '0', '0', '0', '0', '0', '0', '0', '0', '0', '0', '0', '0', '0', '0', '0', '0', '0', '0', '0', '0', '0', '0', '0', '0', '0', '0', '0', '0', '0', '0', '0', '0', '0', '0', '0', '0', '0', '0', '0', '0', '0', '0', '0', '0', '0', '0', '0', '0', '0', '0', '0', '0', '0', '0', '0', '0', '0', '0', '0', '0', '0', '0', '0', '0', '0', '0', '0', '0', '0', '0', '0', '0', '0', '0', '0', '0', '0', '0', '0', '0', '0', '0', '0', '0', '0', '0', '0', '0', '0', '0', '0', '0', '0', '0', '0', '0', '0', '0', '0', '0', '0', '0', '0', '0', '0', '0', '0', '0', '0', '0', '0', '0', '0', '0', '0', '0', '0', '0', '0', '0', '0', '0', '0', '0', '0', '0', '0', '0', '0', '0', '0', '0', '0', '0', '0', '0', '0', '0', '0', '0', '0', '0', '0', '0', '0', '0', '0', '0', '0', '0', '0', '0', '0', '0', '0', '0', '0', '0', '0', '0', '0', '0', '0', '0', '0', '0', '0', '0', '0', '0', '0', '0', '0', '0', '0', '0', '0', '0', '0', '0', '0', '0', '0', '0', '0', '0', '0', '0', '0', '0', '0', '0', '0', '0', '0', '0', '0', '0', '0', '0', '0', '0', '0', '0', '0', '0', '0', '0', '0', '0', '0', '0', '0', '0', '0', '0', '0', '0', '0', '0', '0', '0', '0', '0', '0', '0', '0', '0', '0', '0', '0', '0', '0', '0', '0', '0', '0', '0', '0', '0', '0', '0', '0', '0', '0', '0', '0', '0', '0', '0', '0', '0', '0', '0', '0', '0', '0', '0', '0', '0', '0', '0', '0', '0', '0', '0', '0', '0', '0', '0', '0', '0', '0', '0', '0', '0', '0', '0', '0', '0', '0', '0', '0', '0', '0', '0', '0', '0', '0', '0', '0', '0', '0', '0', '0', '0', '0', '0', '0', '0', '0', '0', '0', '0', '0', '0', '0', '0', '0', '0', '0', '0', '0', '0', '0', '0', '0', '0', '0', '0', '0', '0', '0', '0', '0', '0', '0', '0', '0', '0', '0', '0', '0', '0', '0', '0', '0', '0', '0', '0', '0', '0', '0', '0', '0', '0', '0', '0', '0', '0', '0', '0', '0', '0', '0', '0', '0', '0', '0', '0', '0', '0', '0', '0', '0', '0', '0', '0', '0', '0', '0', '0', '0', '0', '0', '0', '0', '0', '0', '0', '0', '0', '0', '0', '0', '0', '0', '0', '0', '0', '0', '0', '0', '0', '0', '0', '0', '0', '0', '0', '0', '0', '0', '0', '0', '0', '0', '0', '0', '0', '0', '0', '0', '0', '0', '0', '0', '0', '0', '0', '0', '0', '0', '0', '0', '0', '0', '0', '0', '0', '0', '0', '0', '0', '0', '0', '0', '0', '0', '0', '0', '0', '0', '0', '0', '0', '0', '0', '0', '0', '0', '0', '0', '0', '0', '0', '0', '0', '0', '0', '0', '0', '0', '0', '0', '0', '0', '0', '0', '0', '0', '0', '0', '0', '0', '0', '0', '0', '0', '0', '0', '0', '0', '0', '0', '0', '0', '0', '0', '0', '0', '0', '0', '0', '0', '0', '0', '0', '0', '0', '0', '0', '0', '0', '0', '0', '0', '0', '0', '0', '0', '0', '0', '0', '0', '0', '0', '0', '0', '0', '0', '0', '0', '0', '0', '0', '0', '0', '0', '0', '0', '0', '0', '0', '0', '0', '0', '0', '0', '0', '0', '0', '0', '0', '0', '0', '0', '0', '0', '0', '0', '0', '0', '0', '0', '0', '0', '0', '0', '0', '0', '0', '0', '0', '0', '0', '0', '0', '0', '0', '0', '0', '0', '0', '0', '0', '0', '0', '0', '0', '0', '0', '0', '0', '0', '0', '0', '0', '0', '0', '0', '0', '0', '0', '0', '0', '0', '0', '0', '0', '0', '0', '0', '0', '0', '0', '0', '0', '0', '0', '0', '0', '0', '0', '0', '0', '0', '0', '0', '0', '0', '0', '0', '0', '0', '0', '0', '0', '0', '0', '0', '0', '0', '0', '0', '0', '0', '0', '0', '0', '0', '0', '0', '0', '0', '0', '0', '0', '0', '0', '0', '0', '0', '0', '0', '0', '0', '0', '0', '0', '0', '0', '0', '0', '0', '0', '0', '0', '0', '0', '0', '0', '0', '0', '0', '0', '0', '0', '0', '0', '0', '0', '0', '0', '0', '0', '0', '0', '0', '0', '0', '0', '0', '0', '0', '0', '0', '0', '0', '0', '0', '0', '0', '0', '0', '0', '0', '0', '0', '0', '0', '0', '0', '0', '0', '0', '0', '0', '0', '0', '0', '0', '0', '0', '0', '0', '0', '0', '0', '0', '0', '0', '0', '0', '0', '0', '0', '0', '0', '0', '0', '0', '0', '0', '0', '0', '0', '0', '0', '0', '0', '0', '0', '0', '0', '0', '0', '0', '0', '0', '0', '0', '0', '0', '0', '0', '0', '0', '0', '0', '0', '0', '0', '0', '0', '0', '0', '0', '0', '0', '0', '0', '0', '0', '0', '0', '0', '0', '0', '0', '0', '0', '0', '0', '0', '0', '0', '0', '0', '0', '0', '0', '0', '0', '0', '0', '0', '0', '0', '0', '0', '0', '0', '0', '0', '0', '0', '0', '0', '0', '0', '0', '0', '0', '0', '0', '0', '0', '0', '0', '0', '0', '0', '0', '0', '0', '0', '0', '0', '0', '0', '0', '0', '0', '0', '0', '0', '0', '0', '0', '0', '0', '0', '0', '0', '0', '0', '0', '0', '0', '0', '0', '0', '0', '0', '0', '0', '0', '0', '0', '0', '0', '0', '0', '0', '0', '0', '0', '0', '0', '0', '0', '0', '0', '0', '0', '0', '0', '0', '0', '0', '0', '0', '0', '0', '0', '0', '0', '0', '0', '0', '0', '0', '0', '0', '0', '0', '0', '0', '0', '0', '0', '0', '0', '0', '0', '0', '0', '0', '0', '0', '0', '0', '0', '0', '0', '0', '0', '0', '0', '0', '0', '0', '0', '0', '0', '0', '0', '0', '0', '0', '0', '0', '0', '0', '0', '0', '0', '0', '0', '0', '0', '0', '0', '0', '0', '0', '0', '0', '0', '0', '0', '0', '0', '0', '0', '0', '0', '0', '0', '0', '0', '0', '0', '0', '0', '0', '0', '0', '0', '0', '0', '0', '0', '0', '0', '0', '0', '0', '0', '0', '0', '0', '0', '0', '0', '0', '0', '0', '0', '0', '0', '0', '0', '0', '0', '0', '0', '0', '0', '0', '0', '0', '0', '0', '0', '0', '0', '0', '0', '0', '0', '0', '0', '0', '0', '0', '0', '0', '0', '0', '0', '0', '0', '0', '0', '0', '0', '0', '0', '0', '0', '0', '0', '0', '0', '0', '0', '0', '0', '0', '0', '0', '0', '0', '0', '0', '0', '0', '0', '0', '0', '0', '0', '0', '0', '0', '0', '0', '0', '0', '0', '0', '0', '0', '0', '0', '0', '0', '0', '0', '0', '0', '0', '0', '0', '0', '0', '0', '0', '0', '0', '0', '0', '0', '0', '0', '0', '0', '0', '0', '0', '0', '0', '0', '0', '0', '0', '0', '0', '0', '0', '0', '0', '0', '0', '0', '0', '0', '0', '0', '0', '0', '0', '0', '0', '0', '0', '0', '0', '0', '0', '0', '0', '0', '0', '0', '0', '0', '0', '0', '0', '0', '0', '0', '0', '0', '0', '0', '0', '0', '0', '0', '0', '0', '0', '0', '0', '0', '0', '0', '0', '0', '0', '0', '0', '0', '0', '0', '0', '0', '0', '0', '0', '0', '0', '0', '0', '0', '0', '0', '0', '0', '0', '0', '0', '0', '0', '0', '0', '0', '0', '0', '0', '0', '0', '0', '0', '0', '0', '0', '0', '0', '0', '0', '0', '0', '0', '0', '0', '0', '0', '0', '0', '0', '0', '0', '0', '0', '0', '0', '0', '0', '0', '0', '0', '0', '0', '0', '0', '0', '0', '0', '0', '0', '0', '0', '0', '0', '0', '0', '0', '0', '0', '0', '0', '0', '0', '0', '0', '0', '0', '0', '0', '0', '0', '0', '0', '0', '0', '0', '0', '0', '0', '0', '0', '0', '0', '0', '0', '0', '0', '0', '0', '0', '0', '0', '0', '0', '0', '0', '0', '0', '0', '0', '0', '0', '0', '0', '0', '0', '0', '0', '0', '0', '0', '0', '0', '0', '0', '0', '0', '0', '0', '0', '0', '0', '0', '0', '0', '0', '0', '0', '0', '0', '0', '0', '0', '0', '0', '0', '0', '0', '0', '0', '0', '0', '0', '0', '0', '0', '0', '0', '0', '0', '0', '0', '0', '0', '0', '0', '0', '0', '0', '0', '0', '0', '0', '0', '0', '0', '0', '0', '0', '0', '0', '0', '0', '0', '0', '0', '0', '0', '0', '0', '0', '0', '0', '0', '0', '0', '0', '0', '0', '0', '0', '0', '0', '0', '0', '0', '0', '0', '0', '0', '0', '0', '0', '0', '0', '0', '0', '0', '0', '0', '0', '0', '0', '0', '0', '0', '0', '0', '0', '0', '0', '0', '0', '0', '0', '0', '0', '0', '0', '0', '0', '0', '0', '0', '0', '0', '0', '0', '0', '0', '0', '0', '0', '0', '0', '0', '0', '0', '0', '0', '0', '0', '0', '0', '0', '0', '0', '0', '0', '0', '0', '0', '0', '0', '0', '0', '0', '0', '0', '0', '0', '0', '0', '0', '0', '0', '0', '0', '0', '0', '0', '0', '0', '0', '0', '0', '0', '0', '0', '0', '0', '0', '0', '0', '0', '0', '0', '0', '0', '0', '0', '0', '0', '0', '0', '0', '0', '0', '0', '0', '0', '0', '0', '0', '0', '0', '0', '0', '0', '0', '0', '0', '0', '0', '0', '0', '0', '0', '0', '0', '0', '0', '0', '0', '0', '0', '0', '0', '0', '0', '0', '0', '0', '0', '0', '0', '0', '0', '0', '0', '0', '0', '0', '0', '0', '0', '0', '0', '0', '0', '0', '0', '0', '0', '0', '0', '0', '0', '0', '0', '0', '0', '0', '0', '0', '0', '0', '0', '0', '0', '0', '0', '0', '0', '0', '0', '0', '0', '0', '0', '0', '0', '0', '0', '0', '0', '0', '0', '0', '0', '0', '0', '0', '0', '0', '0', '0', '0', '0', '0', '0', '0', '0', '0', '0', '0', '0', '0', '0', '0', '0', '0', '0', '0', '0', '0', '0', '0', '0', '0', '0', '0', '0', '0', '0', '0', '0', '0', '0', '0', '0', '0', '0', '0', '0', '0', '0', '0', '0', '0', '0', '0', '0', '0', '0', '0', '0', '0', '0', '0', '0', '0', '0', '0', '0', '0', '0', '0', '0', '0', '0', '0', '0', '0', '0', '0', '0', '0', '0', '0', '0', '0', '0', '0', '0', '0', '0', '0', '0', '0', '0', '0', '0', '0', '0', '0', '0', '0', '0', '0', '0', '0', '0', '0', '0', '0', '0', '0', '0', '0', '0', '0', '0', '0', '0', '0', '0', '0', '0', '0', '0', '0', '0', '0', '0', '0', '0', '0', '0', '0', '0', '0', '0', '0', '0', '0', '0', '0', '0', '0', '0', '0', '0', '0', '0', '0', '0', '0', '0', '0', '0', '0', '0', '0', '0', '0', '0', '0', '0', '0', '0', '0', '0', '0', '0', '0', '0', '0', '0', '0', '0', '0', '0', '0', '0', '0', '0', '0', '0', '0', '0', '0', '0', '0', '0', '0', '0', '0', '0', '0', '0', '0', '0', '0', '0', '0', '0', '0', '0', '0', '0', '0', '0', '0', '0', '0', '0', '0', '0', '0', '0', '0', '0', '0', '0', '0', '0', '0', '0', '0', '0', '0', '0', '0', '0', '0', '0', '0', '0', '0', '0', '0', '0', '0', '0', '0', '0', '0', '0', '0', '0', '0', '0', '0', '0', '0', '0', '0', '0', '0', '0', '0', '0', '0', '0', '0', '0', '0', '0', '0', '0', '0', '0', '0', '0', '0', '0', '0', '0', '0', '0', '0', '0', '0', '0', '0', '0', '0', '0', '0', '0', '0', '0', '0', '0', '0', '0', '0', '0', '0', '0', '0', '0', '0', '0', '0', '0', '0', '0', '0', '0', '0', '0', '0', '0', '0', '0', '0', '0', '0', '0', '0', '0', '0', '0', '0', '0', '0', '0', '0', '0', '0', '0', '0', '0', '0', '0', '0', '0', '0', '0', '0', '0', '0', '0', '0', '0', '0', '0', '0', '0', '0', '0', '0', '0', '0', '0', '0', '0', '0', '0', '0', '0', '0', '0', '0', '0', '0', '0', '0', '0', '0', '0', '0', '0', '0', '0', '0', '0', '0', '0', '0', '0', '0', '0', '0', '0', '0', '0', '0', '0', '0', '0', '0', '0', '0', '0', '0', '0', '0', '0', '0', '0', '0', '0', '0', '0', '0', '0', '0', '0', '0', '0', '0', '0', '0', '0', '0', '0', '0', '0', '0', '0', '0', '0', '0', '0', '0', '0', '0', '0', '0', '0', '0', '0', '0', '0', '0', '0', '0', '0', '0', '0', '0', '0', '0', '0', '0', '0', '0', '0', '0', '0', '0', '0', '0', '0', '0', '0', '0', '0', '0', '0', '0', '0', '0', '0', '0', '0', '0', '0', '0', '0', '0', '0', '0', '0', '0', '0', '0', '0', '0', '0', '0', '0', '0', '0', '0', '0', '0', '0', '0', '0', '0', '0', '0', '0', '0', '0', '0', '0', '0', '0', '0', '0', '0', '0', '0', '0', '0', '0', '0', '0', '0', '0', '0', '0', '0', '0', '0', '0', '0', '0', '0', '0', '0', '0', '0', '0', '0', '0', '0', '0', '0', '0', '0', '0', '0', '0', '0', '0', '0', '0', '0', '0', '0', '0', '0', '0', '0', '0', '0', '0', '0', '0', '0', '0', '0', '0', '0', '0', '0', '0', '0', '0', '0', '0', '0', '0', '0', '0', '0', '0', '0', '0', '0', '0', '0', '0', '0', '0', '0', '0', '0', '0', '0', '0', '0', '0', '0', '0', '0', '0', '0', '0', '0', '0', '0', '0', '0', '0', '0', '0', '0', '0', '0', '0', '0', '0', '0', '0', '0', '0', '0', '0', '0', '0', '0', '0', '0', '0', '0', '0', '0', '0', '0', '0', '0', '0', '0', '0', '0', '0', '0', '0', '0', '0', '0', '0', '0', '0', '0', '0', '0', '0', '0', '0', '0', '0', '0', '0', '0', '0', '0', '0', '0', '0', '0', '0', '0', '0', '0', '0', '0', '0', '0', '0', '0', '0', '0', '0', '0', '0', '0', '0', '0', '0', '0', '0', '0', '0', '0', '0', '0', '0', '0', '0', '0', '0', '0', '0', '0', '0', '0', '0', '0', '0', '0', '0', '0', '0', '0', '0', '0', '0', '0', '0', '0', '0', '0', '0', '0', '0', '0', '0', '0', '0', '0', '0', '0', '0', '0', '0', '0', '0', '0', '0', '0', '0', '0', '0', '0', '0', '0', '0', '0', '0', '0', '0', '0', '0', '0', '0', '0', '0', '0', '0', '0', '0', '0', '0', '0', '0', '0', '0', '0', '0', '0', '0', '0', '0', '0', '0', '0', '0', '0', '0', '0', '0', '0', '0', '0', '0', '0', '0', '0', '0', '0', '0', '0', '0', '0', '0', '0', '0', '0', '0', '0', '0', '0', '0', '0', '0', '0', '0', '0', '0', '0', '0', '0', '0', '0', '0', '0', '0', '0', '0', '0', '0', '0', '0', '0', '0', '0', '0', '0', '0', '0', '0', '0', '0', '0', '0', '0', '0', '0', '0', '0', '0', '0', '0', '0', '0', '0', '0', '0', '0', '0', '0', '0', '0', '0', '0', '0', '0', '0', '0', '0', '0', '0', '0', '0', '0', '0', '0', '0', '0', '0', '0', '0', '0', '0', '0', '0', '0', '0', '0', '0', '0', '0', '0', '0', '0', '0', '0', '0', '0', '0', '0', '0', '0', '0', '0', '0', '0', '0', '0', '0', '0', '0', '0', '0', '0', '0', '0', '0', '0', '0', '0', '0', '0', '0', '0', '0', '0', '0', '0', '0', '0', '0', '0', '0', '0', '0', '0', '0', '0', '0', '0', '0', '0', '0', '0', '0', '0', '0', '0', '0', '0', '0', '0', '0', '0', '0', '0', '0', '0', '0', '0', '0', '0', '0', '0', '0', '0', '0', '0', '0', '0', '0', '0', '0', '0', '0', '0', '0', '0', '0', '0', '0', '0', '0', '0', '0', '0', '0', '0', '0', '0', '0', '0', '0', '0', '0', '0', '0', '0', '0', '0', '0', '0', '0', '0', '0', '0', '0', '0', '0', '0', '0', '0', '0', '0', '0', '0', '0', '0', '0', '0', '0', '0', '0', '0', '0', '0', '0', '0', '0', '0', '0', '0', '0', '0', '0', '0', '0', '0', '0', '0', '0', '0', '0', '0', '0', '0', '0', '0', '0', '0', '0', '0', '0', '0', '0', '0', '0', '0', '0', '0', '0', '0', '0', '0', '0', '0', '0', '0', '0', '0', '0', '0', '0', '0', '0', '0', '0', '0', '0', '0', '0', '0', '0', '0', '0', '0', '0', '0', '0', '0', '0', '0', '0', '0', '0', '0', '0', '0', '0', '0', '0', '0', '0', '0', '0', '0', '0', '0', '0', '0', '0', '0', '0', '0', '0', '0', '0', '0', '0', '0', '0', '0', '0', '0', '0', '0', '0', '0', '0', '0', '0', '0', '0', '0', '0', '0', '0', '0', '0', '0', '0', '0', '0', '0', '0', '0', '0', '0', '0', '0', '0', '0', '0', '0', '0', '0', '0', '0', '0', '0', '0', '0', '0', '0', '0', '0', '0', '0', '0', '0', '0', '0', '0', '0', '0', '0', '0', '0', '0', '0', '0', '0', '0', '0', '0', '0', '0', '0', '0', '0', '0', '0', '0', '0', '0', '0', '0', '0', '0', '0', '0', '0', '0', '0', '0', '0', '0', '0', '0', '0', '0', '0', '0', '0', '0', '0', '0', '0', '0', '0', '0', '0', '0', '0', '0', '0', '0', '0', '0', '0', '0', '0', '0', '0', '0', '0', '0', '0', '0', '0', '0', '0', '0', '0', '0', '0', '0', '0', '0', '0', '0', '0', '0', '0', '0', '0', '0', '0', '0', '0', '0', '0', '0', '0', '0', '0', '0', '0', '0', '0', '0', '0', '0', '0', '0', '0', '0', '0', '0', '0', '0', '0', '0', '0', '0', '0', '0', '0', '0', '0', '0', '0', '0', '0', '0', '0', '0', '0', '0', '0', '0', '0', '0', '0', '0', '0', '0', '0', '0', '0', '0', '0', '0', '0', '0', '0', '0', '0', '0', '0', '0', '0', '0', '0', '0', '0', '0', '0', '0', '0', '0', '0', '0', '0', '0', '0', '0', '0', '0', '0', '0', '0', '0', '0', '0', '0', '0', '0', '0', '0', '0', '0', '0', '0', '0', '0', '0', '0', '0', '0', '0', '0', '0', '0', '0', '0', '0', '0', '0', '0', '0', '0', '0', '0', '0', '0', '0', '0', '0', '0', '0', '0', '0', '0', '0', '0', '0', '0', '0', '0', '0', '0', '0', '0', '0', '0', '0', '0', '0', '0', '0', '0', '0', '0', '0', '0', '0', '0', '0', '0', '0', '0', '0', '0', '0', '0', '0', '0', '0', '0', '0', '0', '0', '0', '0', '0', '0', '0', '0', '0', '0', '0', '0', '0', '0', '0', '0', '0', '0', '0', '0', '0', '0', '0', '0', '0', '0', '0', '0', '0', '0', '0', '0', '0', '0', '0', '0', '0', '0', '0', '0', '0', '0', '0', '0', '0', '0', '0', '0', '0', '0', '0', '0', '0', '0', '0', '0', '0', '0', '0', '0', '0', '0', '0', '0', '0', '0', '0', '0', '0', '0', '0', '0', '0', '0', '0', '0', '0', '0', '0', '0', '0', '0', '0', '0', '0', '0', '0', '0', '0', '0', '0', '0', '0', '0', '0', '0', '0', '0', '0', '0', '0', '0', '0', '0', '0', '0', '0', '0', '0', '0', '0', '0', '0', '0', '0', '0', '0', '0', '0', '0', '0', '0', '0', '0', '0', '0', '0', '0', '0', '0', '0', '0', '0', '0', '0', '0', '0', '0', '0', '0', '0', '0', '0', '0', '0', '0', '0', '0', '0', '0', '0', '0', '0', '0', '0', '0', '0', '0', '0', '0', '0', '0', '0', '0', '0', '0', '0', '0', '0', '0', '0', '0', '0', '0', '0', '0', '0', '0', '0', '0', '0', '0', '0', '0', '0', '0', '0', '0', '0', '0', '0', '0', '0', '0', '0', '0', '0', '0', '0', '0', '0', '0', '0', '0', '0', '0', '0', '0', '0', '0', '0', '0', '0', '0', '0', '0', '0', '0', '0', '0', '0', '0', '0', '0', '0', '0', '0', '0', '0', '0', '0', '0', '0', '0', '0', '0', '0', '0', '0', '0', '0', '0', '0', '0', '0', '0', '0', '0', '0', '0', '0', '0', '0', '0', '0', '0', '0', '0', '0', '0', '0', '0', '0', '0', '0', '0', '0', '0', '0', '0', '0', '0', '0', '0', '0', '0', '0', '0', '0', '0', '0', '0', '0', '0', '0', '0', '0', '0', '0', '0', '0', '0', '0', '0', '0', '0', '0', '0', '0', '0', '0', '0', '0', '0', '0', '0', '0', '0', '0', '0', '0', '0', '0', '0', '0', '0', '0', '0', '0', '0', '0', '0', '0', '0', '0', '0', '0', '0', '0', '0', '0', '0', '0', '0', '0', '0', '0', '0', '0', '0', '0', '0', '0', '0', '0', '0', '0', '0', '0', '0', '0', '0', '0', '0', '0', '0', '0', '0', '0', '0', '0', '0', '0', '0', '0', '0', '0', '0', '0', '0', '0', '0', '0', '0', '0', '0', '0', '0', '0', '0', '0', '0', '0', '0', '0', '0', '0', '0', '0', '0', '0', '0', '0', '0', '0', '0', '0', '0', '0', '0', '0', '0', '0', '0', '0', '0', '0', '0', '0', '0', '0', '0', '0', '0', '0', '0', '0', '0', '0', '0', '0', '0', '0', '0', '0', '0', '0', '0', '0', '0', '0', '0', '0', '0', '0', '0', '0', '0', '0', '0', '0', '0', '0', '0', '0', '0', '0', '0', '0', '0', '0', '0', '0', '0', '0', '0', '0', '0', '0', '0', '0', '0', '0', '0', '0', '0', '0', '0', '0', '0', '0', '0', '0', '0', '0', '0', '0', '0', '0', '0', '0', '0', '0', '0', '0', '0', '0', '0', '0', '0', '0', '0', '0', '0', '0', '0', '0', '0', '0', '0', '0', '0', '0', '0', '0', '0', '0', '0', '0', '0', '0', '0', '0', '0', '0', '0', '0', '0', '0', '0', '0', '0', '0', '0', '0', '0', '0', '0', '0', '0', '0', '0', '0', '0', '0', '0', '0', '0', '0', '0', '0', '0', '0', '0', '0', '0', '0', '0', '0', '0', '0', '0', '0', '0', '0', '0', '0', '0', '0', '0', '0', '0', '0', '0', '0', '0', '0', '0', '0', '0', '0', '0', '0', '0', '0', '0', '0', '0', '0', '0', '0', '0', '0', '0', '0', '0', '0', '0', '0', '0', '0', '0', '0', '0', '0', '0', '0', '0', '0', '0', '0', '0', '0', '0', '0', '0', '0', '0', '0', '0', '0', '0', '0', '0', '0', '0', '0', '0', '0', '0', '0', '0', '0', '0', '0', '0', '0', '0', '0', '0', '0', '0', '0', '0', '0', '0', '0', '0', '0', '0', '0', '0', '0', '0', '0', '0', '0', '0', '0', '0', '0', '0', '0', '0', '0', '0', '0', '0', '0', '0', '0', '0', '0', '0', '0', '0', '0', '0', '0', '0', '0', '0', '0', '0', '0', '0', '0', '0', '0', '0', '0', '0', '0', '0', '0', '0', '0', '0', '0', '0', '0', '0', '0', '0', '0', '0', '0', '0', '0', '0', '0', '0', '0', '0', '0', '0', '0', '0', '0', '0', '0', '0', '0', '0', '0', '0', '0', '0', '0', '0', '0', '0', '0', '0', '0', '0', '0', '0', '0', '0', '0', '0', '0', '0', '0', '0', '0', '0', '0', '0', '0', '0', '0', '0', '0', '0', '0', '0', '0', '0', '0', '0', '0', '0', '0', '0', '0', '0', '0', '0', '0', '0', '0', '0', '0', '0', '0', '0', '0', '0', '0', '0', '0', '0', '0', '0', '0', '0', '0', '0', '0', '0', '0', '0', '0', '0', '0', '0', '0', '0', '0', '0', '0', '0', '0', '0', '0', '0', '0', '0', '0', '0', '0', '0', '0', '0', '0', '0', '0', '0', '0', '0', '0', '0', '0', '0', '0', '0', '0', '0', '0', '0', '0', '0', '0', '0', '0', '0', '0', '0', '0', '0', '0', '0', '0', '0', '0', '0', '0', '0', '0', '0', '0', '0', '0', '0', '0', '0', '0', '0', '0', '0', '0', '0', '0', '0', '0', '0', '0', '0', '0', '0', '0', '0', '0', '0', '0', '0', '0', '0', '0', '0', '0', '0', '0', '0', '0', '0', '0', '0', '0', '0', '0', '0', '0', '0', '0', '0', '0', '0', '0', '0', '0', '0', '0', '0', '0', '0', '0', '0', '0', '0', '0', '0', '0', '0', '0', '0', '0', '0', '0', '0', '0', '0', '0', '0', '0', '0', '0', '0', '0', '0', '0', '0', '0', '0', '0', '0', '0', '0', '0', '0', '0', '0', '0', '0', '0', '0', '0', '0', '0', '0', '0', '0', '0', '0', '0', '0', '0', '0', '0', '0', '0', '0', '0', '0', '0', '0', '0', '0', '0', '0', '0', '0', '0', '0', '0', '0', '0', '0', '0', '0', '0', '0', '0', '0', '0', '0', '0', '0', '0', '0', '0', '0', '0', '0', '0', '0', '0', '0', '0', '0', '0', '0', '0', '0', '0', '0', '0', '0', '0', '0', '0', '0', '0', '0', '0', '0', '0', '0', '0', '0', '0', '0', '0', '0', '0', '0', '0', '0', '0', '0', '0', '0', '0', '0', '0', '0', '0', '0', '0', '0', '0', '0', '0', '0', '0', '0', '0', '0', '0', '0', '0', '0', '0', '0', '0', '0', '0', '0', '0', '0', '0', '0', '0', '0', '0', '0', '0', '0', '0', '0', '0', '0', '0', '0', '0', '0', '0', '0', '0', '0', '0', '0', '0', '0', '0', '0', '0', '0', '0', '0', '0', '0', '0', '0', '0', '0', '0', '0', '0', '0', '0', '0', '0', '0', '0', '0', '0', '0', '0', '0', '0', '0', '0', '0', '0', '0', '0', '0', '0', '0', '0', '0', '0', '0', '0', '0', '0', '0', '0', '0', '0', '0', '0', '0', '0', '0', '0', '0', '0', '0', '0', '0', '0', '0', '0', '0', '0', '0', '0', '0', '0', '0', '0', '0', '0', '0', '0', '0', '0', '0', '0', '0', '0', '0', '0', '0', '0', '0', '0', '0', '0', '0', '0', '0', '0', '0', '0', '0', '0', '0', '0', '0', '0', '0', '0', '0', '0', '0', '0', '0', '0', '0', '0', '0', '0', '0', '0', '0', '0', '0', '0', '0', '0', '0', '0', '0', '0', '0', '0', '0', '0', '0', '0', '0', '0', '0', '0', '0', '0', '0', '0', '0', '0', '0', '0', '0', '0', '0', '0', '0', '0', '0', '0', '0', '0', '0', '0', '0', '0', '0', '0', '0', '0', '0', '0', '0', '0', '0', '0', '0', '0', '0', '0', '0', '0', '0', '0', '0', '0', '0', '0', '0', '0', '0', '0', '0', '0', '0', '0', '0', '0', '0', '0', '0', '0', '0', '0', '0', '0', '0', '0', '0', '0', '0', '0', '0', '0', '0', '0', '0', '0', '0', '0', '0', '0', '0', '0', '0', '0', '0', '0', '0', '0', '0', '0', '0', '0', '0', '0', '0', '0', '0', '0', '0', '0', '0', '0', '0', '0', '0', '0', '0', '0', '0', '0', '0', '0', '0', '0', '0', '0', '0', '0', '0', '0', '0', '0', '0', '0', '0', '0', '0', '0', '0', '0', '0', '0', '0', '0', '0', '0', '0', '0', '0', '0', '0', '0', '0', '0', '0', '0', '0', '0', '0', '0', '0', '0', '0', '0', '0', '0', '0', '0', '0', '0', '0', '0', '0', '0', '0', '0', '0', '0', '0', '0', '0', '0', '0', '0', '0', '0', '0', '0', '0', '0', '0', '0', '0', '0', '0', '0', '0', '0', '0', '0', '0', '0', '0', '0', '0', '0', '0', '0', '0', '0', '0', '0', '0', '0', '0', '0', '0', '0', '0', '0', '0', '0', '0', '0', '0', '0', '0', '0', '0', '0', '0', '0', '0', '0', '0', '0', '0', '0', '0', '0', '0', '0', '0', '0', '0', '0', '0', '0', '0', '0', '0', '0', '0', '0', '0', '0', '0', '0', '0', '0', '0', '0', '0', '0', '0', '0', '0', '0', '0', '0', '0', '0', '0', '0', '0', '0', '0', '0', '0', '0', '0', '0', '0', '0', '0', '0', '0', '0', '0', '0', '0', '0', '0', '0', '0', '0', '0', '0', '0', '0', '0', '0', '0', '0', '0', '0', '0', '0', '0', '0', '0', '0', '0', '0', '0', '0', '0', '0', '0', '0', '0', '0', '0', '0', '0', '0', '0', '0', '0', '0', '0', '0', '0', '0', '0', '0', '0', '0', '0', '0', '0', '0', '0', '0', '0', '0', '0', '0', '0', '0', '0', '0', '0', '0', '0', '0', '0', '0', '0', '0', '0', '0', '0', '0', '0', '0', '0', '0', '0', '0', '0', '0', '0', '0', '0', '0', '0', '0', '0', '0', '0', '0', '0', '0', '0', '0', '0', '0', '0', '0', '0', '0', '0', '0', '0', '0', '0', '0', '0', '0', '0', '0', '0', '0', '0', '0', '0', '0', '0', '0', '0', '0', '0', '0', '0', '0', '0', '0', '0', '0', '0', '0', '0', '0', '0', '0', '0', '0', '0', '0', '0', '0', '0', '0', '0', '0', '0', '0', '0', '0', '0', '0', '0', '0', '0', '0', '0', '0', '0', '0', '0', '0', '0', '0', '0', '0', '0', '0', '0', '0', '0', '0', '0', '0', '0', '0', '0', '0', '0', '0', '0', '0', '0', '0', '0', '0', '0', '0', '0', '0', '0', '0', '0', '0', '0', '0', '0', '0', '0', '0', '0', '0', '0', '0', '0', '0', '0', '0', '0', '0', '0', '0', '0', '0', '0', '0', '0', '0', '0', '0', '0', '0', '0', '0', '0', '0', '0', '0', '0', '0', '0', '0', '0', '0', '0', '0', '0', '0', '0', '0', '0', '0', '0', '0', '0', '0', '0', '0', '0', '0', '0', '0', '0', '0', '0', '0', '0', '0', '0', '0', '0', '0', '0', '0', '0', '0', '0', '0', '0', '0', '0', '0', '0', '0', '0', '0', '0', '0', '0', '0', '0', '0', '0', '0', '0', '0', '0', '0', '0', '0', '0', '0', '0', '0', '0', '0', '0', '0', '0', '0', '0', '0', '0', '0', '0', '0', '0', '0', '0', '0', '0', '0', '0', '0', '0', '0', '0', '0', '0', '0', '0', '0', '0', '0', '0', '0', '0', '0', '0', '0', '0', '0', '0', '0', '0', '0', '0', '0', '0', '0', '0', '0', '0', '0', '0', '0', '0', '0', '0', '0', '0', '0', '0', '0', '0', '0', '0', '0', '0', '0', '0', '0', '0', '0', '0', '0', '0', '0', '0', '0', '0', '0', '0', '0', '0', '0', '0', '0', '0', '0', '0', '0', '0', '0', '0', '0', '0', '0', '0', '0', '0', '0', '0', '0', '0', '0', '0', '0', '0', '0', '0', '0', '0', '0', '0', '0', '0', '0', '0', '0', '0', '0', '0', '0', '0', '0', '0', '0', '0', '0', '0', '0', '0', '0', '0', '0', '0', '0', '0', '0', '0', '0', '0', '0', '0', '0', '0', '0', '0', '0', '0', '0', '0', '0', '0', '0', '0', '0', '0', '0', '0', '0', '0', '0', '0', '0', '0', '0', '0', '0', '0', '0', '0', '0', '0', '0', '0', '0', '0', '0', '0', '0', '0', '0', '0', '0', '0', '0', '0', '0', '0', '0', '0', '0', '0', '0', '0', '0', '0', '0', '0', '0', '0', '0', '0', '0', '0', '0', '0', '0', '0', '0', '0', '0', '0', '0', '0', '0', '0', '0', '0', '0', '0', '0', '0', '0', '0', '0', '0', '0', '0', '0', '0', '0', '0', '0', '0', '0', '0', '0', '0', '0', '0', '0', '0', '0', '0', '0', '0', '0', '0', '0', '0', '0', '0', '0', '0', '0', '0', '0', '0', '0', '0', '0', '0', '0', '0', '0', '0', '0', '0', '0', '0', '0', '0', '0', '0', '0', '0', '0', '0', '0', '0', '0', '0', '0', '0', '0', '0', '0', '0', '0', '0', '0', '0', '0', '0', '0', '0', '0', '0', '0', '0', '0', '0', '0', '0', '0', '0', '0', '0', '0', '0', '0', '0', '0', '0', '0', '0', '0', '0', '0', '0', '0', '0', '0', '0', '0', '0', '0', '0', '0', '0', '0', '0', '0', '0', '0', '0', '0', '0', '0', '0', '0', '0', '0', '0', '0', '0', '0', '0', '0', '0', '0', '0', '0', '0', '0', '0', '0', '0', '0', '0', '0', '0', '0', '0', '0', '0', '0', '0', '0', '0', '0', '0', '0', '0', '0', '0', '0', '0', '0', '0', '0', '0', '0', '0', '0', '0', '0', '0', '0', '0', '0', '0', '0', '0', '0', '0', '0', '0', '0', '0', '0', '0', '0', '0', '0', '0', '0', '0', '0', '0', '0', '0', '0', '0', '0', '0', '0', '0', '0', '0', '0', '0', '0', '0', '0', '0', '0', '0', '0', '0', '0', '0', '0', '0', '0', '0', '0', '0', '0', '0', '0', '0', '0', '0', '0', '0', '0', '0', '0', '0', '0', '0', '0', '0', '0', '0', '0', '0', '0', '0', '0', '0', '0', '0', '0', '0', '0', '0', '0', '0', '0', '0', '0', '0', '0', '0', '0', '0', '0', '0', '0', '0', '0', '0', '0', '0', '0', '0', '0', '0', '0', '0', '0', '0', '0', '0', '0', '0', '0', '0', '0', '0', '0', '0', '0', '0', '0', '0', '0', '0', '0', '0', '0', '0', '0', '0', '0', '0', '0', '0', '0', '0', '0', '0', '0', '0', '0', '0', '0', '0', '0', '0', '0', '0', '0', '0', '0', '0', '0', '0', '0', '0', '0', '0', '0', '0', '0', '0', '0', '0', '0', '0', '0', '0', '0', '0', '0', '0', '0', '0', '0', '0', '0', '0', '0', '0', '0', '0', '0', '0', '0', '0', '0', '0', '0', '0', '0', '0', '0', '0', '0', '0', '0', '0', '0', '0', '0', '0', '0', '0', '0', '0', '0', '0', '0', '0', '0', '0', '0', '0', '0', '0', '0', '0', '0', '0', '0', '0', '0', '0', '0', '0', '0', '0', '0', '0', '0', '0', '0', '0', '0', '0', '0', '0', '0', '0', '0', '0', '0', '0', '0', '0', '0', '0', '0', '0', '0', '0', '0', '0', '0', '0', '0', '0', '0', '0', '0', '0', '0', '0', '0', '0', '0', '0', '0', '0', '0', '0', '0', '0', '0', '0', '0', '0', '0', '0', '0', '0', '0', '0', '0', '0', '0', '0', '0', '0', '0', '0', '0', '0', '0', '0', '0', '0', '0', '0', '0', '0', '0', '0', '0', '0', '0', '0', '0', '0', '0', '0', '0', '0', '0', '0', '0', '0', '0', '0', '0', '0', '0', '0', '0', '0', '0', '0', '0', '0', '0', '0', '0', '0', '0', '0', '0', '0', '0', '0', '0', '0', '0', '0', '0', '0', '0', '0', '0', '0', '0', '0', '0', '0', '0', '0', '0', '0', '0', '0', '0', '0', '0', '0', '0', '0', '0', '0', '0', '0', '0', '0', '0', '0', '0', '0', '0', '0', '0', '0', '0', '0', '0', '0', '0', '0', '0', '0', '0', '0', '0', '0', '0', '0', '0', '0', '0', '0', '0', '0', '0', '0', '0', '0', '0', '0', '0', '0', '0', '0', '0', '0', '0', '0', '0', '0', '0', '0', '0', '0', '0', '0', '0', '0', '0', '0', '0', '0', '0', '0', '0', '0', '0', '0', '0', '0', '0', '0', '0', '0', '0', '0', '0', '0', '0', '0', '0', '0', '0', '0', '0', '0', '0', '0', '0', '0', '0', '0', '0', '0', '0', '0', '0', '0', '0', '0', '0', '0', '0', '0', '0', '0', '0', '0', '0', '0', '0', '0', '0', '0', '0', '0', '0', '0', '0', '0', '0', '0', '0', '0', '0', '0', '0', '0', '0', '0', '0', '0', '0', '0', '0', '0', '0', '0', '0', '0', '0', '0', '0', '0', '0', '0', '0', '0', '0', '0', '0', '0', '0', '0', '0', '0', '0', '0', '0', '0', '0', '0', '0', '0', '0', '0', '0', '0', '0', '0', '0', '0', '0', '0', '0', '0', '0', '0', '0', '0', '0', '0', '0', '0', '0', '0', '0', '0', '0', '0', '0', '0', '0', '0', '0', '0', '0', '0', '0', '0', '0', '0', '0', '0', '0', '0', '0', '0', '0', '0', '0', '0', '0', '0', '0', '0', '0', '0', '0', '0', '0', '0', '0', '0', '0', '0', '0', '0', '0', '0', '0', '0', '0', '0', '0', '0', '0', '0', '0', '0', '0', '0', '0', '0', '0', '0', '0', '0', '0', '0', '0', '0', '0', '0', '0', '0', '0', '0', '0', '0', '0', '0', '0', '0', '0', '0', '0', '0', '0', '0', '0', '0', '0', '0', '0', '0', '0', '0', '0', '0', '0', '0', '0', '0', '0', '0', '0', '0', '0', '0', '0', '0', '0', '0', '0', '0', '0', '0', '0', '0', '0', '0', '0', '0', '0', '0', '0', '0', '0', '0', '0', '0', '0', '0', '0', '0', '0', '0', '0', '0', '0', '0', '0', '0', '0', '0', '0', '0', '0', '0', '0', '0', '0', '0', '0', '0', '0', '0', '0', '0', '0', '0', '0', '0', '0', '0', '0', '0', '0', '0', '0', '0', '0', '0', '0', '0', '0', '0', '0', '0', '0', '0', '0', '0', '0', '0', '0', '0', '0', '0', '0', '0', '0', '0', '0', '0', '0', '0', '0', '0', '0', '0', '0', '0', '0', '0', '0', '0', '0', '0', '0', '0', '0', '0', '0', '0', '0', '0', '0', '0', '0', '0', '0', '0', '0', '0', '0', '0', '0', '0', '0', '0', '0', '0', '0', '0', '0', '0', '0', '0', '0', '0', '0', '0', '0', '0', '0', '0', '0', '0', '0', '0', '0', '0', '0', '0', '0', '0', '0', '0', '0', '0', '0', '0', '0', '0', '0', '0', '0', '0', '0', '0', '0', '0', '0', '0', '0', '0', '0', '0', '0', '0', '0', '0', '0', '0', '0', '0', '0', '0', '0', '0', '0', '0', '0', '0', '0', '0', '0', '0', '0', '0', '0', '0', '0', '0', '0', '0', '0', '0', '0', '0', '0', '0', '0', '0', '0', '0', '0', '0', '0', '0', '0', '0', '0', '0', '0', '0', '0', '0', '0', '0', '0', '0', '0', '0', '0', '0', '0', '0', '0', '0', '0', '0', '0', '0', '0', '0', '0', '0', '0', '0', '0', '0', '0', '0', '0', '0', '0', '0', '0', '0', '0', '0', '0', '0', '0', '0', '0', '0', '0', '0', '0', '0', '0', '0', '0', '0', '0', '0', '0', '0', '0', '0', '0', '0', '0', '0', '0', '0', '0', '0', '0', '0', '0', '0', '0', '0', '0', '0', '0', '0', '0', '0', '0', '0', '0', '0', '0', '0', '0', '0', '0', '0', '0', '0', '0', '0', '0', '0', '0', '0', '0', '0', '0', '0', '0', '0', '0', '0', '0', '0', '0', '0', '0', '0', '0', '0', '0', '0', '0', '0', '0', '0', '0', '0', '0', '0', '0', '0', '0', '0', '0', '0', '0', '0', '0', '0', '0', '0', '0', '0', '0', '0', '0', '0', '0', '0', '0', '0', '0', '0', '0', '0', '0', '0', '0', '0', '0', '0', '0', '0', '0', '0', '0', '0', '0', '0', '0', '0', '0', '0', '0', '0', '0', '0', '0', '0', '0', '0', '0', '0', '0', '0', '0', '0', '0', '0', '0', '0', '0', '0', '0', '0', '0', '0', '0', '0', '0', '0', '0', '0', '0', '0', '0', '0', '0', '0', '0', '0', '0', '0', '0', '0', '0', '0', '0', '0', '0', '0', '0', '0', '0', '0', '0', '0', '0', '0', '0', '0', '0', '0', '0', '0', '0', '0', '0', '0', '0', '0', '0', '0', '0', '0', '0', '0', '0', '0', '0', '0', '0', '0', '0', '0', '0', '0', '0', '0', '0', '0', '0', '0', '0', '0', '0', '0', '0', '0', '0', '0', '0', '0', '0', '0', '0', '0', '0', '0', '0', '0', '0', '0', '0', '0', '0', '0', '0', '0', '0', '0', '0', '0', '0', '0', '0', '0', '0', '0', '0', '0', '0', '0', '0', '0', '0', '0', '0', '0', '0', '0', '0', '0', '0', '0', '0', '0', '0', '0', '0', '0', '0', '0', '0', '0', '0', '0', '0', '0', '0', '0', '0', '0', '0', '0', '0', '0', '0', '0', '0', '0', '0', '0', '0', '0', '0', '0', '0', '0', '0', '0', '0', '0', '0', '0', '0', '0', '0', '0', '0', '0', '0', '0', '0', '0', '0', '0', '0', '0', '0', '0', '0', '0', '0', '0', '0', '0', '0', '0', '0', '0', '0', '0', '0', '0', '0', '0', '0', '0', '0', '0', '0', '0', '0', '0', '0', '0', '0', '0', '0', '0', '0', '0', '0', '0', '0', '0', '0', '0', '0', '0', '0', '0', '0', '0', '0', '0', '0', '0', '0', '0', '0', '0', '0', '0', '0', '0', '0', '0', '0', '0', '0', '0', '0', '0', '0', '0', '0', '0', '0', '0', '0', '0', '0', '0', '0', '0', '0', '0', '0', '0', '0', '0', '0', '0', '0', '0', '0', '0', '0', '0', '0', '0', '0', '0', '0', '0', '0', '0', '0', '0', '0', '0', '0', '0', '0', '0', '0', '0', '0', '0', '0', '0', '0', '0', '0', '0', '0', '0', '0', '0', '0', '0', '0', '0', '0', '0', '0', '0', '0', '0', '0', '0', '0', '0', '0', '0', '0', '0', '0', '0', '0', '0', '0', '0', '0', '0', '0', '0', '0', '0', '0', '0', '0', '0', '0', '0', '0', '0', '0', '0', '0', '0', '0', '0', '0', '0', '0', '0', '0', '0', '0', '0', '0', '0', '0', '0', '0', '0', '0', '0', '0', '0', '0', '0', '0', '0', '0', '0', '0', '0', '0', '0', '0', '0', '0', '0', '0', '0', '0', '0', '0', '0', '0', '0', '0', '0', '0', '0', '0', '0', '0', '0', '0', '0', '0', '0', '0', '0', '0', '0', '0', '0', '0', '0', '0', '0', '0', '0', '0', '0', '0', '0', '0', '0', '0', '0', '0', '0', '0', '0', '0', '0', '0', '0', '0', '0', '0', '0', '0', '0', '0', '0', '0', '0', '0', '0', '0', '0', '0', '0', '0', '0', '0', '0', '0', '0', '0', '0', '0', '0', '0', '0', '0', '0', '0', '0', '0', '0', '0', '0', '0', '0', '0', '0', '0', '0', '0', '0', '0', '0', '0', '0', '0', '0', '0', '0', '0', '0', '0', '0', '0', '0', '0', '0', '0', '0', '0', '0', '0', '0', '0', '0', '0', '0', '0', '0', '0', '0', '0', '0', '0', '0', '0', '0', '0', '0', '0', '0', '0', '0', '0', '0', '0', '0', '0', '0', '0', '0', '0', '0', '0', '0', '0', '0', '0', '0', '0', '0', '0', '0', '0', '0', '0', '0', '0', '0', '0', '0', '0', '0', '0', '0', '0', '0', '0', '0', '0', '0', '0', '0', '0', '0', '0', '0', '0', '0', '0', '0', '0', '0', '0', '0', '0', '0', '0', '0', '0', '0', '0', '0', '0', '0', '0', '0', '0', '0', '0', '0', '0', '0', '0', '0', '0', '0', '0', '0', '0', '0', '0', '0', '0', '0', '0', '0', '0', '0', '0', '0', '0', '0', '0', '0', '0', '0', '0', '0', '0', '0', '0', '0', '0', '0', '0', '0', '0', '0', '0', '0', '0', '0', '0', '0', '0', '0', '0', '0', '0', '0', '0', '0', '0', '0', '0', '0', '0', '0', '0', '0', '0', '0', '0', '0', '0', '0', '0', '0', '0', '0', '0', '0', '0', '0', '0', '0', '0', '0', '0', '0', '0', '0', '0', '0', '0', '0', '0', '0', '0', '0', '0', '0', '0', '0', '0', '0', '0', '0', '0', '0', '0', '0', '0', '0', '0', '0', '0', '0', '0', '0', '0', '0', '0', '0', '0', '0', '0', '0', '0', '0', '0', '0', '0', '0', '0', '0', '0', '0', '0', '0', '0', '0', '0', '0', '0', '0', '0', '0', '0', '0', '0', '0', '0', '0', '0', '0', '0', '0', '0', '0', '0', '0', '0', '0', '0', '0', '0', '0', '0', '0', '0', '0', '0', '0', '0', '0', '0', '0', '0', '0', '0', '0', '0', '0', '0', '0', '0', '0', '0', '0', '0', '0', '0', '0', '0', '0', '0', '0', '0', '0', '0', '0', '0', '0', '0', '0', '0', '0', '0', '0', '0', '0', '0', '0', '0', '0', '0', '0', '0', '0', '0', '0', '0', '0', '0', '0', '0', '0', '0', '0', '0', '0', '0', '0', '0', '0', '0', '0', '0', '0', '0', '0', '0', '0', '0', '0', '0', '0', '0', '0', '0', '0', '0', '0', '0', '0', '0', '0', '0', '0', '0', '0', '0', '0', '0', '0', '0', '0', '0', '0', '0', '0', '0', '0', '0', '0', '0', '0', '0', '0', '0', '0', '0', '0', '0', '0', '0', '0', '0', '0', '0', '0', '0', '0', '0', '0', '0', '0', '0', '0', '0', '0', '0', '0', '0', '0', '0', '0', '0', '0', '0', '0', '0', '0', '0', '0', '0', '0', '0', '0', '0', '0', '0', '0', '0', '0', '0', '0', '0', '0', '0', '0', '0', '0', '0', '0', '0', '0', '0', '0', '0', '0', '0', '0', '0', '0', '0', '0', '0', '0', '0', '0', '0', '0', '0', '0', '0', '0', '0', '0', '0', '0', '0', '0', '0', '0', '0', '0', '0', '0', '0', '0', '0', '0', '0', '0', '0', '0', '0', '0', '0', '0', '0', '0', '0', '0', '0', '0', '0', '0', '0', '0', '0', '0', '0', '0', '0', '0', '0', '0', '0', '0', '0', '0', '0', '0', '0', '0', '0', '0', '0', '0', '0', '0', '0', '0', '0', '0', '0', '0', '0', '0', '0', '0', '0', '0', '0', '0', '0', '0', '0', '0', '0', '0', '0', '0', '0', '0', '0', '0', '0', '0', '0', '0', '0', '0', '0', '0', '0', '0', '0', '0', '0', '0', '0', '0', '0', '0', '0', '0', '0', '0', '0', '0', '0', '0', '0', '0', '0', '0', '0', '0', '0', '0', '0', '0', '0', '0', '0', '0', '0', '0', '0', '0', '0', '0', '0', '0', '0', '0', '0', '0', '0', '0', '0', '0', '0', '0', '0', '0', '0', '0', '0', '0', '0', '0', '0', '0', '0', '0', '0', '0', '0', '0', '0', '0', '0', '0', '0', '0', '0', '0', '0', '0', '0', '0', '0', '0', '0', '0', '0', '0', '0', '0', '0', '0', '0', '0', '0', '0', '0', '0', '0', '0', '0', '0', '0', '0', '0', '0', '0', '0', '0', '0', '0', '0', '0', '0', '0', '0', '0', '0', '0', '0', '0', '0', '0', '0', '0', '0', '0', '0', '0', '0', '0', '0', '0', '0', '0', '0', '0', '0', '0', '0', '0', '0', '0', '0', '0', '0', '0', '0', '0', '0', '0', '0', '0', '0', '0', '0', '0', '0', '0', '0', '0', '0', '0', '0', '0', '0', '0', '0', '0', '0', '0', '0', '0', '0', '0', '0', '0', '0', '0', '0', '0', '0', '0', '0', '0', '0', '0', '0', '0', '0', '0', '0', '0', '0', '0', '0', '0', '0', '0', '0', '0', '0', '0', '0', '0', '0', '0', '0', '0', '0', '0', '0', '0', '0', '0', '0', '0', '0', '0', '0', '0', '0', '0', '0', '0', '0', '0', '0', '0', '0', '0', '0', '0', '0', '0', '0', '0', '0', '0', '0', '0', '0', '0', '0', '0', '0', '0', '0', '0', '0', '0', '0', '0', '0', '0', '0', '0', '0', '0', '0', '0', '0', '0', '0', '0', '0', '0', '0', '0', '0', '0', '0', '0', '0', '0', '0', '0', '0', '0', '0', '0', '0', '0', '0', '0', '0', '0', '0', '0', '0', '0', '0', '0', '0', '0', '0', '0', '0', '0', '0', '0', '0', '0', '0', '0', '0', '0', '0', '0', '0', '0', '0', '0', '0', '0', '0', '0', '0', '0', '0', '0', '0', '0', '0', '0', '0', '0', '0', '0', '0', '0', '0', '0', '0', '0', '0', '0', '0', '0', '0', '0', '0', '0', '0', '0', '0', '0', '0', '0', '0', '0', '0', '0', '0', '0', '0', '0', '0', '0', '0', '0', '0', '0', '0', '0', '0', '0', '0', '0', '0', '0', '0', '0', '0', '0', '0', '0', '0', '0', '0', '0', '0', '0', '0', '0', '0', '0', '0', '0', '0', '0', '0', '0', '0', '0', '0', '0', '0', '0', '0', '0', '0', '0', '0', '0', '0', '0', '0', '0', '0', '0', '0', '0', '0', '0', '0', '0', '0', '0', '0', '0', '0', '0', '0', '0', '0', '0', '0', '0', '0', '0', '0', '0', '0', '0', '0', '0', '0', '0', '0', '0', '0', '0', '0', '0', '0', '0', '0', '0', '0', '0', '0', '0', '0', '0', '0', '0', '0', '0', '0', '0', '0', '0', '0', '0', '0', '0', '0', '0', '0', '0', '0', '0', '0', '0', '0', '0', '0', '0', '0', '0', '0', '0', '0', '0', '0', '0', '0', '0', '0', '0', '0', '0', '0', '0', '0', '0', '0', '0', '0', '0', '0', '0', '0', '0', '0', '0', '0', '0', '0', '0', '0', '0', '0', '0', '0', '0', '0', '0', '0', '0', '0', '0', '0', '0', '0', '0', '0', '0', '0', '0', '0', '0', '0', '0', '0', '0', '0', '0', '0', '0', '0', '0', '0', '0', '0', '0', '0', '0', '0', '0', '0', '0', '0', '0', '0', '0', '0', '0', '0', '0', '0', '0', '0', '0', '0', '0', '0', '0', '0', '0', '0', '0', '0', '0', '0', '0', '0', '0', '0', '0', '0', '0', '0', '0', '0', '0', '0', '0', '0', '0', '0', '0', '0', '0', '0', '0', '0', '0', '0', '0', '0', '0', '0', '0', '0', '0', '0', '0', '0', '0', '0', '0', '0', '0', '0', '0', '0', '0', '0', '0', '0', '0', '0', '0', '0', '0', '0', '0', '0', '0', '0', '0', '0', '0', '0', '0', '0', '0', '0', '0', '0', '0', '0', '0', '0', '0', '0', '0', '0', '0', '0', '0', '0', '0', '0', '0', '0', '0', '0', '0', '0', '0', '0', '0', '0', '0', '0', '0', '0', '0', '0', '0', '0', '0', '0', '0', '0', '0', '0', '0', '0', '0', '0', '0', '0', '0', '0', '0', '0', '0', '0', '0', '0', '0', '0', '0', '0', '0', '0', '0', '0', '0', '0', '0', '0', '0', '0', '0', '0', '0', '0', '0', '0', '0', '0', '0', '0', '0', '0', '0', '0', '0', '0', '0', '0', '0', '0', '0', '0', '0', '0', '0', '0', '0', '0', '0', '0', '0', '0', '0', '0', '0', '0', '0', '0', '0', '0', '0', '0', '0', '0', '0', '0', '0', '0', '0', '0', '0', '0', '0', '0', '0', '0', '0', '0', '0', '0', '0', '0', '0', '0', '0', '0', '0', '0', '0', '0', '0', '0', '0', '0', '0', '0', '0', '0', '0', '0', '0', '0', '0', '0', '0', '0', '0', '0', '0', '0', '0', '0', '0', '0', '0', '0', '0', '0', '0', '0', '0', '0', '0', '0', '0', '0', '0', '0', '0', '0', '0', '0', '0', '0', '0', '0', '0', '0', '0', '0', '0', '0', '0', '0', '0', '0', '0', '0', '0', '0', '0', '0', '0', '0', '0', '0', '0', '0', '0', '0', '0', '0', '0', '0', '0', '0', '0', '0', '0', '0', '0', '0', '0', '0', '0', '0', '0', '0', '0', '0', '0', '0', '0', '0', '0', '0', '0', '0', '0', '0', '0', '0', '0', '0', '0', '0', '0', '0', '0', '0', '0', '0', '0', '0', '0', '0', '0', '0', '0', '0', '0', '0', '0', '0', '0', '0', '0', '0', '0', '0', '0', '0', '0', '0', '0', '0', '0', '0', '0', '0', '0', '0', '0', '0', '0', '0', '0', '0', '0', '0', '0', '0', '0', '0', '0', '0', '0', '0', '0', '0', '0', '0', '0', '0', '0', '0', '0', '0', '0', '0', '0', '0', '0', '0', '0', '0', '0', '0', '0', '0', '0', '0', '0', '0', '0', '0', '0', '0', '0', '0', '0', '0', '0', '0', '0', '0', '0', '0', '0', '0', '0', '0', '0', '0', '0', '0', '0', '0', '0', '0', '0', '0', '0', '0', '0', '0', '0', '0', '0', '0', '0', '0', '0', '0', '0', '0', '0', '0', '0', '0', '0', '0', '0', '0', '0', '0', '0', '0', '0', '0', '0', '0', '0', '0', '0', '0', '0', '0', '0', '0', '0', '0', '0', '0', '0', '0', '0', '0', '0', '0', '0', '0', '0', '0', '0', '0', '0', '0', '0', '0', '0', '0', '0', '0', '0', '0', '0', '0', '0', '0', '0', '0', '0', '0', '0', '0', '0', '0', '0', '0', '0', '0', '0', '0', '0', '0', '0', '0', '0', '0', '0', '0', '0', '0', '0', '0', '0', '0', '0', '0', '0', '0', '0', '0', '0', '0', '0', '0', '0', '0', '0', '0', '0', '0', '0', '0', '0', '0', '0', '0', '0', '0', '0', '0', '0', '0', '0', '0', '0', '0', '0', '0', '0', '0', '0', '0', '0', '0', '0', '0', '0', '0', '0', '0', '0', '0', '0', '0', '0', '0', '0', '0', '0', '0', '0', '0', '0', '0', '0', '0', '0', '0', '0', '0', '0', '0', '0', '0', '0', '0', '0', '0', '0', '0', '0', '0', '0', '0', '0', '0', '0', '0', '0', '0', '0', '0', '0', '0', '0', '0', '0', '0', '0', '0', '0', '0', '0', '0', '0', '0', '0', '0', '0', '0', '0', '0', '0', '0', '0', '0', '0', '0', '0', '0', '0', '0', '0', '0', '0', '0', '0', '0', '0', '0', '0', '0', '0', '0', '0', '0', '0', '0', '0', '0', '0', '0', '0', '0', '0', '0', '0', '0', '0', '0', '0', '0', '0', '0', '0', '0', '0', '0', '0', '0', '0', '0', '0', '0', '0', '0', '0', '0', '0', '0', '0', '0', '0', '0', '0', '0', '0', '0', '0', '0', '0', '0', '0', '0', '0', '0', '0', '0', '0', '0', '0', '0', '0', '0', '0', '0', '0', '0', '0', '0', '0', '0', '0', '0', '0', '0', '0', '0', '0', '0', '0', '0', '0', '0', '0', '0', '0', '0', '0', '0', '0', '0', '0', '0', '0', '0', '0', '0', '0', '0', '0', '0', '0', '0', '0', '0', '0', '0', '0', '0', '0', '0', '0', '0', '0', '0', '0', '0', '0', '0', '0', '0', '0', '0', '0', '0', '0', '0', '0', '0', '0', '0', '0', '0', '0', '0', '0', '0', '0', '0', '0', '0', '0', '0', '0', '0', '0', '0', '0', '0', '0', '0', '0', '0', '0', '0', '0', '0', '0', '0', '0', '0', '0', '0', '0', '0', '0', '0', '0', '0', '0', '0', '0', '0', '0', '0', '0', '0', '0', '0', '0', '0', '0', '0', '0', '0', '0', '0', '0', '0', '0', '0', '0', '0', '0', '0', '0', '0', '0', '0', '0', '0', '0', '0', '0', '0', '0', '0', '0', '0', '0', '0', '0', '0', '0', '0', '0', '0', '0', '0', '0', '0', '0', '0', '0', '0', '0', '0', '0', '0', '0', '0', '0', '0', '0', '0', '0', '0', '0', '0', '0', '0', '0', '0', '0', '0', '0', '0', '0', '0', '0', '0', '0', '0', '0', '0', '0', '0', '0', '0', '0', '0', '0', '0', '0', '0', '0', '0', '0', '0', '0', '0', '0', '0', '0', '0', '0', '0', '0', '0', '0', '0', '0', '0', '0', '0', '0', '0', '0', '0', '0', '0', '0', '0', '0', '0', '0', '0', '0', '0', '0', '0', '0', '0', '0', '0', '0', '0', '0', '0', '0', '0', '0', '0', '0', '0', '0', '0', '0', '0', '0', '0', '0', '0', '0', '0', '0', '0', '0', '0', '0', '0', '0', '0', '0', '0', '0', '0', '0', '0', '0', '0', '0', '0', '0', '0', '0', '0', '0', '0', '0', '0', '0', '0', '0', '0', '0', '0', '0', '0', '0', '0', '0', '0', '0', '0', '0', '0', '0', '0', '0', '0', '0', '0', '0', '0', '0', '0', '0', '0', '0', '0', '0', '0', '0', '0', '0', '0', '0', '0', '0', '0', '0', '0', '0', '0', '0', '0', '0', '0', '0', '0', '0', '0', '0', '0', '0', '0', '0', '0', '0', '0', '0', '0', '0', '0', '0', '0', '0', '0', '0', '0', '0', '0', '0', '0', '0', '0', '0', '0', '0', '0', '0', '0', '0', '0', '0', '0', '0', '0', '0', '0', '0', '0', '0', '0', '0', '0', '0', '0', '0', '0', '0', '0', '0', '0', '0', '0', '0', '0', '0', '0', '0', '0', '0', '0', '0', '0', '0', '0', '0', '0', '0', '0', '0', '0', '0', '0', '0', '0', '0', '0', '0', '0', '0', '0', '0', '0', '0', '0', '0', '0', '0', '0', '0', '0', '0', '0', '0', '0', '0', '0', '0', '0', '0', '0', '0', '0', '0', '0', '0', '0', '0', '0', '0', '0', '0', '0', '0', '0', '0', '0', '0', '0', '0', '0', '0', '0', '0', '0', '0', '0', '0', '0', '0', '0', '0', '0', '0', '0', '0', '0', '0', '0', '0', '0', '0', '0', '0', '0', '0', '0', '0', '0', '0', '0', '0', '0', '0', '0', '0', '0', '0', '0', '0', '0', '0', '0', '0', '0', '0', '0', '0', '0', '0', '0', '0', '0', '0', '0', '0', '0', '0', '0', '0', '0', '0', '0', '0', '0', '0', '0', '0', '0', '0', '0', '0', '0', '0', '0', '0', '0', '0', '0', '0', '0', '0', '0', '0', '0', '0', '0', '0', '0', '0', '0', '0', '0', '0', '0', '0', '0', '0', '0', '0', '0', '0', '0', '0', '0', '0', '0', '0', '0', '0', '0', '0', '0', '0', '0', '0', '0', '0', '0', '0', '0', '0', '0', '0', '0', '0', '0', '0', '0', '0', '0', '0', '0', '0', '0', '0', '0', '0', '0', '0', '0', '0', '0', '0', '0', '0', '0', '0', '0', '0', '0', '0', '0', '0', '0', '0', '0', '0', '0', '0', '0', '0', '0', '0', '0', '0', '0', '0', '0', '0', '0', '0', '0', '0', '0', '0', '0', '0', '0', '0', '0', '0', '0', '0', '0', '0', '0', '0', '0', '0', '0', '0', '0', '0', '0', '0', '0', '0', '0', '0', '0', '0', '0', '0', '0', '0', '0', '0', '0', '0', '0', '0', '0', '0', '0', '0', '0', '0', '0', '0', '0', '0', '0', '0', '0', '0', '0', '0', '0', '0', '0', '0', '0', '0', '0', '0', '0', '0', '0', '0', '0', '0', '0', '0', '0', '0', '0', '0', '0', '0', '0', '0', '0', '0', '0', '0', '0', '0', '0', '0', '0', '0', '0', '0', '0', '0', '0', '0', '0', '0', '0', '0', '0', '0', '0', '0', '0', '0', '0', '0', '0', '0', '0', '0', '0', '0', '0', '0', '0', '0', '0', '0', '0', '0', '0', '0', '0', '0', '0', '0', '0', '0', '0', '0', '0', '0', '0', '0', '0', '0', '0', '0', '0', '0', '0', '0', '0', '0', '0', '0', '0', '0', '0', '0', '0', '0', '0', '0', '0', '0', '0', '0', '0', '0', '0', '0', '0', '0', '0', '0', '0', '0', '0', '0', '0', '0', '0', '0', '0', '0', '0', '0', '0', '0', '0', '0', '0', '0', '0', '0', '0', '0', '0', '0', '0', '0', '0', '0', '0', '0', '0', '0', '0', '0', '0', '0', '0', '0', '0', '0', '0', '0', '0', '0', '0', '0', '0', '0', '0', '0', '0', '0', '0', '0', '0', '0', '0', '0', '0', '0', '0', '0', '0', '0', '0', '0', '0', '0', '0', '0', '0', '0', '0', '0', '0', '0', '0', '0', '0', '0', '0', '0', '0', '0', '0', '0', '0', '0', '0', '0', '0', '0', '0', '0', '0', '0', '0', '0', '0', '0', '0', '0', '0', '0', '0', '0', '0', '0', '0', '0', '0', '0', '0', '0', '0', '0', '0', '0', '0', '0', '0', '0', '0', '0', '0', '0', '0', '0', '0', '0', '0', '0', '0', '0', '0', '0', '0', '0', '0', '0', '0', '0', '0', '0', '0', '0', '0', '0', '0', '0', '0', '0', '0', '0', '0', '0', '0', '0', '0', '0', '0', '0', '0', '0', '0', '0', '0', '0', '0', '0', '0', '0', '0', '0', '0', '0', '0', '0', '0', '0', '0', '0', '0', '0', '0', '0', '0', '0', '0', '0', '0', '0', '0', '0', '0', '0', '0', '0', '0', '0', '0', '0', '0', '0', '0', '0', '0', '0', '0', '0', '0', '0', '0', '0', '0', '0', '0', '0', '0', '0', '0', '0', '0', '0', '0', '0', '0', '0', '0', '0', '0', '0', '0', '0', '0', '0', '0', '0', '0', '0', '0', '0', '0', '0', '0', '0', '0', '0', '0', '0', '0', '0', '0', '0', '0', '0', '0', '0', '0', '0', '0', '0', '0', '0', '0', '0', '0', '0', '0', '0', '0', '0', '0', '0', '0', '0', '0', '0', '0', '0', '0', '0', '0', '0', '0', '0', '0', '0', '0', '0', '0', '0', '0', '0', '0', '0', '0', '0', '0', '0', '0', '0', '0', '0', '0', '0', '0', '0', '0', '0', '0', '0', '0', '0', '0', '0', '0', '0', '0', '0', '0', '0', '0', '0', '0', '0', '0', '0', '0', '0', '0', '0', '0', '0', '0', '0', '0', '0', '0', '0', '0', '0', '0', '0', '0', '0', '0', '0', '0', '0', '0', '0', '0', '0', '0', '0', '0', '0', '0', '0', '0', '0', '0', '0', '0', '0', '0', '0', '0', '0', '0', '0', '0', '0', '0', '0', '0', '0', '0', '0', '0', '0', '0', '0', '0', '0', '0', '0', '0', '0', '0', '0', '0', '0', '0', '0', '0', '0', '0', '0', '0', '0', '0', '0', '0', '0', '0', '0', '0', '0', '0', '0', '0', '0', '0', '0', '0', '0', '0', '0', '0', '0', '0', '0', '0', '0', '0', '0', '0', '0', '0', '0', '0', '0', '0', '0', '0', '0', '0', '0', '0', '0', '0', '0', '0', '0', '0', '0', '0', '0', '0', '0', '0', '0', '0', '0', '0', '0', '0', '0', '0', '0', '0', '0', '0', '0', '0', '0', '0', '0', '0', '0', '0', '0', '0', '0', '0', '0', '0', '0', '0', '0', '0', '0', '0', '0', '0', '0', '0', '0', '0', '0', '0', '0', '0', '0', '0', '0', '0', '0', '0', '0', '0', '0', '0', '0', '0', '0', '0', '0', '0', '0', '0', '0', '0', '0', '0', '0', '0', '0', '0', '0', '0', '0', '0', '0', '0', '0', '0', '0', '0', '0', '0', '0', '0', '0', '0', '0', '0', '0', '0', '0', '0', '0', '0', '0', '0', '0', '0', '0', '0', '0', '0', '0', '0', '0', '0', '0', '0', '0', '0', '0', '0', '0', '0', '0', '0', '0', '0', '0', '0', '0', '0', '0', '0', '0', '0', '0', '0', '0', '0', '0', '0', '0', '0', '0', '0', '0', '0', '0', '0', '0', '0', '0', '0', '0', '0', '0', '0', '0', '0', '0', '0', '0', '0', '0', '0', '0', '0', '0', '0', '0', '0', '0', '0', '0', '0', '0', '0', '0', '0', '0', '0', '0', '0', '0', '0', '0', '0', '0', '0', '0', '0', '0', '0', '0', '0', '0', '0', '0', '0', '0', '0', '0', '0', '0', '0', '0', '0', '0', '0', '0', '0', '0', '0', '0', '0', '0', '0', '0', '0', '0', '0', '0', '0', '0', '0', '0', '0', '0', '0', '0', '0', '0', '0', '0', '0', '0', '0', '0', '0', '0', '0', '0', '0', '0', '0', '0', '0', '0', '0', '0', '0', '0', '0', '0', '0', '0', '0', '0', '0', '0', '0', '0', '0', '0', '0', '0', '0', '0', '0', '0', '0', '0', '0', '0', '0', '0', '0', '0', '0', '0', '0', '0', '0', '0', '0', '0', '0', '0', '0', '0', '0', '0', '0', '0', '0', '0', '0', '0', '0', '0', '0', '0', '0', '0', '0', '0', '0', '0', '0', '0', '0', '0', '0', '0', '0', '0', '0', '0', '0', '0', '0', '0', '0', '0', '0', '0', '0', '0', '0', '0', '0', '0', '0', '0', '0', '0', '0', '0', '0', '0', '0', '0', '0', '0', '0', '0', '0', '0', '0', '0', '0', '0', '0', '0', '0', '0', '0', '0', '0', '0', '0', '0', '0', '0', '0', '0', '0', '0', '0', '0', '0', '0', '0', '0', '0', '0', '0', '0', '0', '0', '0', '0', '0', '0', '0', '0', '0', '0', '0', '0', '0', '0', '0', '0', '0', '0', '0', '0', '0', '0', '0', '0', '0', '0', '0', '0', '0', '0', '0', '0', '0', '0', '0', '0', '0', '0', '0', '0', '0', '0', '0', '0', '0', '0', '0', '0', '0', '0', '0', '0', '0', '0', '0', '0', '0', '0', '0', '0', '0', '0', '0', '0', '0', '0', '0', '0', '0', '0', '0', '0', '0', '0', '0', '0', '0', '0', '0', '0', '0', '0', '0', '0', '0', '0', '0', '0', '0', '0', '0', '0', '0', '0', '0', '0', '0', '0', '0', '0', '0', '0', '0', '0', '0', '0', '0', '0', '0', '0', '0', '0', '0', '0', '0', '0', '0', '0', '0', '0', '0', '0', '0', '0', '0', '0', '0', '0', '0', '0', '0', '0', '0', '0', '0', '0', '0', '0', '0', '0', '0', '0', '0', '0', '0', '0', '0', '0', '0', '0', '0', '0', '0', '0', '0', '0', '0', '0', '0', '0', '0', '0', '0', '0', '0', '0', '0', '0', '0', '0', '0', '0', '0', '0', '0', '0', '0', '0', '0', '0', '0', '0', '0', '0', '0', '0', '0', '0', '0', '0', '0', '0', '0', '0', '0', '0', '0', '0', '0', '0', '0', '0', '0', '0', '0', '0', '0', '0', '0', '0', '0', '0', '0', '0', '0', '0', '0', '0', '0', '0', '0', '0', '0', '0', '0', '0', '0', '0', '0', '0', '0', '0', '0', '0', '0', '0', '0', '0', '0', '0', '0', '0', '0', '0', '0', '0', '0', '0', '0', '0', '0', '0', '0', '0', '0', '0', '0', '0', '0', '0', '0', '0', '0', '0', '0', '0', '0', '0', '0', '0', '0', '0', '0', '0', '0', '0', '0', '0', '0', '0', '0', '0', '0', '0', '0', '0', '0', '0', '0', '0', '0', '0', '0', '0', '0', '0', '0', '0', '0', '0', '0', '0', '0', '0', '0', '0', '0', '0', '0', '0', '0', '0', '0', '0', '0', '0', '0', '0', '0', '0', '0', '0', '0', '0', '0', '0', '0', '0', '0', '0', '0', '0', '0', '0', '0', '0', '0', '0', '0', '0', '0', '0', '0', '0', '0', '0', '0', '0', '0', '0', '0', '0', '0', '0', '0', '0', '0', '0', '0', '0', '0', '0', '0', '0', '0', '0', '0', '0', '0', '0', '0', '0', '0', '0', '0', '0', '0', '0', '0', '0', '0', '0', '0', '0', '0', '0', '0', '0', '0', '0', '0', '0', '0', '0', '0', '0', '0', '0', '0', '0', '0', '0', '0', '0', '0', '0', '0', '0', '0', '0', '0', '0', '0', '0', '0', '0', '0', '0', '0', '0', '0', '0', '0', '0', '0', '0', '0', '0', '0', '0', '0', '0', '0', '0', '0', '0', '0', '0', '0', '0', '0', '0', '0', '0', '0', '0', '0', '0', '0', '0', '0', '0', '0', '0', '0', '0', '0', '0', '0', '0', '0', '0', '0', '0', '0', '0', '0', '0', '0', '0', '0', '0', '0', '0', '0', '0', '0', '0', '0', '0', '0', '0', '0', '0', '0', '0', '0', '0', '0', '0', '0', '0', '0', '0', '0', '0', '0', '0', '0', '0', '0', '0', '0', '0', '0', '0', '0', '0', '0', '0', '0', '0', '0', '0', '0', '0', '0', '0', '0', '0', '0', '0', '0', '0', '0', '0', '0', '0', '0', '0', '0', '0', '0', '0', '0', '0', '0', '0', '0', '0', '0', '0', '0', '0', '0', '0', '0', '0', '0', '0', '0', '0', '0', '0', '0', '0', '0', '0', '0', '0', '0', '0', '0', '0', '0', '0', '0', '0', '0', '0', '0', '0', '0', '0', '0', '0', '0', '0', '0', '0', '0', '0', '0', '0', '0', '0', '0', '0', '0', '0', '0', '0', '0', '0', '0', '0', '0', '0', '0', '0', '0', '0', '0', '0', '0', '0', '0', '0', '0', '0', '0', '0', '0', '0', '0', '0', '0', '0', '0', '0', '0', '0', '0', '0', '0', '0', '0', '0', '0', '0', '0', '0', '0', '0', '0', '0', '0', '0', '0', '0', '0', '0', '0', '0', '0', '0', '0', '0', '0', '0', '0', '0', '0', '0', '0', '0', '0', '0', '0', '0', '0', '0', '0', '0', '0', '0', '0', '0', '0', '0', '0', '0', '0', '0', '0', '0', '0', '0', '0', '0', '0', '0', '0', '0', '0', '0', '0', '0', '0', '0', '0', '0', '0', '0', '0', '0', '0', '0', '0', '0', '0', '0', '0', '0', '0', '0', '0', '0', '0', '0', '0', '0', '0', '0', '0', '0', '0', '0', '0', '0', '0', '0', '0', '0', '0', '0', '0', '0', '0', '0', '0', '0', '0', '0', '0', '0', '0', '0', '0', '0', '0', '0', '0', '0', '0', '0', '0', '0', '0', '0', '0', '0', '0', '0', '0', '0', '0', '0', '0', '0', '0', '0', '0', '0', '0', '0', '0', '0', '0', '0', '0', '0', '0', '0', '0', '0', '0', '0', '0', '0', '0', '0', '0', '0', '0', '0', '0', '0', '0', '0', '0', '0', '0', '0', '0', '0', '0', '0', '0', '0', '0', '0', '0', '0', '0', '0', '0', '0', '0', '0', '0', '0', '0', '0', '0', '0', '0', '0', '0', '0', '0', '0', '0', '0', '0', '0', '0', '0', '0', '0', '0', '0', '0', '0', '0', '0', '0', '0', '0', '0', '0', '0', '0', '0', '0', '0', '0', '0', '0', '0', '0', '0', '0', '0', '0', '0', '0', '0', '0', '0', '0', '0', '0', '0', '0', '0', '0', '0', '0', '0', '0', '0', '0', '0', '0', '0', '0', '0', '0', '0', '0', '0', '0', '0', '0', '0', '0', '0', '0', '0', '0', '0', '0', '0', '0', '0', '0', '0', '0', '0', '0', '0', '0', '0', '0', '0', '0', '0', '0', '0', '0', '0', '0', '0', '0', '0', '0', '0', '0', '0', '0', '0', '0', '0', '0', '0', '0', '0', '0', '0', '0', '0', '0', '0', '0', '0', '0', '0', '0', '0', '0', '0', '0', '0', '0', '0', '0', '0', '0', '0', '0', '0', '0', '0', '0', '0', '0', '0', '0', '0', '0', '0', '0', '0', '0', '0', '0', '0', '0', '0', '0', '0', '0', '0', '0', '0', '0', '0', '0', '0', '0', '0', '0', '0', '0', '0', '0', '0', '0', '0', '0', '0', '0', '0', '0', '0', '0', '0', '0', '0', '0', '0', '0', '0', '0', '0', '0', '0', '0', '0', '0', '0', '0', '0', '0', '0', '0', '0', '0', '0', '0', '0', '0', '0', '0', '0', '0', '0', '0', '0', '0', '0', '0', '0', '0', '0', '0', '0', '0', '0', '0', '0', '0', '0', '0', '0', '0', '0', '0', '0', '0', '0', '0', '0', '0', '0', '0', '0', '0', '0', '0', '0', '0', '0', '0', '0', '0', '0', '0', '0', '0', '0', '0', '0', '0', '0', '0', '0', '0', '0', '0', '0', '0', '0', '0', '0', '0', '0', '0', '0', '0', '0', '0', '0', '0', '0', '0', '0', '0', '0', '0', '0', '0', '0', '0', '0', '0', '0', '0', '0', '0', '0', '0', '0', '0', '0', '0', '0', '0', '0', '0', '0', '0', '0', '0', '0', '0', '0', '0', '0', '0', '0', '0', '0', '0', '0', '0', '0', '0', '0', '0', '0', '0', '0', '0', '0', '0', '0', '0', '0', '0', '0', '0', '0', '0', '0', '0', '0', '0', '0', '0', '0', '0', '0', '0', '0', '0', '0', '0', '0', '0', '0', '0', '0', '0', '0', '0', '0', '0', '0', '0', '0', '0', '0', '0', '0', '0', '0', '0', '0', '0', '0', '0', '0', '0', '0', '0', '0', '0', '0', '0', '0', '0', '0', '0', '0', '0', '0', '0', '0', '0', '0', '0', '0', '0', '0', '0', '0', '0', '0', '0', '0', '0', '0', '0', '0', '0', '0', '0', '0', '0', '0', '0', '0', '0', '0', '0', '0', '0', '0', '0', '0', '0', '0', '0', '0', '0', '0', '0', '0', '0', '0', '0', '0', '0', '0', '0', '0', '0', '0', '0', '0', '0', '0', '0', '0', '0', '0', '0', '0', '0', '0', '0', '0', '0', '0', '0', '0', '0', '0', '0', '0', '0', '0', '0', '0', '0', '0', '0', '0', '0', '0', '0', '0', '0', '0', '0', '0', '0', '0', '0', '0', '0', '0', '0', '0', '0', '0', '0', '0', '0', '0', '0', '0', '0', '0', '0', '0', '0', '0', '0', '0', '0', '0', '0', '0', '0', '0', '0', '0', '0', '0', '0', '0', '0', '0', '0', '0', '0', '0', '0', '0', '0', '0', '0', '0', '0', '0', '0', '0', '0', '0', '0', '0', '0', '0', '0', '0', '0', '0', '0', '0', '0', '0', '0', '0', '0', '0', '0', '0', '0', '0', '0', '0', '0', '0', '0', '0', '0', '0', '0', '0', '0', '0', '0', '0', '0', '0', '0', '0', '0', '0', '0', '0', '0', '0', '0', '0', '0', '0', '0', '0', '0', '0', '0', '0', '0', '0', '0', '0', '0', '0', '0', '0', '0', '0', '0', '0', '0', '0', '0', '0', '0', '0', '0', '0', '0', '0', '0', '0', '0', '0', '0', '0', '0', '0', '0', '0', '0', '0', '0', '0', '0', '0', '0', '0', '0', '0', '0', '0', '0', '0', '0', '0', '0', '0', '0', '0', '0', '0', '0', '0', '0', '0', '0', '0', '0', '0', '0', '0', '0', '0', '0', '0', '0', '0', '0', '0', '0', '0', '0', '0', '0', '0', '0', '0', '0', '0', '0', '0', '0', '0', '0', '0', '0', '0', '0', '0', '0', '0', '0', '0', '0', '0', '0', '0', '0', '0', '0', '0', '0', '0', '0', '0', '0', '0', '0', '0', '0', '0', '0', '0', '0', '0', '0', '0', '0', '0', '0', '0', '0', '0', '0', '0', '0', '0', '0', '0', '0', '0', '0', '0', '0', '0', '0', '0', '0', '0', '0', '0', '0', '0', '0', '0', '0', '0', '0', '0', '0', '0', '0', '0', '0', '0', '0', '0', '0', '0', '0', '0', '0', '0', '0', '0', '0', '0', '0', '0', '0', '0', '0', '0', '0', '0', '0', '0', '0', '0', '0', '0', '0', '0', '0', '0', '0', '0', '0', '0', '0', '0', '0', '0', '0', '0', '0', '0', '0', '0', '0', '0', '0', '0', '0', '0', '0', '0', '0', '0', '0', '0', '0', '0', '0', '0', '0', '0', '0', '0', '0', '0', '0', '0', '0', '0', '0', '0', '0', '0', '0', '0', '0', '0', '0', '0', '0', '0', '0', '0', '0', '0', '0', '0', '0', '0', '0', '0', '0', '0', '0', '0', '0', '0', '0', '0', '0', '0', '0', '0', '0', '0', '0', '0', '0', '0', '0', '0', '0', '0', '0', '0', '0', '0', '0', '0', '0', '0', '0', '0', '0', '0', '0', '0', '0', '0', '0', '0', '0', '0', '0', '0', '0', '0', '0', '0', '0', '0', '0', '0', '0', '0', '0', '0', '0', '0', '0', '0', '0', '0', '0', '0', '0', '0', '0', '0', '0', '0', '0', '0', '0', '0', '0', '0', '0', '0', '0', '0', '0', '0', '0', '0', '0', '0', '0', '0', '0', '0', '0', '0', '0', '0', '0', '0', '0', '0', '0', '0', '0', '0', '0', '0', '0', '0', '0', '0', '0', '0', '0', '0', '0', '0', '0', '0', '0', '0', '0', '0', '0', '0', '0', '0', '0', '0', '0', '0', '0', '0', '0', '0', '0', '0', '0', '0', '0', '0', '0', '0', '0', '0', '0', '0', '0', '0', '0', '0', '0', '0', '0', '0', '0', '0', '0', '0', '0', '0', '0', '0', '0', '0', '0', '0', '0', '0', '0', '0', '0', '0', '0', '0', '0', '0', '0', '0', '0', '0', '0', '0', '0', '0', '0', '0', '0', '0', '0', '0', '0', '0', '0', '0', '0', '0', '0', '0', '0', '0', '0', '0', '0', '0', '0', '0', '0', '0', '0', '0', '0', '0', '0', '0', '0', '0', '0', '0', '0', '0', '0', '0', '0', '0', '0', '0', '0', '0', '0', '0', '0', '0', '0', '0', '0', '0', '0', '0', '0', '0', '0', '0', '0', '0', '0', '0', '0', '0', '0', '0', '0', '0', '0', '0', '0', '0', '0', '0', '0', '0', '0', '0', '0', '0', '0', '0', '0', '0', '0', '0', '0', '0', '0', '0', '0', '0', '0', '0', '0', '0', '0', '0', '0', '0', '0', '0', '0', '0', '0', '0', '0', '0', '0', '0', '0', '0', '0', '0', '0', '0', '0', '0', '0', '0', '0', '0', '0', '0', '0', '0', '0', '0', '0', '0', '0', '0', '0', '0', '0', '0', '0', '0', '0', '0', '0', '0', '0', '0', '0', '0', '0', '0', '0', '0', '0', '0', '0', '0', '0', '0', '0', '0', '0', '0', '0', '0', '0', '0', '0', '0', '0', '0', '0', '0', '0', '0', '0', '0', '0', '0', '0', '0', '0', '0', '0', '0', '0', '0', '0', '0', '0', '0', '0', '0', '0', '0', '0', '0', '0', '0', '0', '0', '0', '0', '0', '0', '0', '0', '0', '0', '0', '0', '0', '0', '0', '0', '0', '0', '0', '0', '0', '0', '0', '0', '0', '0', '0', '0', '0', '0', '0', '0', '0', '0', '0', '0', '0', '0', '0', '0', '0', '0', '0', '0', '0', '0', '0', '0', '0', '0', '0', '0', '0', '0', '0', '0', '0', '0', '0', '0', '0', '0', '0', '0', '0', '0', '0', '0', '0', '0', '0', '0', '0', '0', '0', '0', '0', '0', '0', '0', '0', '0', '0', '0', '0', '0', '0', '0', '0', '0', '0', '0', '0', '0', '0', '0', '0', '0', '0', '0', '0', '0', '0', '0', '0', '0', '0', '0', '0', '0', '0', '0', '0', '0', '0', '0', '0', '0', '0', '0', '0', '0', '0', '0', '0', '0', '0', '0', '0', '0', '0', '0', '0', '0', '0', '0', '0', '0', '0', '0', '0', '0', '0', '0', '0', '0', '0', '0', '0', '0', '0', '0', '0', '0', '0', '0', '0', '0', '0', '0', '0', '0', '0', '0', '0', '0', '0', '0', '0', '0', '0', '0', '0', '0', '0', '0', '0', '0', '0', '0', '0', '0', '0', '0', '0', '0', '0', '0', '0', '0', '0', '0', '0', '0', '0', '0', '0', '0', '0', '0', '0', '0', '0', '0', '0', '0', '0', '0', '0', '0', '0', '0', '0', '0', '0', '0', '0', '0', '0', '0', '0', '0', '0', '0', '0', '0', '0', '0', '0', '0', '0', '0', '0', '0', '0', '0', '0', '0', '0', '0', '0', '0', '0', '0', '0', '0', '0', '0', '0', '0', '0', '0', '0', '0', '0', '0', '0', '0', '0', '0', '0', '0', '0', '0', '0', '0', '0', '0', '0', '0', '0', '0', '0', '0', '0', '0', '0', '0', '0', '0', '0', '0', '0', '0', '0', '0', '0', '0', '0', '0', '0', '0', '0', '0', '0', '0', '0', '0', '0', '0', '0', '0', '0', '0', '0', '0', '0', '0', '0', '0', '0', '0', '0', '0', '0', '0', '0', '0', '0', '0', '0', '0', '0', '0', '0', '0', '0', '0', '0', '0', '0', '0', '0', '0', '0', '0', '0', '0', '0', '0', '0', '0', '0', '0', '0', '0', '0', '0', '0', '0', '0', '0', '0', '0', '0', '0', '0', '0', '0', '0', '0', '0', '0', '0', '0', '0', '0', '0', '0', '0', '0', '0', '0', '0', '0', '0', '0', '0', '0', '0', '0', '0', '0', '0', '0', '0', '0', '0', '0', '0', '0', '0', '0', '0', '0', '0', '0', '0', '0', '0', '0', '0', '0', '0', '0', '0', '0', '0', '0', '0', '0', '0', '0', '0', '0', '0', '0', '0', '0', '0', '0', '0', '0', '0', '0', '0', '0', '0', '0', '0', '0', '0', '0', '0', '0', '0', '0', '0', '0', '0', '0', '0', '0', '0', '0', '0', '0', '0', '0', '0', '0', '0', '0', '0', '0', '0', '0', '0', '0', '0', '0', '0', '0', '0', '0', '0', '0', '0', '0', '0', '0', '0', '0', '0', '0', '0', '0', '0', '0', '0', '0', '0', '0', '0', '0', '0', '0', '0', '0', '0', '0', '0', '0', '0', '0', '0', '0', '0', '0', '0', '0', '0', '0', '0', '0', '0', '0', '0', '0', '0', '0', '0', '0', '0', '0', '0', '0', '0', '0', '0', '0', '0', '0', '0', '0', '0', '0', '0', '0', '0', '0', '0', '0', '0', '0', '0', '0', '0', '0', '0', '0', '0', '0', '0', '0', '0', '0', '0', '0', '0', '0', '0', '0', '0', '0', '0', '0', '0', '0', '0', '0', '0', '0', '0', '0', '0', '0', '0', '0', '0', '0', '0', '0', '0', '0', '0', '0', '0', '0', '0', '0', '0', '0', '0', '0', '0', '0', '0', '0', '0', '0', '0', '0', '0', '0', '0', '0', '0', '0', '0', '0', '0', '0', '0', '0', '0', '0', '0', '0', '0', '0', '0', '0', '0', '0', '0', '0', '0', '0', '0', '0', '0', '0', '0', '0', '0', '0', '0', '0', '0', '0', '0', '0', '0', '0', '0', '0', '0', '0', '0', '0', '0', '0', '0', '0', '0', '0', '0', '0', '0', '0', '0', '0', '0', '0', '0', '0', '0', '0', '0', '0', '0', '0', '0', '0', '0', '0', '0', '0', '0', '0', '0', '0', '0', '0', '0', '0', '0', '0', '0', '0', '0', '0', '0', '0', '0', '0', '0', '0', '0', '0', '0', '0', '0', '0', '0', '0', '0', '0', '0', '0', '0', '0', '0', '0', '0', '0', '0', '0', '0', '0', '0', '0', '0', '0', '0', '0', '0', '0', '0', '0', '0', '0', '0', '0', '0', '0', '0', '0', '0', '0', '0', '0', '0', '0', '0', '0', '0', '0', '0', '0', '0', '0', '0', '0', '0', '0', '0', '0', '0', '0', '0', '0', '0', '0', '0', '0', '0', '0', '0', '0', '0', '0', '0', '0', '0', '0', '0', '0', '0', '0', '0', '0', '0', '0', '0', '0', '0', '0', '0', '0', '0', '0', '0', '0', '0', '0', '0', '0', '0', '0', '0', '0', '0', '0', '0', '0', '0', '0', '0', '0', '0', '0', '0', '0', '0', '0', '0', '0', '0', '0', '0', '0', '0', '0', '0', '0', '0', '0', '0', '0', '0', '0', '0', '0', '0', '0', '0', '0', '0', '0', '0', '0', '0', '0', '0', '0', '0', '0', '0', '0', '0', '0', '0', '0', '0', '0', '0', '0', '0', '0', '0', '0', '0', '0', '0', '0', '0', '0', '0', '0', '0', '0', '0', '0', '0', '0', '0', '0', '0', '0', '0', '0', '0', '0', '0', '0', '0', '0', '0', '0', '0', '0', '0', '0', '0', '0', '0', '0', '0', '0', '0', '0', '0', '0', '0', '0', '0', '0', '0', '0', '0', '0', '0', '0', '0', '0', '0', '0', '0', '0', '0', '0', '0', '0', '0', '0', '0', '0', '0', '0', '0', '0', '0', '0', '0', '0', '0', '0', '0', '0', '0', '0', '0', '0', '0', '0', '0', '0', '0', '0', '0', '0', '0', '0', '0', '0', '0', '0', '0', '0', '0', '0', '0', '0', '0', '0', '0', '0', '0', '0', '0', '0', '0', '0', '0', '0', '0', '0', '0', '0', '0', '0', '0', '0', '0', '0', '0', '0', '0', '0', '0', '0', '0', '0', '0', '0', '0', '0', '0', '0', '0', '0', '0', '0', '0', '0', '0', '0', '0', '0', '0', '0', '0', '0', '0', '0', '0', '0', '0', '0', '0', '0', '0', '0', '0', '0', '0', '0', '0', '0', '0', '0', '0', '0', '0', '0', '0', '0', '0', '0', '0', '0', '0', '0', '0', '0', '0', '0', '0', '0', '0', '0', '0', '0', '0', '0', '0', '0', '0', '0', '0', '0', '0', '0', '0', '0', '0', '0', '0', '0', '0', '0', '0', '0', '0', '0', '0', '0', '0', '0', '0', '0', '0', '0', '0', '0', '0', '0', '0', '0', '0', '0', '0', '0', '0', '0', '0', '0', '0', '0', '0', '0', '0', '0', '0', '0', '0', '0', '0', '0', '0', '0', '0', '0', '0', '0', '0', '0', '0', '0', '0', '0', '0', '0', '0', '0', '0', '0', '0', '0', '0', '0', '0', '0', '0', '0', '0', '0', '0', '0', '0', '0', '0', '0', '0', '0', '0', '0', '0', '0', '0', '0', '0', '0', '0', '0', '0', '0', '0', '0', '0', '0', '0', '0', '0', '0', '0', '0', '0', '0', '0', '0', '0', '0', '0', '0', '0', '0', '0', '0', '0', '0', '0', '0', '0', '0', '0', '0', '0', '0', '0', '0', '0', '0', '0', '0', '0', '0', '0', '0', '0', '0', '0', '0', '0', '0', '0', '0', '0', '0', '0', '0', '0', '0', '0', '0', '0', '0', '0', '0', '0', '0', '0', '0', '0', '0', '0', '0', '0', '0', '0', '0', '0', '0', '0', '0', '0', '0', '0', '0', '0', '0', '0', '0', '0', '0', '0', '0', '0', '0', '0', '0', '0', '0', '0', '0', '0', '0', '0', '0', '0', '0', '0', '0', '0', '0', '0', '0', '0', '0', '0', '0', '0', '0', '0', '0', '0', '0', '0', '0', '0', '0', '0', '0', '0', '0', '0', '0', '0', '0', '0', '0', '0', '0', '0', '0', '0', '0', '0', '0', '0', '0', '0', '0', '0', '0', '0', '0', '0', '0', '0', '0', '0', '0', '0', '0', '0', '0', '0', '0', '0', '0', '0', '0', '0', '0', '0', '0', '0', '0', '0', '0', '0', '0', '0', '0', '0', '0', '0', '0', '0', '0', '0', '0', '0', '0', '0', '0', '0', '0', '0', '0', '0', '0', '0', '0', '0', '0', '0', '0', '0', '0', '0', '0', '0', '0', '0', '0', '0', '0', '0', '0', '0', '0', '0', '0', '0', '0', '0', '0', '0', '0', '0', '0', '0', '0', '0', '0', '0', '0', '0', '0', '0', '0', '0', '0', '0', '0', '0', '0', '0', '0', '0', '0', '0', '0', '0', '0', '0', '0', '0', '0', '0', '0', '0', '0', '0', '0', '0', '0', '0', '0', '0', '0', '0', '0', '0', '0', '0', '0', '0', '0', '0', '0', '0', '0', '0', '0', '0', '0', '0', '0', '0', '0', '0', '0', '0', '0', '0', '0', '0', '0', '0', '0', '0', '0', '0', '0', '0', '0', '0', '0', '0', '0', '0', '0', '0', '0', '0', '0', '0', '0', '0', '0', '0', '0', '0', '0', '0', '0', '0', '0', '0', '0', '0', '0', '0', '0', '0', '0', '0', '0', '0', '0', '0', '0', '0', '0', '0', '0', '0', '0', '0', '0', '0', '0', '0', '0', '0', '0', '0', '0', '0', '0', '0', '0', '0', '0', '0', '0', '0', '0', '0', '0', '0', '0', '0', '0', '0', '0', '0', '0', '0', '0', '0', '0', '0', '0', '0', '0', '0', '0', '0', '0', '0', '0', '0', '0', '0', '0', '0', '0', '0', '0', '0', '0', '0', '0', '0', '0', '0', '0', '0', '0', '0', '0', '0', '0', '0', '0', '0', '0', '0', '0', '0', '0', '0', '0', '0', '0', '0', '0', '0', '0', '0', '0', '0', '0', '0', '0', '0', '0', '0', '0', '0', '0', '0', '0', '0', '0', '0', '0', '0', '0', '0', '0', '0', '0', '0', '0', '0', '0', '0', '0', '0', '0', '0', '0', '0', '0', '0', '0', '0', '0', '0', '0', '0', '0', '0', '0', '0', '0', '0', '0', '0', '0', '0', '0', '0', '0', '0', '0', '0', '0', '0', '0', '0', '0', '0', '0', '0', '0', '0', '0', '0', '0', '0', '0', '0', '0', '0', '0', '0', '0', '0', '0', '0', '0', '0', '0', '0', '0', '0', '0', '0', '0', '0', '0', '0', '0', '0', '0', '0', '0', '0', '0', '0', '0', '0', '0', '0', '0', '0', '0', '0', '0', '0', '0', '0', '0', '0', '0', '0', '0', '0', '0', '0', '0', '0', '0', '0', '0', '0', '0', '0', '0', '0', '0', '0', '0', '0', '0', '0', '0', '0', '0', '0', '0', '0', '0', '0', '0', '0', '0', '0', '0', '0', '0', '0', '0', '0', '0', '0', '0', '0', '0', '0', '0', '0', '0', '0', '0', '0', '0', '0', '0', '0', '0', '0', '0', '0', '0', '0', '0', '0', '0', '0', '0', '0', '0', '0', '0', '0', '0', '0', '0', '0', '0', '0', '0', '0', '0', '0', '0', '0', '0', '0', '0', '0', '0', '0', '0', '0', '0', '0', '0', '0', '0', '0', '0', '0', '0', '0', '0', '0', '0', '0', '0', '0', '0', '0', '0', '0', '0', '0', '0', '0', '0', '0', '0', '0', '0', '0', '0', '0', '0', '0', '0', '0', '0', '0', '0', '0', '0', '0', '0', '0', '0', '0', '0', '0', '0', '0', '0', '0', '0', '0', '0', '0', '0', '0', '0', '0', '0', '0', '0', '0', '0', '0', '0', '0', '0', '0', '0', '0', '0', '0', '0', '0', '0', '0', '0', '0', '0', '0', '0', '0', '0', '0', '0', '0', '0', '0', '0', '0', '0', '0', '0', '0', '0', '0', '0', '0', '0', '0', '0', '0', '0', '0', '0', '0', '0', '0', '0', '0', '0', '0', '0', '0', '0', '0', '0', '0', '0', '0', '0', '0', '0', '0', '0', '0', '0', '0', '0', '0', '0', '0', '0', '0', '0', '0', '0', '0', '0', '0', '0', '0', '0', '0', '0', '0', '0', '0', '0', '0', '0', '0', '0', '0', '0', '0', '0', '0', '0', '0', '0', '0', '0', '0', '0', '0', '0', '0', '0', '0', '0', '0', '0', '0', '0', '0', '0', '0', '0', '0', '0', '0', '0', '0', '0', '0', '0', '0', '0', '0', '0', '0', '0', '0', '0', '0', '0', '0', '0', '0', '0', '0', '0', '0', '0', '0', '0', '0', '0', '0', '0', '0', '0', '0', '0', '0', '0', '0', '0', '0', '0', '0', '0', '0', '0', '0', '0', '0', '0', '0', '0', '0', '0', '0', '0', '0', '0', '0', '0', '0', '0', '0', '0', '0', '0', '0', '0', '0', '0', '0', '0', '0', '0', '0', '0', '0', '0', '0', '0', '0', '0', '0', '0', '0', '0', '0', '0', '0', '0', '0', '0', '0', '0', '0', '0', '0', '0', '0', '0', '0', '0', '0', '0', '0', '0', '0', '0', '0', '0', '0', '0', '0', '0', '0', '0', '0', '0', '0', '0', '0', '0', '0', '0', '0', '0', '0', '0', '0', '0', '0', '0', '0', '0', '0', '0', '0', '0', '0', '0', '0', '0', '0', '0', '0', '0', '0', '0', '0', '0', '0', '0', '0', '0', '0', '0', '0', '0', '0', '0', '0', '0', '0', '0', '0', '0', '0', '0', '0', '0', '0', '0', '0', '0', '0', '0', '0', '0', '0', '0', '0', '0', '0', '0', '0', '0', '0', '0', '0', '0', '0', '0', '0', '0', '0', '0', '0', '0', '0', '0', '0', '0', '0', '0', '0', '0', '0', '0', '0', '0', '0', '0', '0', '0', '0', '0', '0', '0', '0', '0', '0', '0', '0', '0', '0', '0', '0', '0', '0', '0', '0', '0', '0', '0', '0', '0', '0', '0', '0', '0', '0', '0', '0', '0', '0', '0', '0', '0', '0', '0', '0', '0', '0', '0', '0', '0', '0', '0', '0', '0', '0', '0', '0', '0', '0', '0', '0', '0', '0', '0', '0', '0', '0', '0', '0', '0', '0', '0', '0', '0', '0', '0', '0', '0', '0', '0', '0', '0', '0', '0', '0', '0', '0', '0', '0', '0', '0', '0', '0', '0', '0', '0', '0', '0', '0', '0', '0', '0', '0', '0', '0', '0', '0', '0', '0', '0', '0', '0', '0', '0', '0', '0', '0', '0', '0', '0', '0', '0', '0', '0', '0', '0', '0', '0', '0', '0', '0', '0', '0', '0', '0', '0', '0', '0', '0', '0', '0', '0', '0', '0', '0', '0', '0', '0', '0', '0', '0', '0', '0', '0', '0', '0', '0', '0', '0', '0', '0', '0', '0', '0', '0', '0', '0', '0', '0', '0', '0', '0', '0', '0', '0', '0', '0', '0', '0', '0', '0', '0', '0', '0', '0', '0', '0', '0', '0', '0', '0', '0', '0', '0', '0', '0', '0', '0', '0', '0', '0', '0', '0', '0', '0', '0', '0', '0', '0', '0', '0', '0', '0', '0', '0', '0', '0', '0', '0', '0', '0', '0', '0', '0', '0', '0', '0', '0', '0', '0', '0', '0', '0', '0', '0', '0', '0', '0', '0', '0', '0', '0', '0', '0', '0', '0', '0', '0', '0', '0', '0', '0', '0', '0', '0', '0', '0', '0', '0', '0', '0', '0', '0', '0', '0', '0', '0', '0', '0', '0', '0', '0', '0', '0', '0', '0', '0', '0', '0', '0', '0', '0', '0', '0', '0', '0', '0', '0', '0', '0', '0', '0', '0', '0', '0', '0', '0', '0', '0', '0', '0', '0', '0', '0', '0', '0', '0', '0', '0', '0', '0', '0', '0', '0', '0', '0', '0', '0', '0', '0', '0', '0', '0', '0', '0', '0', '0', '0', '0', '0', '0', '0', '0', '0', '0', '0', '0', '0', '0', '0', '0', '0', '0', '0', '0', '0', '0', '0', '0', '0', '0', '0', '0', '0', '0', '0', '0', '0', '0', '0', '0', '0', '0', '0', '0', '0', '0', '0', '0', '0', '0', '0', '0', '0', '0', '0', '0', '0', '0', '0', '0', '0', '0', '0', '0', '0', '0', '0', '0', '0', '0', '0', '0', '0', '0', '0', '0', '0', '0', '0', '0', '0', '0', '0', '0', '0', '0', '0', '0', '0', '0', '0', '0', '0', '0', '0', '0', '0', '0', '0', '0', '0', '0', '0', '0', '0', '0', '0', '0', '0', '0', '0', '0', '0', '0', '0', '0', '0', '0', '0', '0', '0', '0', '0', '0', '0', '0', '0', '0', '0', '0', '0', '0', '0', '0', '0', '0', '0', '0', '0', '0', '0', '0', '0', '0', '0', '0', '0', '0', '0', '0', '0', '0', '0', '0', '0', '0', '0', '0', '0', '0', '0', '0', '0', '0', '0', '0', '0', '0', '0', '0', '0', '0', '0', '0', '0', '0', '0', '0', '0', '0', '0', '0', '0', '0', '0', '0', '0', '0', '0', '0', '0', '0', '0', '0', '0', '0', '0', '0', '0', '0', '0', '0', '0', '0', '0', '0', '0', '0', '0', '0', '0', '0', '0', '0', '0', '0', '0', '0', '0', '0', '0', '0', '0', '0', '0', '0', '0', '0', '0', '0', '0', '0', '0', '0', '0', '0', '0', '0', '0', '0', '0', '0', '0', '0', '0', '0', '0', '0', '0', '0', '0', '0', '0', '0', '0', '0', '0', '0', '0', '0', '0', '0', '0', '0', '0', '0', '0', '0', '0', '0', '0', '0', '0', '0', '0', '0', '0', '0', '0', '0', '0', '0', '0', '0', '0', '0', '0', '0', '0', '0', '0', '0', '0', '0', '0', '0', '0', '0', '0', '0', '0', '0', '0', '0', '0', '0', '0', '0', '0', '0', '0', '0', '0', '0', '0', '0', '0', '0', '0', '0', '0', '0', '0', '0', '0', '0', '0', '0', '0', '0', '0', '0', '0', '0', '0', '0', '0', '0', '0', '0', '0', '0', '0', '0', '0', '0', '0', '0', '0', '0', '0', '0', '0', '0', '0', '0', '0', '0', '0', '0', '0', '0', '0', '0', '0', '0', '0', '0', '0', '0', '0', '0', '0', '0', '0', '0', '0', '0', '0', '0', '0', '0', '0', '0', '0', '0', '0', '0', '0', '0', '0', '0', '0', '0', '0', '0', '0', '0', '0', '0', '0', '0', '0', '0', '0', '0', '0', '0', '0', '0', '0', '0', '0', '0', '0', '0', '0', '0', '0', '0', '0', '0', '0', '0', '0', '0', '0', '0', '0', '0', '0', '0', '0', '0', '0', '0', '0', '0', '0', '0', '0', '0', '0', '0', '0', '0', '0', '0', '0', '0', '0', '0', '0', '0', '0', '0', '0', '0', '0', '0', '0', '0', '0', '0', '0', '0', '0', '0', '0', '0', '0', '0', '0', '0', '0', '0', '0', '0', '0', '0', '0', '0', '0', '0', '0', '0', '0', '0', '0', '0', '0', '0', '0', '0', '0', '0', '0', '0', '0', '0', '0', '0', '0', '0', '0', '0', '0', '0', '0', '0', '0', '0', '0', '0', '0', '0', '0', '0', '0', '0', '0', '0', '0', '0', '0', '0', '0', '0', '0', '0', '0', '0', '0', '0', '0', '0', '0', '0', '0', '0', '0', '0', '0', '0', '0', '0', '0', '0', '0', '0', '0', '0', '0', '0', '0', '0', '0', '0', '0', '0', '0', '0', '0', '0', '0', '0', '0', '0', '0', '0', '0', '0', '0', '0', '0', '0', '0', '0', '0', '0', '0', '0', '0', '0', '0', '0', '0', '0', '0', '0', '0', '0', '0', '0', '0', '0', '0', '0', '0', '0', '0', '0', '0', '0', '0', '0', '0', '0', '0', '0', '0', '0', '0', '0', '0', '0', '0', '0', '0', '0', '0', '0', '0', '0', '0', '0', '0', '0', '0', '0', '0', '0', '0', '0', '0', '0', '0', '0', '0', '0', '0', '0', '0', '0', '0', '0', '0', '0', '0', '0', '0', '0', '0', '0', '0', '0', '0', '0', '0', '0', '0', '0', '0', '0', '0', '0', '0', '0', '0', '0', '0', '0', '0', '0', '0', '0', '0', '0', '0', '0', '0', '0', '0', '0', '0', '0', '0', '0', '0', '0', '0', '0', '0', '0', '0', '0', '0', '0', '0', '0', '0', '0', '0', '0', '0', '0', '0', '0', '0', '0', '0', '0', '0', '0', '0', '0', '0', '0', '0', '0', '0', '0', '0', '0', '0', '0', '0', '0', '0', '0', '0', '0', '0', '0', '0', '0', '0', '0', '0', '0', '0', '0', '0', '0', '0', '0', '0', '0', '0', '0', '0', '0', '0', '0', '0', '0', '0', '0', '0', '0', '0', '0', '0', '0', '0', '0', '0', '0', '0', '0', '0', '0', '0', '0', '0', '0', '0', '0', '0', '0', '0', '0', '0', '0', '0', '0', '0', '0', '0', '0', '0', '0', '0', '0', '0', '0', '0', '0', '0', '0', '0', '0', '0', '0', '0', '0', '0', '0', '0', '0', '0', '0', '0', '0', '0', '0', '0', '0', '0', '0', '0', '0', '0', '0', '0', '0', '0', '0', '0', '0', '0', '0', '0', '0', '0', '0', '0', '0', '0', '0', '0', '0', '0', '0', '0', '0', '0', '0', '0', '0', '0', '0', '0', '0', '0', '0', '0', '0', '0', '0', '0', '0', '0', '0', '0', '0', '0', '0', '0', '0', '0', '0', '0', '0', '0', '0', '0', '0', '0', '0', '0', '0', '0', '0', '0', '0', '0', '0', '0', '0', '0', '0', '0', '0', '0', '0', '0', '0', '0', '0', '0', '0', '0', '0', '0', '0', '0', '0', '0', '0', '0', '0', '0', '0', '0', '0', '0', '0', '0', '0', '0', '0', '0', '0', '0', '0', '0', '0', '0', '0', '0', '0', '0', '0', '0', '0', '0', '0', '0', '0', '0', '0', '0', '0', '0', '0', '0', '0', '0', '0', '0', '0', '0', '0', '0', '0', '0', '0', '0', '0', '0', '0', '0', '0', '0', '0', '0', '0', '0', '0', '0', '0', '0', '0', '0', '0', '0', '0', '0', '0', '0', '0', '0', '0', '0', '0', '0', '0', '0', '0', '0', '0', '0', '0', '0', '0', '0', '0', '0', '0', '0', '0', '0', '0', '0', '0', '0', '0', '0', '0', '0', '0', '0', '0', '0', '0', '0', '0', '0', '0', '0', '0', '0', '0', '0', '0', '0', '0', '0', '0', '0', '0', '0', '0', '0', '0', '0', '0', '0', '0', '0', '0', '0', '0', '0', '0', '0', '0', '0', '0', '0', '0', '0', '0', '0', '0', '0', '0', '0', '0', '0', '0', '0', '0', '0', '0', '0', '0', '0', '0', '0', '0', '0', '0', '0', '0', '0', '0', '0', '0', '0', '0', '0', '0', '0', '0', '0', '0', '0', '0', '0', '0', '0', '0', '0', '0', '0', '0', '0', '0', '0', '0', '0', '0', '0', '0', '0', '0', '0', '0', '0', '0', '0', '0', '0', '0', '0', '0', '0', '0', '0', '0', '0', '0', '0', '0', '0', '0', '0', '0', '0', '0', '0', '0', '0', '0', '0', '0', '0', '0', '0', '0', '0', '0', '0', '0', '0', '0', '0', '0', '0', '0', '0', '0', '0', '0', '0', '0', '0', '0', '0', '0', '0', '0', '0', '0', '0', '0', '0', '0', '0', '0', '0', '0', '0', '0', '0', '0', '0', '0', '0', '0', '0', '0', '0', '0', '0', '0', '0', '0', '0', '0', '0', '0', '0', '0', '0', '0', '0', '0', '0', '0', '0', '0', '0', '0', '0', '0', '0', '0', '0', '0', '0', '0', '0', '0', '0', '0', '0', '0', '0', '0', '0', '0', '0', '0', '0', '0', '0', '0', '0', '0', '0', '0', '0', '0', '0', '0', '0', '0', '0', '0', '0', '0', '0', '0', '0', '0', '0', '0', '0', '0', '0', '0', '0', '0', '0', '0', '0', '0', '0', '0', '0', '0', '0', '0', '0', '0', '0', '0', '0', '0', '0', '0', '0', '0', '0', '0', '0', '0', '0', '0', '0', '0', '0', '0', '0', '0', '0', '0', '0', '0', '0', '0', '0', '0', '0', '0', '0', '0', '0', '0', '0', '0', '0', '0', '0', '0', '0', '0', '0', '0', '0', '0', '0', '0', '0', '0', '0', '0', '0', '0', '0', '0', '0', '0', '0', '0', '0', '0', '0', '0', '0', '0', '0', '0', '0', '0', '0', '0', '0', '0', '0', '0', '0', '0', '0', '0', '0', '0', '0', '0', '0', '0', '0', '0', '0', '0', '0', '0', '0', '0', '0', '0', '0', '0', '0', '0', '0', '0', '0', '0', '0', '0', '0', '0', '0', '0', '0', '0', '0', '0', '0', '0', '0', '0', '0', '0', '0', '0', '0', '0', '0', '0', '0', '0', '0', '0', '0', '0', '0', '0', '0', '0', '0', '0', '0', '0', '0', '0', '0', '0', '0', '0', '0', '0', '0', '0', '0', '0', '0', '0', '0', '0', '0', '0', '0', '0', '0', '0', '0', '0', '0', '0', '0', '0', '0', '0', '0', '0', '0', '0', '0', '0', '0', '0', '0', '0', '0', '0', '0', '0', '0', '0', '0', '0', '0', '0', '0', '0', '0', '0', '0', '0', '0', '0', '0', '0', '0', '0', '0', '0', '0', '0', '0', '0', '0', '0', '0', '0', '0', '0', '0', '0', '0', '0', '0', '0', '0', '0', '0', '0', '0', '0', '0', '0', '0', '0', '0', '0', '0', '0', '0', '0', '0', '0', '0', '0', '0', '0', '0', '0', '0', '0', '0', '0', '0', '0', '0', '0', '0', '0', '0', '0', '0', '0', '0', '0', '0', '0', '0', '0', '0', '0', '0', '0', '0', '0', '0', '0', '0', '0', '0', '0', '0', '0', '0', '0', '0', '0', '0', '0', '0', '0', '0', '0', '0', '0', '0', '0', '0', '0', '0', '0', '0', '0', '0', '0', '0', '0', '0', '0', '0', '0', '0', '0', '0', '0', '0', '0', '0', '0', '0', '0', '0', '0', '0', '0', '0', '0', '0', '0', '0', '0', '0', '0', '0', '0', '0', '0', '0', '0', '0', '0', '0', '0', '0', '0', '0', '0', '0', '0', '0', '0', '0', '0', '0', '0', '0', '0', '0', '0', '0', '0', '0', '0', '0', '0', '0', '0', '0', '0', '0', '0', '0', '0', '0', '0', '0', '0', '0', '0', '0', '0', '0', '0', '0', '0', '0', '0', '0', '0', '0', '0', '0', '0', '0', '0', '0', '0', '0', '0', '0', '0', '0', '0', '0', '0', '0', '0', '0', '0', '0', '0', '0', '0', '0', '0', '0', '0', '0', '0', '0', '0', '0', '0', '0', '0', '0', '0', '0', '0', '0', '0', '0', '0', '0', '0', '0', '0', '0', '0', '0', '0', '0', '0', '0', '0', '0', '0', '0', '0', '0', '0', '0', '0', '0', '0', '0', '0', '0', '0', '0', '0', '0', '0', '0', '0', '0', '0', '0', '0', '0', '0', '0', '0', '0', '0', '0', '0', '0', '0', '0', '0', '0', '0', '0', '0', '0', '0', '0', '0', '0', '0', '0', '0', '0', '0', '0', '0', '0', '0', '0', '0', '0', '0', '0', '0', '0', '0', '0', '0', '0', '0', '0', '0', '0', '0', '0', '0', '0', '0', '0', '0', '0', '0', '0', '0', '0', '0', '0', '0', '0', '0', '0', '0', '0', '0', '0', '0', '0', '0', '0', '0', '0', '0', '0', '0', '0', '0', '0', '0', '0', '0', '0', '0', '0', '0', '0', '0', '0', '0', '0', '0', '0', '0', '0', '0', '0', '0', '0', '0', '0', '0', '0', '0', '0', '0', '0', '0', '0', '0', '0', '0', '0', '0', '0', '0', '0', '0', '0', '0', '0', '0', '0', '0', '0', '0', '0', '0', '0', '0', '0', '0', '0', '0', '0', '0', '0', '0', '0', '0', '0', '0', '0', '0', '0', '0', '0', '0', '0', '0', '0', '0', '0', '0', '0', '0', '0', '0', '0', '0', '0', '0', '0', '0', '0', '0', '0', '0', '0', '0', '0', '0', '0', '0', '0', '0', '0', '0', '0', '0', '0', '0', '0', '0', '0', '0', '0', '0', '0', '0', '0', '0', '0', '0', '0', '0', '0', '0', '0', '0', '0', '0', '0', '0', '0', '0', '0', '0', '0', '0', '0', '0', '0', '0', '0', '0', '0', '0', '0', '0', '0', '0', '0', '0', '0', '0', '0', '0', '0', '0', '0', '0', '0', '0', '0', '0', '0', '0', '0', '0', '0', '0', '0', '0', '0', '0', '0', '0', '0', '0', '0', '0', '0', '0', '0', '0', '0', '0', '0', '0', '0', '0', '0', '0', '0', '0', '0', '0', '0', '0', '0', '0', '0', '0', '0', '0', '0', '0', '0', '0', '0', '0', '0', '0', '0', '0', '0', '0', '0', '0', '0', '0', '0', '0', '0', '0', '0', '0', '0', '0', '0', '0', '0', '0', '0', '0', '0', '0', '0', '0', '0', '0', '0', '0', '0', '0', '0', '0', '0', '0', '0', '0', '0', '0', '0', '0', '0', '0', '0', '0', '0', '0', '0', '0', '0', '0', '0', '0', '0', '0', '0', '0', '0', '0', '0', '0', '0', '0', '0', '0', '0', '0', '0', '0', '0', '0', '0', '0', '0', '0', '0', '0', '0', '0', '0', '0', '0', '0', '0', '0', '0', '0', '0', '0', '0', '0', '0', '0', '0', '0', '0', '0', '0', '0', '0', '0', '0', '0', '0', '0', '0', '0', '0', '0', '0', '0', '0', '0', '0', '0', '0', '0', '0', '0', '0', '0', '0', '0', '0', '0', '0', '0', '0', '0', '0', '0', '0', '0', '0', '0', '0', '0', '0', '0', '0', '0', '0', '0', '0', '0', '0', '0', '0', '0', '0', '0', '0', '0', '0', '0', '0', '0', '0', '0', '0', '0', '0', '0', '0', '0', '0', '0', '0', '0', '0', '0', '0', '0', '0', '0', '0', '0', '0', '0', '0', '0', '0', '0', '0', '0', '0', '0', '0', '0', '0', '0', '0', '0', '0', '0', '0', '0', '0', '0', '0', '0', '0', '0', '0', '0', '0', '0', '0', '0', '0', '0', '0', '0', '0', '0', '0', '0', '0', '0', '0', '0', '0', '0', '0', '0', '0', '0', '0', '0', '0', '0', '0', '0', '0', '0', '0', '0', '0', '0', '0', '0', '0', '0', '0', '0', '0', '0', '0', '0', '0', '0', '0', '0', '0', '0', '0', '0', '0', '0', '0', '0', '0', '0', '0', '0', '0', '0', '0', '0', '0', '0', '0', '0', '0', '0', '0', '0', '0', '0', '0', '0', '0', '0', '0', '0', '0', '0', '0', '0', '0', '0', '0', '0', '0', '0', '0', '0', '0', '0', '0', '0', '0', '0', '0', '0', '0', '0', '0', '0', '0', '0', '0', '0', '0', '0', '0', '0', '0', '0', '0', '0', '0', '0', '0', '0', '0', '0', '0', '0', '0', '0', '0', '0', '0', '0', '0', '0', '0', '0', '0', '0', '0', '0', '0', '0', '0', '0', '0', '0', '0', '0', '0', '0', '0', '0', '0', '0', '0', '0', '0', '0', '0', '0', '0', '0', '0', '0', '0', '0', '0', '0', '0', '0', '0', '0', '0', '0', '0', '0', '0', '0', '0', '0', '0', '0', '0', '0', '0', '0', '0', '0', '0', '0', '0', '0', '0', '0', '0', '0', '0', '0', '0', '0', '0', '0', '0', '0', '0', '0', '0', '0', '0', '0', '0', '0', '0', '0', '0', '0', '0', '0', '0', '0', '0', '0', '0', '0', '0', '0', '0', '0', '0', '0', '0', '0', '0', '0', '0', '0', '0', '0', '0', '0', '0', '0', '0', '0', '0', '0', '0', '0', '0', '0', '0', '0', '0', '0', '0', '0', '0', '0', '0', '0', '0', '0', '0', '0', '0', '0', '0', '0', '0', '0', '0', '0', '0', '0', '0', '0', '0', '0', '0', '0', '0', '0', '0', '0', '0', '0', '0', '0', '0', '0', '0', '0', '0', '0', '0', '0', '0', '0', '0', '0', '0', '0', '0', '0', '0', '0', '0', '0', '0', '0', '0', '0', '0', '0', '0', '0', '0', '0', '0', '0', '0', '0', '0', '0', '0', '0', '0', '0', '0', '0', '0', '0', '0', '0', '0', '0', '0', '0', '0', '0', '0', '0', '0', '0', '0', '0', '0', '0', '0', '0', '0', '0', '0', '0', '0', '0', '0', '0', '0', '0', '0', '0', '0', '0', '0', '0', '0', '0', '0', '0', '0', '0', '0', '0', '0', '0', '0', '0', '0', '0', '0', '0', '0', '0', '0', '0', '0', '0', '0', '0', '0', '0', '0', '0', '0', '0', '0', '0', '0', '0', '0', '0', '0', '0', '0', '0', '0', '0', '0', '0', '0', '0', '0', '0', '0', '0', '0', '0', '0', '0', '0', '0', '0', '0', '0', '0', '0', '0', '0', '0', '0', '0', '0', '0', '0', '0', '0', '0', '0', '0', '0', '0', '0', '0', '0', '0', '0', '0', '0', '0', '0', '0', '0', '0', '0', '0', '0', '0', '0', '0', '0', '0', '0', '0', '0', '0', '0', '0', '0', '0', '0', '0', '0', '0', '0', '0', '0', '0', '0', '0', '0', '0', '0', '0', '0', '0', '0', '0', '0', '0', '0', '0', '0', '0', '0', '0', '0', '0', '0', '0', '0', '0', '0', '0', '0', '0', '0', '0', '0', '0', '0', '0', '0', '0', '0', '0', '0', '0', '0', '0', '0', '0', '0', '0', '0', '0', '0', '0', '0', '0', '0', '0', '0', '0', '0', '0', '0', '0', '0', '0', '0', '0', '0', '0', '0', '0', '0', '0', '0', '0', '0', '0', '0', '0', '0', '0', '0', '0', '0', '0', '0', '0', '0', '0', '0', '0', '0', '0', '0', '0', '0', '0', '0', '0', '0', '0', '0', '0', '0', '0', '0', '0', '0', '0', '0', '0', '0', '0', '0', '0', '0', '0', '0', '0', '0', '0', '0', '0', '0', '0', '0', '0', '0', '0', '0', '0', '0', '0', '0', '0', '0', '0', '0', '0', '0', '0', '0', '0', '0', '0', '0', '0', '0', '0', '0', '0', '0', '0', '0', '0', '0', '0', '0', '0', '0', '0', '0', '0', '0', '0', '0', '0', '0', '0', '0', '0', '0', '0', '0', '0', '0', '0', '0', '0', '0', '0', '0', '0', '0', '0', '0', '0', '0', '0', '0', '0', '0', '0', '0', '0', '0', '0', '0', '0', '0', '0', '0', '0', '0', '0', '0', '0', '0', '0', '0', '0', '0', '0', '0', '0', '0', '0', '0', '0', '0', '0', '0', '0', '0', '0', '0', '0', '0', '0', '0', '0', '0', '0', '0', '0', '0', '0', '0', '0', '0', '0', '0', '0', '0', '0', '0', '0', '0', '0', '0', '0', '0', '0', '0', '0', '0', '0', '0', '0', '0', '0', '0', '0', '0', '0', '0', '0', '0', '0', '0', '0', '0', '0', '0', '0', '0', '0', '0', '0', '0', '0', '0', '0', '0', '0', '0', '0', '0', '0', '0', '0', '0', '0', '0', '0', '0', '0', '0', '0', '0', '0', '0', '0', '0', '0', '0', '0', '0', '0', '0', '0', '0', '0', '0', '0', '0', '0', '0', '0', '0', '0', '0', '0', '0', '0', '0', '0', '0', '0', '0', '0', '0', '0', '0', '0', '0', '0', '0', '0', '0', '0', '0', '0', '0', '0', '0', '0', '0', '0', '0', '0', '0', '0', '0', '0', '0', '0', '0', '0', '0', '0', '0', '0', '0', '0', '0', '0', '0', '0', '0', '0', '0', '0', '0', '0', '0', '0', '0', '0', '0', '0', '0', '0', '0', '0', '0', '0', '0', '0', '0', '0', '0', '0', '0', '0', '0', '0', '0', '0', '0', '0', '0', '0', '0', '0', '0', '0', '0', '0', '0', '0', '0', '0', '0', '0', '0', '0', '0', '0', '0', '0', '0', '0', '0', '0', '0', '0', '0', '0', '0', '0', '0', '0', '0', '0', '0', '0', '0', '0', '0', '0', '0', '0', '0', '0', '0', '0', '0', '0', '0', '0', '0', '0', '0', '0', '0', '0', '0', '0', '0', '0', '0', '0', '0', '0', '0', '0', '0', '0', '0', '0', '0', '0', '0', '0', '0', '0', '0', '0', '0', '0', '0', '0', '0', '0', '0', '0', '0', '0', '0', '0', '0', '0', '0', '0', '0', '0', '0', '0', '0', '0', '0', '0', '0', '0', '0', '0', '0', '0', '0', '0', '0', '0', '0', '0', '0', '0', '0', '0', '0', '0', '0', '0', '0', '0', '0', '0', '0', '0', '0', '0', '0', '0', '0', '0', '0', '0', '0', '0', '0', '0', '0', '0', '0', '0', '0', '0', '0', '0', '0', '0', '0', '0', '0', '0', '0', '0', '0', '0', '0', '0', '0', '0', '0', '0', '0', '0', '0', '0', '0', '0', '0', '0', '0', '0', '0', '0', '0', '0', '0', '0', '0', '0', '0', '0', '0', '0', '0', '0', '0', '0', '0', '0', '0', '0', '0', '0', '0', '0', '0', '0', '0', '0', '0', '0', '0', '0', '0', '0', '0', '0', '0', '0', '0', '0', '0', '0', '0', '0', '0', '0', '0', '0', '0', '0', '0', '0', '0', '0', '0', '0', '0', '0', '0', '0', '0', '0', '0', '0', '0', '0', '0', '0', '0', '0', '0', '0', '0', '0', '0', '0', '0', '0', '0', '0', '0', '0', '0', '0', '0', '0', '0', '0', '0', '0', '0', '0', '0', '0', '0', '0', '0', '0', '0', '0', '0', '0', '0', '0', '0', '0', '0', '0', '0', '0', '0', '0', '0', '0', '0', '0', '0', '0', '0', '0', '0', '0', '0', '0', '0', '0', '0', '0', '0', '0', '0', '0', '0', '0', '0', '0', '0', '0', '0', '0', '0', '0', '0', '0', '0', '0', '0', '0', '0', '0', '0', '0', '0', '0', '0', '0', '0', '0', '0', '0', '0', '0', '0', '0', '0', '0', '0', '0', '0', '0', '0', '0', '0', '0', '0', '0', '0', '0', '0', '0', '0', '0', '0', '0', '0', '0', '0', '0', '0', '0', '0', '0', '0', '0', '0', '0', '0', '0', '0', '0', '0', '0', '0', '0', '0', '0', '0', '0', '0', '0', '0', '0', '0', '0', '0', '0', '0', '0', '0', '0', '0', '0', '0', '0', '0', '0', '0', '0', '0', '0', '0', '0', '0', '0', '0', '0', '0', '0', '0', '0', '0', '0', '0', '0', '0', '0', '0', '0', '0', '0', '0', '0', '0', '0', '0', '0', '0', '0', '0', '0', '0', '0', '0', '0', '0', '0', '0', '0', '0', '0', '0', '0', '0', '0', '0', '0', '0', '0', '0', '0', '0', '0', '0', '0', '0', '0', '0', '0', '0', '0', '0', '0', '0', '0', '0', '0', '0', '0', '0', '0', '0', '0', '0', '0', '0', '0', '0', '0', '0', '0', '0', '0', '0', '0', '0', '0', '0', '0', '0', '0', '0', '0', '0', '0', '0', '0', '0', '0', '0', '0', '0', '0', '0', '0', '0', '0', '0', '0', '0', '0', '0', '0', '0', '0', '0', '0', '0', '0', '0', '0', '0', '0', '0', '0', '0', '0', '0', '0', '0', '0', '0', '0', '0', '0', '0', '0', '0', '0', '0', '0', '0', '0', '0', '0', '0', '0', '0', '0', '0', '0', '0', '0', '0', '0', '0', '0', '0', '0', '0', '0', '0', '0', '0', '0', '0', '0', '0', '0', '0', '0', '0', '0', '0', '0', '0', '0', '0', '0', '0', '0', '0', '0', '0', '0', '0', '0', '0', '0', '0', '0', '0', '0', '0', '0', '0', '0', '0', '0', '0', '0', '0', '0', '0', '0', '0', '0', '0', '0', '0', '0', '0', '0', '0', '0', '0', '0', '0', '0', '0', '0', '0', '0', '0', '0', '0', '0', '0', '0', '0', '0', '0', '0', '0', '0', '0', '0', '0', '0', '0', '0', '0', '0', '0', '0', '0', '0', '0', '0', '0', '0', '0', '0', '0', '0', '0', '0', '0', '0', '0', '0', '0', '0', '0', '0', '0', '0', '0', '0', '0', '0', '0', '0', '0', '0', '0', '0', '0', '0', '0', '0', '0', '0', '0', '0', '0', '0', '0', '0', '0', '0', '0', '0', '0', '0', '0', '0', '0', '0', '0', '0', '0', '0', '0', '0', '0', '0', '0', '0', '0', '0', '0', '0', '0', '0', '0', '0', '0', '0', '0', '0', '0', '0', '0', '0', '0', '0', '0', '0', '0', '0', '0', '0', '0', '0', '0', '0', '0', '0', '0', '0', '0', '0', '0', '0', '0', '0', '0', '0', '0', '0', '0', '0', '0', '0', '0', '0', '0', '0', '0', '0', '0', '0', '0', '0', '0', '0', '0', '0', '0', '0', '0', '0', '0', '0', '0', '0', '0', '0', '0', '0', '0', '0', '0', '0', '0', '0', '0', '0', '0', '0', '0', '0', '0', '0', '0', '0', '0', '0', '0', '0', '0', '0', '0', '0', '0', '0', '0', '0', '0', '0', '0', '0', '0', '0', '0', '0', '0', '0', '0', '0', '0', '0', '0', '0', '0', '0', '0', '0', '0', '0', '0', '0', '0', '0', '0', '0', '0', '0', '0', '0', '0', '0', '0', '0', '0', '0', '0', '0', '0', '0', '0', '0', '0', '0', '0', '0', '0', '0', '0', '0', '0', '0', '0', '0', '0', '0', '0', '0', '0', '0', '0', '0', '0', '0', '0', '0', '0', '0', '0', '0', '0', '0', '0', '0', '0', '0', '0', '0', '0', '0', '0', '0', '0', '0', '0', '0', '0', '0', '0', '0', '0', '0', '0', '0', '0', '0', '0', '0', '0', '0', '0', '0', '0', '0', '0', '0', '0', '0', '0', '0', '0', '0', '0', '0', '0', '0', '0', '0', '0', '0', '0', '0', '0', '0', '0', '0', '0', '0', '0', '0', '0', '0', '0', '0', '0', '0', '0', '0', '0', '0', '0', '0', '0', '0', '0', '0', '0', '0', '0', '0', '0', '0', '0', '0', '0', '0', '0', '0', '0', '0', '0', '0', '0', '0', '0', '0', '0', '0', '0', '0', '0', '0', '0', '0', '0', '0', '0', '0', '0', '0', '0', '0', '0', '0', '0', '0', '0', '0', '0', '0', '0', '0', '0', '0', '0', '0', '0', '0', '0', '0', '0', '0', '0', '0', '0', '0', '0', '0', '0', '0', '0', '0', '0', '0', '0', '0', '0', '0', '0', '0', '0', '0', '0', '0', '0', '0', '0', '0', '0', '0', '0', '0', '0', '0', '0', '0', '0', '0', '0', '0', '0', '0', '0', '0', '0', '0', '0', '0', '0', '0', '0', '0', '0', '0', '0', '0', '0', '0', '0', '0', '0', '0', '0', '0', '0', '0', '0', '0', '0', '0', '0', '0', '0', '0', '0', '0', '0', '0', '0', '0', '0', '0', '0', '0', '0', '0', '0', '0', '0', '0', '0', '0', '0', '0', '0', '0', '0', '0', '0', '0', '0', '0', '0', '0', '0', '0', '0', '0', '0', '0', '0', '0', '0', '0', '0', '0', '0', '0', '0', '0', '0', '0', '0', '0', '0', '0', '0', '0', '0', '0', '0', '0', '0', '0', '0', '0', '0', '0', '0', '0', '0', '0', '0', '0', '0', '0', '0', '0', '0', '0', '0', '0', '0', '0', '0', '0', '0', '0', '0', '0', '0', '0', '0', '0', '0', '0', '0', '0', '0', '0', '0', '0', '0', '0', '0', '0', '0', '0', '0', '0', '0', '0', '0', '0', '0', '0', '0', '0', '0', '0', '0', '0', '0', '0', '0', '0', '0', '0', '0', '0', '0', '0', '0', '0', '0', '0', '0', '0', '0', '0', '0', '0', '0', '0', '0', '0', '0', '0', '0', '0', '0', '0', '0', '0', '0', '0', '0', '0', '0', '0', '0', '0', '0', '0', '0', '0', '0', '0', '0', '0', '0', '0', '0', '0', '0', '0', '0', '0', '0', '0', '0', '0', '0', '0', '0', '0', '0', '0', '0', '0', '0', '0', '0', '0', '0', '0', '0', '0', '0', '0', '0', '0', '0', '0', '0', '0', '0', '0', '0', '0', '0', '0', '0', '0', '0', '0', '0', '0', '0', '0', '0', '0', '0', '0', '0', '0', '0', '0', '0', '0', '0', '0', '0', '0', '0', '0', '0', '0', '0', '0', '0', '0', '0', '0', '0', '0', '0', '0', '0', '0', '0', '0', '0', '0', '0', '0', '0', '0', '0', '0', '0', '0', '0', '0', '0', '0', '0', '0', '0', '0', '0', '0', '0', '0', '0', '0', '0', '0', '0', '0', '0', '0', '0', '0', '0', '0', '0', '0', '0', '0', '0', '0', '0', '0', '0', '0', '0', '0', '0', '0', '0', '0', '0', '0', '0', '0', '0', '0', '0', '0', '0', '0', '0', '0', '0', '0', '0', '0', '0', '0', '0', '0', '0', '0', '0', '0', '0', '0', '0', '0', '0', '0', '0', '0', '0', '0', '0', '0', '0', '0', '0', '0', '0', '0', '0', '0', '0', '0', '0', '0', '0', '0', '0', '0', '0', '0', '0', '0', '0', '0', '0', '0', '0', '0', '0', '0', '0', '0', '0', '0', '0', '0', '0', '0', '0', '0', '0', '0', '0', '0', '0', '0', '0', '0', '0', '0', '0', '0', '0', '0', '0', '0', '0', '0', '0', '0', '0', '0', '0', '0', '0', '0', '0', '0', '0', '0', '0', '0', '0', '0', '0', '0', '0', '0', '0', '0', '0', '0', '0', '0', '0', '0', '0', '0', '0', '0', '0', '0', '0', '0', '0', '0', '0', '0', '0', '0', '0', '0', '0', '0', '0', '0', '0', '0', '0', '0', '0', '0', '0', '0', '0', '0', '0', '0', '0', '0', '0', '0', '0', '0', '0', '0', '0', '0', '0', '0', '0', '0', '0', '0', '0', '0', '0', '0', '0', '0', '0', '0', '0', '0', '0', '0', '0', '0', '0', '0', '0', '0', '0', '0', '0', '0', '0', '0', '0', '0', '0', '0', '0', '0', '0', '0', '0', '0', '0', '0', '0', '0', '0', '0', '0', '0', '0', '0', '0', '0', '0', '0', '0', '0', '0', '0', '0', '0', '0', '0', '0', '0', '0', '0', '0', '0', '0', '0', '0', '0', '0', '0', '0', '0', '0', '0', '0', '0', '0', '0', '0', '0', '0', '0', '0', '0', '0', '0', '0', '0', '0', '0', '0', '0', '0', '0', '0', '0', '0', '0', '0', '0', '0', '0', '0', '0', '0', '0', '0', '0', '0', '0', '0', '0', '0', '0', '0', '0', '0', '0', '0', '0', '0', '0', '0', '0', '0', '0', '0', '0', '0', '0', '0', '0', '0', '0', '0', '0', '0', '0', '0', '0', '0', '0', '0', '0', '0', '0', '0', '0', '0', '0', '0', '0', '0', '0', '0', '0', '0', '0', '0', '0', '0', '0', '0', '0', '0', '0', '0', '0', '0', '0', '0', '0', '0', '0', '0', '0', '0', '0', '0', '0', '0', '0', '0', '0', '0', '0', '0', '0', '0', '0', '0', '0', '0', '0', '0', '0', '0', '0', '0', '0', '0', '0', '0', '0', '0', '0', '0', '0', '0', '0', '0', '0', '0', '0', '0', '0', '0', '0', '0', '0', '0', '0', '0', '0', '0', '0', '0', '0', '0', '0', '0', '0', '0', '0', '0', '0', '0', '0', '0', '0', '0', '0', '0', '0', '0', '0', '0', '0', '0', '0', '0', '0', '0', '0', '0', '0', '0', '0', '0', '0', '0', '0', '0', '0', '0', '0', '0', '0', '0', '0', '0', '0', '0', '0', '0', '0', '0', '0', '0', '0', '0', '0', '0', '0', '0', '0', '0', '0', '0', '0', '0', '0', '0', '0', '0', '0', '0', '0', '0', '0', '0', '0', '0', '0', '0', '0', '0', '0', '0', '0', '0', '0', '0', '0', '0', '0', '0', '0', '0', '0', '0', '0', '0', '0', '0', '0', '0', '0', '0', '0', '0', '0', '0', '0', '0', '0', '0', '0', '0', '0', '0', '0', '0', '0', '0', '0', '0', '0', '0', '0', '0', '0', '0', '0', '0', '0', '0', '0', '0', '0', '0', '0', '0', '0', '0', '0', '0', '0', '0', '0', '0', '0', '0', '0', '0', '0', '0', '0', '0', '0', '0', '0', '0', '0', '0', '0', '0', '0', '0', '0', '0', '0', '0', '0', '0', '0', '0', '0', '0', '0', '0', '0', '0', '0', '0', '0', '0', '0', '0', '0', '0', '0', '0', '0', '0', '0', '0', '0', '0', '0', '0', '0', '0', '0', '0', '0', '0', '0', '0', '0', '0', '0', '0', '0', '0', '0', '0', '0', '0', '0', '0', '0', '0', '0', '0', '0', '0', '0', '0', '0', '0', '0', '0', '0', '0', '0', '0', '0', '0', '0', '0', '0', '0', '0', '0', '0', '0', '0', '0', '0', '0', '0', '0', '0', '0', '0', '0', '0', '0', '0', '0', '0', '0', '0', '0', '0', '0', '0', '0', '0', '0', '0', '0', '0', '0', '0', '0', '0', '0', '0', '0', '0', '0', '0', '0', '0', '0', '0', '0', '0', '0', '0', '0', '0', '0', '0', '0', '0', '0', '0', '0', '0', '0', '0', '0', '0', '0', '0', '0', '0', '0', '0', '0', '0', '0', '0', '0', '0', '0', '0', '0', '0', '0', '0', '0', '0', '0', '0', '0', '0', '0', '0', '0', '0', '0', '0', '0', '0', '0', '0', '0', '0', '0', '0', '0', '0', '0', '0', '0', '0', '0', '0', '0', '0', '0', '0', '0', '0', '0', '0', '0', '0', '0', '0', '0', '0', '0', '0', '0', '0', '0', '0', '0', '0', '0', '0', '0', '0', '0', '0', '0', '0', '0', '0', '0', '0', '0', '0', '0', '0', '0', '0', '0', '0', '0', '0', '0', '0', '0', '0', '0', '0', '0', '0', '0', '0', '0', '0', '0', '0', '0', '0', '0', '0', '0', '0', '0', '0', '0', '0', '0', '0', '0', '0', '0', '0', '0', '0', '0', '0', '0', '0', '0', '0', '0', '0', '0', '0', '0', '0', '0', '0', '0', '0', '0', '0', '0', '0', '0', '0', '0', '0', '0', '0', '0', '0', '0', '0', '0', '0', '0', '0', '0', '0', '0', '0', '0', '0', '0', '0', '0', '0', '0', '0', '0', '0', '0', '0', '0', '0', '0', '0', '0', '0', '0', '0', '0', '0', '0', '0', '0', '0', '0', '0', '0', '0', '0', '0', '0', '0', '0', '0', '0', '0', '0', '0', '0', '0', '0', '0', '0', '0', '0', '0', '0', '0', '0', '0', '0', '0', '0', '0', '0', '0', '0', '0', '0', '0', '0', '0', '0', '0', '0', '0', '0', '0', '0', '0', '0', '0', '0', '0', '0', '0', '0', '0', '0', '0', '0', '0', '0', '0', '0', '0', '0', '0', '0', '0', '0', '0', '0', '0', '0', '0', '0', '0', '0', '0', '0', '0', '0', '0', '0', '0', '0', '0', '0', '0', '0', '0', '0', '0', '0', '0', '0', '0', '0', '0', '0', '0', '0', '0', '0', '0', '0', '0', '0', '0', '0', '0', '0', '0', '0', '0', '0', '0', '0', '0', '0', '0', '0', '0', '0', '0', '0', '0', '0', '0', '0', '0', '0', '0', '0', '0', '0', '0', '0', '0', '0', '0', '0', '0', '0', '0', '0', '0', '0', '0', '0', '0', '0', '0', '0', '0', '0', '0', '0', '0', '0', '0', '0', '0', '0', '0', '0', '0', '0', '0', '0', '0', '0', '0', '0', '0', '0', '0', '0', '0', '0', '0', '0', '0', '0', '0', '0', '0', '0', '0', '0', '0', '0', '0', '0', '0', '0', '0', '0', '0', '0', '0', '0', '0', '0', '0', '0', '0', '0', '0', '0', '0', '0', '0', '0', '0', '0', '0', '0', '0', '0', '0', '0', '0', '0', '0', '0', '0', '0', '0', '0', '0', '0', '0', '0', '0', '0', '0', '0', '0', '0', '0', '0', '0', '0', '0', '0', '0', '0', '0', '0', '0', '0', '0', '0', '0', '0', '0', '0', '0', '0', '0', '0', '0', '0', '0', '0', '0', '0', '0', '0', '0', '0', '0', '0', '0', '0', '0', '0', '0', '0', '0', '0', '0', '0', '0', '0', '0', '0', '0', '0', '0', '0', '0', '0', '0', '0', '0', '0', '0', '0', '0', '0', '0', '0', '0', '0', '0', '0', '0', '0', '0', '0', '0', '0', '0', '0', '0', '0', '0', '0', '0', '0', '0', '0', '0', '0', '0', '0', '0', '0', '0', '0', '0', '0', '0', '0', '0', '0', '0', '0', '0', '0', '0', '0', '0', '0', '0', '0', '0', '0', '0', '0', '0', '0', '0', '0', '0', '0', '0', '0', '0', '0', '0', '0', '0', '0', '0', '0', '0', '0', '0', '0', '0', '0', '0', '0', '0', '0', '0', '0', '0', '0', '0', '0', '0', '0', '0', '0', '0', '0', '0', '0', '0', '0', '0', '0', '0', '0', '0', '0', '0', '0', '0', '0', '0', '0', '0', '0', '0', '0', '0', '0', '0', '0', '0', '0', '0', '0', '0', '0', '0', '0', '0', '0', '0', '0', '0', '0', '0', '0', '0', '0', '0', '0', '0', '0', '0', '0', '0', '0', '0', '0', '0', '0', '0', '0', '0', '0', '0', '0', '0', '0', '0', '0', '0', '0', '0', '0', '0', '0', '0', '0', '0', '0', '0', '0', '0', '0', '0', '0', '0', '0', '0', '0', '0', '0', '0', '0', '0', '0', '0', '0', '0', '0', '0', '0', '0', '0', '0', '0', '0', '0', '0', '0', '0', '0', '0', '0', '0', '0', '0', '0', '0', '0', '0', '0', '0', '0', '0', '0', '0', '0', '0', '0', '0', '0', '0', '0', '0', '0', '0', '0', '0', '0', '0', '0', '0', '0', '0', '0', '0', '0', '0', '0', '0', '0', '0', '0', '0', '0', '0', '0', '0', '0', '0', '0', '0', '0', '0', '0', '0', '0', '0', '0', '0', '0', '0', '0', '0', '0', '0', '0', '0', '0', '0', '0', '0', '0', '0', '0', '0', '0', '0', '0', '0', '0', '0', '0', '0', '0', '0', '0', '0', '0', '0', '0', '0', '0', '0', '0', '0', '0', '0', '0', '0', '0', '0', '0', '0', '0', '0', '0', '0', '0', '0', '0', '0', '0', '0', '0', '0', '0', '0', '0', '0', '0', '0', '0', '0', '0', '0', '0', '0', '0', '0', '0', '0', '0', '0', '0', '0', '0', '0', '0', '0', '0', '0', '0', '0', '0', '0', '0', '0', '0', '0', '0', '0', '0', '0', '0', '0', '0', '0', '0', '0', '0', '0', '0', '0', '0', '0', '0', '0', '0', '0', '0', '0', '0', '0', '0', '0', '0', '0', '0', '0', '0', '0', '0', '0', '0', '0', '0', '0', '0', '0', '0', '0', '0', '0', '0', '0', '0', '0', '0', '0', '0', '0', '0', '0', '0', '0', '0', '0', '0', '0', '0', '0', '0', '0', '0', '0', '0', '0', '0', '0', '0', '0', '0', '0', '0', '0', '0', '0', '0', '0', '0', '0', '0', '0', '0', '0', '0', '0', '0', '0', '0', '0', '0', '0', '0', '0', '0', '0', '0', '0', '0', '0', '0', '0', '0', '0', '0', '0', '0', '0', '0', '0', '0', '0', '0', '0', '0', '0', '0', '0', '0', '0', '0', '0', '0', '0', '0', '0', '0', '0', '0', '0', '0', '0', '0', '0', '0', '0', '0', '0', '0', '0', '0', '0', '0', '0', '0', '0', '0', '0', '0', '0', '0', '0', '0', '0', '0', '0', '0', '0', '0', '0', '0', '0', '0', '0', '0', '0', '0', '0', '0', '0', '0', '0', '0', '0', '0', '0', '0', '0', '0', '0', '0', '0', '0', '0', '0', '0', '0', '0', '0', '0', '0', '0', '0', '0', '0', '0', '0', '0', '0', '0', '0', '0', '0', '0', '0', '0', '0', '0', '0', '0', '0', '0', '0', '0', '0', '0', '0', '0', '0', '0', '0', '0', '0', '0', '0', '0', '0', '0', '0', '0', '0', '0', '0', '0', '0', '0', '0', '0', '0', '0', '0', '0', '0', '0', '0', '0', '0', '0', '0', '0', '0', '0', '0', '0', '0', '0', '0', '0', '0', '0', '0', '0', '0', '0', '0', '0', '0', '0', '0', '0', '0', '0', '0', '0', '0', '0', '0', '0', '0', '0', '0', '0', '0', '0', '0', '0', '0', '0', '0', '0', '0', '0', '0', '0', '0', '0', '0', '0', '0', '0', '0', '0', '0', '0', '0', '0', '0', '0', '0', '0', '0', '0', '0', '0', '0', '0', '0', '0', '0', '0', '0', '0', '0', '0', '0', '0', '0', '0', '0', '0', '0', '0', '0', '0', '0', '0', '0', '0', '0', '0', '0', '0', '0', '0', '0', '0', '0', '0', '0', '0', '0', '0', '0', '0', '0', '0', '0', '0', '0', '0', '0', '0', '0', '0', '0', '0', '0', '0', '0', '0', '0', '0', '0', '0', '0', '0', '0', '0', '0', '0', '0', '0', '0', '0', '0', '0', '0', '0', '0', '0', '0', '0', '0', '0', '0', '0', '0', '0', '0', '0', '0', '0', '0', '0', '0', '0', '0', '0', '0', '0', '0', '0', '0', '0', '0', '0', '0', '0', '0', '0', '0', '0', '0', '0', '0', '0', '0', '0', '0', '0', '0', '0', '0', '0', '0', '0', '0', '0', '0', '0', '0', '0', '0', '0', '0', '0', '0', '0', '0', '0', '0', '0', '0', '0', '0', '0', '0', '0', '0', '0', '0', '0', '0', '0', '0', '0', '0', '0', '0', '0', '0', '0', '0', '0', '0', '0', '0', '0', '0', '0', '0', '0', '0', '0', '0', '0', '0', '0', '0', '0', '0', '0', '0', '0', '0', '0', '0', '0', '0', '0', '0', '0', '0', '0', '0', '0', '0', '0', '0', '0', '0', '0', '0', '0', '0', '0', '0', '0', '0', '0', '0', '0', '0', '0', '0', '0', '0', '0', '0', '0', '0', '0', '0', '0', '0', '0', '0', '0', '0', '0', '0', '0', '0', '0', '0', '0', '0', '0', '0', '0', '0', '0', '0', '0', '0', '0', '0', '0', '0', '0', '0', '0', '0', '0', '0', '0', '0', '0', '0', '0', '0', '0', '0', '0', '0', '0', '0', '0', '0', '0', '0', '0', '0', '0', '0', '0', '0', '0', '0', '0', '0', '0', '0', '0', '0', '0', '0', '0', '0', '0', '0', '0', '0', '0', '0', '0', '0', '0', '0', '0', '0', '0', '0', '0', '0', '0', '0', '0', '0', '0', '0', '0', '0', '0', '0', '0', '0', '0', '0', '0', '0', '0', '0', '0', '0', '0', '0', '0', '0', '0', '0', '0', '0', '0', '0', '0', '0', '0', '0', '0', '0', '0', '0', '0', '0', '0', '0', '0', '0', '0', '0', '0', '0', '0', '0', '0', '0', '0', '0', '0', '0', '0', '0', '0', '0', '0', '0', '0', '0', '0', '0', '0', '0', '0', '0', '0', '0', '0', '0', '0', '0', '0', '0', '0', '0', '0', '0', '0', '0', '0', '0', '0', '0', '0', '0', '0', '0', '0', '0', '0', '0', '0', '0', '0', '0', '0', '0', '0', '0', '0', '0', '0', '0', '0', '0', '0', '0', '0', '0', '0', '0', '0', '0', '0', '0', '0', '0', '0', '0', '0', '0', '0', '0', '0', '0', '0', '0', '0', '0', '0', '0', '0', '0', '0', '0', '0', '0', '0', '0', '0', '0', '0', '0', '0', '0', '0', '0', '0', '0', '0', '0', '0', '0', '0', '0', '0', '0', '0', '0', '0', '0', '0', '0', '0', '0', '0', '0', '0', '0', '0', '0', '0', '0', '0', '0', '0', '0', '0', '0', '0', '0', '0', '0', '0', '0', '0', '0', '0', '0', '0', '0', '0', '0', '0', '0', '0', '0', '0', '0', '0', '0', '0', '0', '0', '0', '0', '0', '0', '0', '0', '0', '0', '0', '0', '0', '0', '0', '0', '0', '0', '0', '0', '0', '0', '0', '0', '0', '0', '0', '0', '0', '0', '0', '0', '0', '0', '0', '0', '0', '0', '0', '0', '0', '0', '0', '0', '0', '0', '0', '0', '0', '0', '0', '0', '0', '0', '0', '0', '0', '0', '0', '0', '0', '0', '0', '0', '0', '0', '0', '0', '0', '0', '0', '0', '0', '0', '0', '0', '0', '0', '0', '0', '0', '0', '0', '0', '0', '0', '0', '0', '0', '0', '0', '0', '0', '0', '0', '0', '0', '0', '0', '0', '0', '0', '0', '0', '0', '0', '0', '0', '0', '0', '0', '0', '0', '0', '0', '0', '0', '0', '0', '0', '0', '0', '0', '0', '0', '0', '0', '0', '0', '0', '0', '0', '0', '0', '0', '0', '0', '0', '0', '0', '0', '0', '0', '0', '0', '0', '0', '0', '0', '0', '0', '0', '0', '0', '0', '0', '0', '0', '0', '0', '0', '0', '0', '0', '0', '0', '0', '0', '0', '0', '0', '0', '0', '0', '0', '0', '0', '0', '0', '0', '0', '0', '0', '0', '0', '0', '0', '0', '0', '0', '0', '0', '0', '0', '0', '0', '0', '0', '0', '0', '0', '0', '0', '0', '0', '0', '0', '0', '0', '0', '0', '0', '0', '0', '0', '0', '0', '0', '0', '0', '0', '0', '0', '0', '0', '0', '0', '0', '0', '0', '0', '0', '0', '0', '0', '0', '0', '0', '0', '0', '0', '0', '0', '0', '0', '0', '0', '0', '0', '0', '0', '0', '0', '0', '0', '0', '0', '0', '0', '0', '0', '0', '0', '0', '0', '0', '0', '0', '0', '0', '0', '0', '0', '0', '0', '0', '0', '0', '0', '0', '0', '0', '0', '0', '0', '0', '0', '0', '0', '0', '0', '0', '0', '0', '0', '0', '0', '0', '0', '0', '0', '0', '0', '0', '0', '0', '0', '0', '0', '0', '0', '0', '0', '0', '0', '0', '0', '0', '0', '0', '0', '0', '0', '0', '0', '0', '0', '0', '0', '0', '0', '0', '0', '0', '0', '0', '0', '0', '0', '0', '0', '0', '0', '0', '0', '0', '0', '0', '0', '0', '0', '0', '0', '0', '0', '0', '0', '0', '0', '0', '0', '0', '0', '0', '0', '0', '0', '0', '0', '0', '0', '0', '0', '0', '0', '0', '0', '0', '0', '0', '0', '0', '0', '0', '0', '0', '0', '0', '0', '0', '0', '0', '0', '0', '0', '0', '0', '0', '0', '0', '0', '0', '0', '0', '0', '0', '0', '0', '0', '0', '0', '0', '0', '0', '0', '0', '0', '0', '0', '0', '0', '0', '0', '0', '0', '0', '0', '0', '0', '0', '0', '0', '0', '0', '0', '0', '0', '0', '0', '0', '0', '0', '0', '0', '0', '0', '0', '0', '0', '0', '0', '0', '0', '0', '0', '0', '0', '0', '0', '0', '0', '0', '0', '0', '0', '0', '0', '0', '0', '0', '0', '0', '0', '0', '0', '0', '0', '0', '0', '0', '0', '0', '0', '0', '0', '0', '0', '0', '0', '0', '0', '0', '0', '0', '0', '0', '0', '0', '0', '0', '0', '0', '0', '0', '0', '0', '0', '0', '0', '0', '0', '0', '0', '0', '0', '0', '0', '0', '0', '0', '0', '0', '0', '0', '0', '0', '0', '0', '0', '0', '0', '0', '0', '0', '0', '0', '0', '0', '0', '0', '0', '0', '0', '0', '0', '0', '0', '0', '0', '0', '0', '0', '0', '0', '0', '0', '0', '0', '0', '0', '0', '0', '0', '0', '0', '0', '0', '0', '0', '0', '0', '0', '0', '0', '0', '0', '0', '0', '0', '0', '0', '0', '0', '0', '0', '0', '0', '0', '0', '0', '0', '0', '0', '0', '0', '0', '0', '0', '0', '0', '0', '0', '0', '0', '0', '0', '0', '0', '0', '0', '0', '0', '0', '0', '0', '0', '0', '0', '0', '0', '0', '0', '0', '0', '0', '0', '0', '0', '0', '0', '0', '0', '0', '0', '0', '0', '0', '0', '0', '0', '0', '0', '0', '0', '0', '0', '0', '0', '0', '0', '0', '0', '0', '0', '0', '0', '0', '0', '0', '0', '0', '0', '0', '0', '0', '0', '0', '0', '0', '0', '0', '0', '0', '0', '0', '0', '0', '0', '0', '0', '0', '0', '0', '0', '0', '0', '0', '0', '0', '0', '0', '0', '0', '0', '0', '0', '0', '0', '0', '0', '0', '0', '0', '0', '0', '0', '0', '0', '0', '0', '0', '0', '0', '0', '0', '0', '0', '0', '0', '0', '0', '0', '0', '0', '0', '0', '0', '0', '0', '0', '0', '0', '0', '0', '0', '0', '0', '0', '0', '0', '0', '0', '0', '0', '0', '0', '0', '0', '0', '0', '0', '0', '0', '0', '0', '0', '0', '0', '0', '0', '0', '0', '0', '0', '0', '0', '0', '0', '0', '0', '0', '0', '0', '0', '0', '0', '0', '0', '0', '0', '0', '0', '0', '0', '0', '0', '0', '0', '0', '0', '0', '0', '0', '0', '0', '0', '0', '0', '0', '0', '0', '0', '0', '0', '0', '0', '0', '0', '0', '0', '0', '0', '0', '0', '0', '0', '0', '0', '0', '0', '0', '0', '0', '0', '0', '0', '0', '0', '0', '0', '0', '0', '0', '0', '0', '0', '0', '0', '0', '0', '0', '0', '0', '0', '0', '0', '0', '0', '0', '0', '0', '0', '0', '0', '0', '0', '0', '0', '0', '0', '0', '0', '0', '0', '0', '0', '0', '0', '0', '0', '0', '0', '0', '0', '0', '0', '0', '0', '0', '0', '0', '0', '0', '0', '0', '0', '0', '0', '0', '0', '0', '0', '0', '0', '0', '0', '0', '0', '0', '0', '0', '0', '0', '0', '0', '0', '0', '0', '0', '0', '0', '0', '0', '0', '0', '0', '0', '0', '0', '0', '0', '0', '0', '0', '0', '0', '0', '0', '0', '0', '0', '0', '0', '0', '0', '0', '0', '0', '0', '0', '0', '0', '0', '0', '0', '0', '0', '0', '0', '0', '0', '0', '0', '0', '0', '0', '0', '0', '0', '0', '0', '0', '0', '0', '0', '0', '0', '0', '0', '0', '0', '0', '0', '0', '0', '0', '0', '0', '0', '0', '0', '0', '0', '0', '0', '0', '0', '0', '0', '0', '0', '0', '0', '0', '0', '0', '0', '0', '0', '0', '0', '0', '0', '0', '0', '0', '0', '0', '0', '0', '0', '0', '0', '0', '0', '0', '0', '0', '0', '0', '0', '0', '0', '0', '0', '0', '0', '0', '0', '0', '0', '0', '0', '0', '0', '0', '0', '0', '0', '0', '0', '0', '0', '0', '0', '0', '0', '0', '0', '0', '0', '0', '0', '0', '0', '0', '0', '0', '0', '0', '0', '0', '0', '0', '0', '0', '0', '0', '0', '0', '0', '0', '0', '0', '0', '0', '0', '0', '0', '0', '0', '0', '0', '0', '0', '0', '0', '0', '0', '0', '0', '0', '0', '0', '0', '0', '0', '0', '0', '0', '0', '0', '0', '0', '0', '0', '0', '0', '0', '0', '0', '0', '0', '0', '0', '0', '0', '0', '0', '0', '0', '0', '0', '0', '0', '0', '0', '0', '0', '0', '0', '0', '0', '0', '0', '0', '0', '0', '0', '0', '0', '0', '0', '0', '0', '0', '0', '0', '0', '0', '0', '0', '0', '0', '0', '0', '0', '0', '0', '0', '0', '0', '0', '0', '0', '0', '0', '0', '0', '0', '0', '0', '0', '0', '0', '0', '0', '0', '0', '0', '0', '0', '0', '0', '0', '0', '0', '0', '0', '0', '0', '0', '0', '0', '0', '0', '0', '0', '0', '0', '0', '0', '0', '0', '0', '0', '0', '0', '0', '0', '0', '0', '0', '0', '0', '0', '0', '0', '0', '0', '0', '0', '0', '0', '0', '0', '0', '0', '0', '0', '0', '0', '0', '0', '0', '0', '0', '0', '0', '0', '0', '0', '0', '0', '0', '0', '0', '0', '0', '0', '0', '0', '0', '0', '0', '0', '0', '0', '0', '0', '0', '0', '0', '0', '0', '0', '0', '0', '0', '0', '0', '0', '0', '0', '0', '0', '0', '0', '0', '0', '0', '0', '0', '0', '0', '0', '0', '0', '0', '0', '0', '0', '0', '0', '0', '0', '0', '0', '0', '0', '0', '0', '0', '0', '0', '0', '0', '0', '0', '0', '0', '0', '0', '0', '0', '0', '0', '0', '0', '0', '0', '0', '0', '0', '0', '0', '0', '0', '0', '0', '0', '0', '0', '0', '0', '0', '0', '0', '0', '0', '0', '0', '0', '0', '0', '0', '0', '0', '0', '0', '0', '0', '0', '0', '0', '0', '0', '0', '0', '0', '0', '0', '0', '0', '0', '0', '0', '0', '0', '0', '0', '0', '0', '0', '0', '0', '0', '0', '0', '0', '0', '0', '0', '0', '0', '0', '0', '0', '0', '0', '0', '0', '0', '0', '0', '0', '0', '0', '0', '0', '0', '0', '0', '0', '0', '0', '0', '0', '0', '0', '0', '0', '0', '0', '0', '0', '0', '0', '0', '0', '0', '0', '0', '0', '0', '0', '0', '0', '0', '0', '0', '0', '0', '0', '0', '0', '0', '0', '0', '0', '0', '0', '0', '0', '0', '0', '0', '0', '0', '0', '0', '0', '0', '0', '0', '0', '0', '0', '0', '0', '0', '0', '0', '0', '0', '0', '0', '0', '0', '0', '0', '0', '0', '0', '0', '0', '0', '0', '0', '0', '0', '0', '0', '0', '0', '0', '0', '0', '0', '0', '0', '0', '0', '0', '0', '0', '0', '0', '0', '0', '0', '0', '0', '0', '0', '0', '0', '0', '0', '0', '0', '0', '0', '0', '0', '0', '0', '0', '0', '0', '0', '0', '0', '0', '0', '0', '0', '0', '0', '0', '0', '0', '0', '0', '0', '0', '0', '0', '0', '0', '0', '0', '0', '0', '0', '0', '0', '0', '0', '0', '0', '0', '0', '0', '0', '0', '0', '0', '0', '0', '0', '0', '0', '0', '0', '0', '0', '0', '0', '0', '0', '0', '0', '0', '0', '0', '0', '0', '0', '0', '0', '0', '0', '0', '0', '0', '0', '0', '0', '0', '0', '0', '0', '0', '0', '0', '0', '0', '0', '0', '0', '0', '0', '0', '0', '0', '0', '0', '0', '0', '0', '0', '0', '0', '0', '0', '0', '0', '0', '0', '0', '0', '0', '0', '0', '0', '0', '0', '0', '0', '0', '0', '0', '0', '0', '0', '0', '0', '0', '0', '0', '0', '0', '0', '0', '0', '0', '0', '0', '0', '0', '0', '0', '0', '0', '0', '0', '0', '0', '0', '0', '0', '0', '0', '0', '0', '0', '0', '0', '0', '0', '0', '0', '0', '0', '0', '0', '0', '0', '0', '0', '0', '0', '0', '0', '0', '0', '0', '0', '0', '0', '0', '0', '0', '0', '0', '0', '0', '0', '0', '0', '0', '0', '0', '0', '0', '0', '0', '0', '0', '0', '0', '0', '0', '0', '0', '0', '0', '0', '0', '0', '0', '0', '0', '0', '0', '0', '0', '0', '0', '0', '0', '0', '0', '0', '0', '0', '0', '0', '0', '0', '0', '0', '0', '0', '0', '0', '0', '0', '0', '0', '0', '0', '0', '0', '0', '0', '0', '0', '0', '0', '0', '0', '0', '0', '0', '0', '0', '0', '0', '0', '0', '0', '0', '0', '0', '0', '0', '0', '0', '0', '0', '0', '0', '0', '0', '0', '0', '0', '0', '0', '0', '0', '0', '0', '0', '0', '0', '0', '0', '0', '0', '0', '0', '0', '0', '0', '0', '0', '0', '0', '0', '0', '0', '0', '0', '0', '0', '0', '0', '0', '0', '0', '0', '0', '0', '0', '0', '0', '0', '0', '0', '0', '0', '0', '0', '0', '0', '0', '0', '0', '0', '0', '0', '0', '0', '0', '0', '0', '0', '0', '0', '0', '0', '0', '0', '0', '0', '0', '0', '0', '0', '0', '0', '0', '0', '0', '0', '0', '0', '0', '0', '0', '0', '0', '0', '0', '0', '0', '0', '0', '0', '0', '0', '0', '0', '0', '0', '0', '0', '0', '0', '0', '0', '0', '0', '0', '0', '0', '0', '0', '0', '0', '0', '0', '0', '0', '0', '0', '0', '0', '0', '0', '0', '0', '0', '0', '0', '0', '0', '0', '0', '0', '0', '0', '0', '0', '0', '0', '0', '0', '0', '0', '0', '0', '0', '0', '0', '0', '0', '0', '0', '0', '0', '0', '0', '0', '0', '0', '0', '0', '0', '0', '0', '0', '0', '0', '0', '0', '0', '0', '0', '0', '0', '0', '0', '0', '0', '0', '0', '0', '0', '0', '0', '0', '0', '0', '0', '0', '0', '0', '0', '0', '0', '0', '0', '0', '0', '0', '0', '0', '0', '0', '0', '0', '0', '0', '0', '0', '0', '0', '0', '0', '0', '0', '0', '0', '0', '0', '0', '0', '0', '0', '0', '0', '0', '0', '0', '0', '0', '0', '0', '0', '0', '0', '0', '0', '0', '0', '0', '0', '0', '0', '0', '0', '0', '0', '0', '0', '0', '0', '0', '0', '0', '0', '0', '0', '0', '0', '0', '0', '0', '0', '0', '0', '0', '0', '0', '0', '0', '0', '0', '0', '0', '0', '0', '0', '0', '0', '0', '0', '0', '0', '0', '0', '0', '0', '0', '0', '0', '0', '0', '0', '0', '0', '0', '0', '0', '0', '0', '0', '0', '0', '0', '0', '0', '0', '0', '0', '0', '0', '0', '0', '0', '0', '0', '0', '0', '0', '0', '0', '0', '0', '0', '0', '0', '0', '0', '0', '0', '0', '0', '0', '0', '0', '0', '0', '0', '0', '0', '0', '0', '0', '0', '0', '0', '0', '0', '0', '0', '0', '0', '0', '0', '0', '0', '0', '0', '0', '0', '0', '0', '0', '0', '0', '0', '0', '0', '0', '0', '0', '0', '0', '0', '0', '0', '0', '0', '0', '0', '0', '0', '0', '0', '0', '0', '0', '0', '0', '0', '0', '0', '0', '0', '0', '0', '0', '0', '0', '0', '0', '0', '0', '0', '0', '0', '0', '0', '0', '0', '0', '0', '0', '0', '0', '0', '0', '0', '0', '0', '0', '0', '0', '0', '0', '0', '0', '0', '0', '0', '0', '0', '0', '0', '0', '0', '0', '0', '0', '0', '0', '0', '0', '0', '0', '0', '0', '0', '0', '0', '0', '0', '0', '0', '0', '0', '0', '0', '0', '0', '0', '0', '0', '0', '0', '0', '0', '0', '0', '0', '0', '0', '0', '0', '0', '0', '0', '0', '0', '0', '0', '0', '0', '0', '0', '0', '0', '0', '0', '0', '0', '0', '0', '0', '0', '0', '0', '0', '0', '0', '0', '0', '0', '0', '0', '0', '0', '0', '0', '0', '0', '0', '0', '0', '0', '0', '0', '0', '0', '0', '0', '0', '0', '0', '0', '0', '0', '0', '0', '0', '0', '0', '0', '0', '0', '0', '0', '0', '0', '0', '0', '0', '0', '0', '0', '0', '0', '0', '0', '0', '0', '0', '0', '0', '0', '0', '0', '0', '0', '0', '0', '0', '0', '0', '0', '0', '0', '0', '0', '0', '0', '0', '0', '0', '0', '0', '0', '0', '0', '0', '0', '0', '0', '0', '0', '0', '0', '0', '0', '0', '0', '0', '0', '0', '0', '0', '0', '0', '0', '0', '0', '0', '0', '0', '0', '0', '0', '0', '0', '0', '0', '0', '0', '0', '0', '0', '0', '0', '0', '0', '0', '0', '0', '0', '0', '0', '0', '0', '0', '0', '0', '0', '0', '0', '0', '0', '0', '0', '0', '0', '0', '0', '0', '0', '0', '0', '0', '0', '0', '0', '0', '0', '0', '0', '0', '0', '0', '0', '0', '0', '0', '0', '0', '0', '0', '0', '0', '0', '0', '0', '0', '0', '0', '0', '0', '0', '0', '0', '0', '0', '0', '0', '0', '0', '0', '0', '0', '0', '0', '0', '0', '0', '0', '0', '0', '0', '0', '0', '0', '0', '0', '0', '0', '0', '0', '0', '0', '0', '0', '0', '0', '0', '0', '0', '0', '0', '0', '0', '0', '0', '0', '0', '0', '0', '0', '0', '0', '0', '0', '0', '0', '0', '0', '0', '0', '0', '0', '0', '0', '0', '0', '0', '0', '0', '0', '0', '0', '0', '0', '0', '0', '0', '0', '0', '0', '0', '0', '0', '0', '0', '0', '0', '0', '0', '0', '0', '0', '0', '0', '0', '0', '0', '0', '0', '0', '0', '0', '0', '0', '0', '0', '0', '0', '0', '0', '0', '0', '0', '0', '0', '0', '0', '0', '0', '0', '0', '0', '0', '0', '0', '0', '0', '0', '0', '0', '0', '0', '0', '0', '0', '0', '0', '0', '0', '0', '0', '0', '0', '0', '0', '0', '0', '0', '0', '0', '0', '0', '0', '0', '0', '0', '0', '0', '0', '0', '0', '0', '0', '0', '0', '0', '0', '0', '0', '0', '0', '0', '0', '0', '0', '0', '0', '0', '0', '0', '0', '0', '0', '0', '0', '0', '0', '0', '0', '0', '0', '0', '0', '0', '0', '0', '0', '0', '0', '0', '0', '0', '0', '0', '0', '0', '0', '0', '0', '0', '0', '0', '0', '0', '0', '0', '0', '0', '0', '0', '0', '0', '0', '0', '0', '0', '0', '0', '0', '0', '0', '0', '0', '0', '0', '0', '0', '0', '0', '0', '0', '0', '0', '0', '0', '0', '0', '0', '0', '0', '0', '0', '0', '0', '0', '0', '0', '0', '0', '0', '0', '0', '0', '0', '0', '0', '0', '0', '0', '0', '0', '0', '0', '0', '0', '0', '0', '0', '0', '0', '0', '0', '0', '0', '0', '0', '0', '0', '0', '0', '0', '0', '0', '0', '0', '0', '0', '0', '0', '0', '0', '0', '0', '0', '0', '0', '0', '0', '0', '0', '0', '0', '0', '0', '0', '0', '0', '0', '0', '0', '0', '0', '0', '0', '0', '0', '0', '0', '0', '0', '0', '0', '0', '0', '0', '0', '0', '0', '0', '0', '0', '0', '0', '0', '0', '0', '0', '0', '0', '0', '0', '0', '0', '0', '0', '0', '0', '0', '0', '0', '0', '0', '0', '0', '0', '0', '0', '0', '0', '0', '0', '0', '0', '0', '0', '0', '0', '0', '0', '0', '0', '0', '0', '0', '0', '0', '0', '0', '0', '0', '0', '0', '0', '0', '0', '0', '0', '0', '0', '0', '0', '0', '0', '0', '0', '0', '0', '0', '0', '0', '0', '0', '0', '0', '0', '0', '0', '0', '0', '0', '0', '0', '0', '0', '0', '0', '0', '0', '0', '0', '0', '0', '0', '0', '0', '0', '0', '0', '0', '0', '0', '0', '0', '0', '0', '0', '0', '0', '0', '0', '0', '0', '0', '0', '0', '0', '0', '0', '0', '0', '0', '0', '0', '0', '0', '0', '0', '0', '0', '0', '0', '0', '0', '0', '0', '0', '0', '0', '0', '0', '0', '0', '0', '0', '0', '0', '0', '0', '0', '0', '0', '0', '0', '0', '0', '0', '0', '0', '0', '0', '0', '0', '0', '0', '0', '0', '0', '0', '0', '0', '0', '0', '0', '0', '0', '0', '0', '0', '0', '0', '0', '0', '0', '0', '0', '0', '0', '0', '0', '0', '0', '0', '0', '0', '0', '0', '0', '0', '0', '0', '0', '0', '0', '0', '0', '0', '0', '0', '0', '0', '0', '0', '0', '0', '0', '0', '0', '0', '0', '0', '0', '0', '0', '0', '0', '0', '0', '0', '0', '0', '0', '0', '0', '0', '0', '0', '0', '0', '0', '0', '0', '0', '0', '0', '0', '0', '0', '0', '0', '0', '0', '0', '0', '0', '0', '0', '0', '0', '0', '0', '0', '0', '0', '0', '0', '0', '0', '0', '0', '0', '0', '0', '0', '0', '0', '0', '0', '0', '0', '0', '0', '0', '0', '0', '0', '0', '0', '0', '0', '0', '0', '0', '0', '0', '0', '0', '0', '0', '0', '0', '0', '0', '0', '0', '0', '0', '0', '0', '0', '0', '0', '0', '0', '0', '0', '0', '0', '0', '0', '0', '0', '0', '0', '0', '0', '0', '0', '0', '0', '0', '0', '0', '0', '0', '0', '0', '0', '0', '0', '0', '0', '0', '0', '0', '0', '0', '0', '0', '0', '0', '0', '0', '0', '0', '0', '0', '0', '0', '0', '0', '0', '0', '0', '0', '0', '0', '0', '0', '0', '0', '0', '0', '0', '0', '0', '0', '0', '0', '0', '0', '0', '0', '0', '0', '0', '0', '0', '0', '0', '0', '0', '0', '0', '0', '0', '0', '0', '0', '0', '0', '0', '0', '0', '0', '0', '0', '0', '0', '0', '0', '0', '0', '0', '0', '0', '0', '0', '0', '0', '0', '0', '0', '0', '0', '0', '0', '0', '0', '0', '0', '0', '0', '0', '0', '0', '0', '0', '0', '0', '0', '0', '0', '0', '0', '0', '0', '0', '0', '0', '0', '0', '0', '0', '0', '0', '0', '0', '0', '0', '0', '0', '0', '0', '0', '0', '0', '0', '0', '0', '0', '0', '0', '0', '0', '0', '0', '0', '0', '0', '0', '0', '0', '0', '0', '0', '0', '0', '0', '0', '0', '0', '0', '0', '0', '0', '0', '0', '0', '0', '0', '0', '0', '0', '0', '0', '0', '0', '0', '0', '0', '0', '0', '0', '0', '0', '0', '0', '0', '0', '0', '0', '0', '0', '0', '0', '0', '0', '0', '0', '0', '0', '0', '0', '0', '0', '0', '0', '0', '0', '0', '0', '0', '0', '0', '0', '0', '0', '0', '0', '0', '0', '0', '0', '0', '0', '0', '0', '0', '0', '0', '0', '0', '0', '0', '0', '0', '0', '0', '0', '0', '0', '0', '0', '0', '0', '0', '0', '0', '0', '0', '0', '0', '0', '0', '0', '0', '0', '0', '0', '0', '0', '0', '0', '0', '0', '0', '0', '0', '0', '0', '0', '0', '0', '0', '0', '0', '0', '0', '0', '0', '0', '0', '0', '0', '0', '0', '0', '0', '0', '0', '0', '0', '0', '0', '0', '0', '0', '0', '0', '0', '0', '0', '0', '0', '0', '0', '0', '0', '0', '0', '0', '0', '0', '0', '0', '0', '0', '0', '0', '0', '0', '0', '0', '0', '0', '0', '0', '0', '0', '0', '0', '0', '0', '0', '0', '0', '0', '0', '0', '0', '0', '0', '0', '0', '0', '0', '0', '0', '0', '0', '0', '0', '0', '0', '0', '0', '0', '0', '0', '0', '0', '0', '0', '0', '0', '0', '0', '0', '0', '0', '0', '0', '0', '0', '0', '0', '0', '0', '0', '0', '0', '0', '0', '0', '0', '0', '0', '0', '0', '0', '0', '0', '0', '0', '0', '0', '0', '0', '0', '0', '0', '0', '0', '0', '0', '0', '0', '0', '0', '0', '0', '0', '0', '0', '0', '0', '0', '0', '0', '0', '0', '0', '0', '0', '0', '0', '0', '0', '0', '0', '0', '0', '0', '0', '0', '0', '0', '0', '0', '0', '0', '0', '0', '0', '0', '0', '0', '0', '0', '0', '0', '0', '0', '0', '0', '0', '0', '0', '0', '0', '0', '0', '0', '0', '0', '0', '0', '0', '0', '0', '0', '0', '0', '0', '0', '0', '0', '0', '0', '0', '0', '0', '0', '0', '0', '0', '0', '0', '0', '0', '0', '0', '0', '0', '0', '0', '0', '0', '0', '0', '0', '0', '0', '0', '0', '0', '0', '0', '0', '0', '0', '0', '0', '0', '0', '0', '0', '0', '0', '0', '0', '0', '0', '0', '0', '0', '0', '0', '0', '0', '0', '0', '0', '0', '0', '0', '0', '0', '0', '0', '0', '0', '0', '0', '0', '0', '0', '0', '0', '0', '0', '0', '0', '0', '0', '0', '0', '0', '0', '0', '0', '0', '0', '0', '0', '0', '0', '0', '0', '0', '0', '0', '0', '0', '0', '0', '0', '0', '0', '0', '0', '0', '0', '0', '0', '0', '0', '0', '0', '0', '0', '0', '0', '0', '0', '0', '0', '0', '0', '0', '0', '0', '0', '0', '0', '0', '0', '0', '0', '0', '0', '0', '0', '0', '0', '0', '0', '0', '0', '0', '0', '0', '0', '0', '0', '0', '0', '0', '0', '0', '0', '0', '0', '0', '0', '0', '0', '0', '0', '0', '0', '0', '0', '0', '0', '0', '0', '0', '0', '0', '0', '0', '0', '0', '0', '0', '0', '0', '0', '0', '0', '0', '0', '0', '0', '0', '0', '0', '0', '0', '0', '0', '0', '0', '0', '0', '0', '0', '0', '0', '0', '0', '0', '0', '0', '0', '0', '0', '0', '0', '0', '0', '0', '0', '0', '0', '0', '0', '0', '0', '0', '0', '0', '0', '0', '0', '0', '0', '0', '0', '0', '0', '0', '0', '0', '0', '0', '0', '0', '0', '0', '0', '0', '0', '0', '0', '0', '0', '0', '0', '0', '0', '0', '0', '0', '0', '0', '0', '0', '0', '0', '0', '0', '0', '0', '0', '0', '0', '0', '0', '0', '0', '0', '0', '0', '0', '0', '0', '0', '0', '0', '0', '0', '0', '0', '0', '0', '0', '0', '0', '0', '0', '0', '0', '0', '0', '0', '0', '0', '0', '0', '0', '0', '0', '0', '0', '0', '0', '0', '0', '0', '0', '0', '0', '0', '0', '0', '0', '0', '0', '0', '0', '0', '0', '0', '0', '0', '0', '0', '0', '0', '0', '0', '0', '0', '0', '0', '0', '0', '0', '0', '0', '0', '0', '0', '0', '0', '0', '0', '0', '0', '0', '0', '0', '0', '0', '0', '0', '0', '0', '0', '0', '0', '0', '0', '0', '0', '0', '0', '0', '0', '0', '0', '0', '0', '0', '0', '0', '0', '0', '0', '0', '0', '0', '0', '0', '0', '0', '0', '0', '0', '0', '0', '0', '0', '0', '0', '0', '0', '0', '0', '0', '0', '0', '0', '0', '0', '0', '0', '0', '0', '0', '0', '0', '0', '0', '0', '0', '0', '0', '0', '0', '0', '0', '0', '0', '0', '0', '0', '0', '0', '0', '0', '0', '0', '0', '0', '0', '0', '0', '0', '0', '0', '0', '0', '0', '0', '0', '0', '0', '0', '0', '0', '0', '0', '0', '0', '0', '0', '0', '0', '0', '0', '0', '0', '0', '0', '0', '0', '0', '0', '0', '0', '0', '0', '0', '0', '0', '0', '0', '0', '0', '0', '0', '0', '0', '0', '0', '0', '0', '0', '0', '0', '0', '0', '0', '0', '0', '0', '0', '0', '0', '0', '0', '0', '0', '0', '0', '0', '0', '0', '0', '0', '0', '0', '0', '0', '0', '0', '0', '0', '0', '0', '0', '0', '0', '0', '0', '0', '0', '0', '0', '0', '0', '0', '0', '0', '0', '0', '0', '0', '0', '0', '0', '0', '0', '0', '0', '0', '0', '0', '0', '0', '0', '0', '0', '0', '0', '0', '0', '0', '0', '0', '0', '0', '0', '0', '0', '0', '0', '0', '0', '0', '0', '0', '0', '0', '0', '0', '0', '0', '0', '0', '0', '0', '0', '0', '0', '0', '0', '0', '0', '0', '0', '0', '0', '0', '0', '0', '0', '0', '0', '0', '0', '0', '0', '0', '0', '0', '0', '0', '0', '0', '0', '0', '0', '0', '0', '0', '0', '0', '0', '0', '0', '0', '0', '0', '0', '0', '0', '0', '0', '0', '0', '0', '0', '0', '0', '0', '0', '0', '0', '0', '0', '0', '0', '0', '0', '0', '0', '0', '0', '0', '0', '0', '0', '0', '0', '0', '0', '0', '0', '0', '0', '0', '0', '0', '0', '0', '0', '0', '0', '0', '0', '0', '0', '0', '0', '0', '0', '0', '0', '0', '0', '0', '0', '0', '0', '0', '0', '0', '0', '0', '0', '0', '0', '0', '0', '0', '0', '0', '0', '0', '0', '0', '0', '0', '0', '0', '0', '0', '0', '0', '0', '0', '0', '0', '0', '0', '0', '0', '0', '0', '0', '0', '0', '0', '0', '0', '0', '0', '0', '0', '0', '0', '0', '0', '0', '0', '0', '0', '0', '0', '0', '0', '0', '0', '0', '0', '0', '0', '0', '0', '0', '0', '0', '0', '0', '0', '0', '0', '0', '0', '0', '0', '0', '0', '0', '0', '0', '0', '0', '0', '0', '0', '0', '0', '0', '0', '0', '0', '0', '0', '0', '0', '0', '0', '0', '0', '0', '0', '0', '0', '0', '0', '0', '0', '0', '0', '0', '0', '0', '0', '0', '0', '0', '0', '0', '0', '0', '0', '0', '0', '0', '0', '0', '0', '0', '0', '0', '0', '0', '0', '0', '0', '0', '0', '0', '0', '0', '0', '0', '0', '0', '0', '0', '0', '0', '0', '0', '0', '0', '0', '0', '0', '0', '0', '0', '0', '0', '0', '0', '0', '0', '0', '0', '0', '0', '0', '0', '0', '0', '0', '0', '0', '0', '0', '0', '0', '0', '0', '0', '0', '0', '0', '0', '0', '0', '0', '0', '0', '0', '0', '0', '0', '0', '0', '0', '0', '0', '0', '0', '0', '0', '0', '0', '0', '0', '0', '0', '0', '0', '0', '0', '0', '0', '0', '0', '0', '0', '0', '0', '0', '0', '0', '0', '0', '0', '0', '0', '0', '0', '0', '0', '0', '0', '0', '0', '0', '0', '0', '0', '0', '0', '0', '0', '0', '0', '0', '0', '0', '0', '0', '0', '0', '0', '0', '0', '0', '0', '0', '0', '0', '0', '0', '0', '0', '0', '0', '0', '0', '0', '0', '0', '0', '0', '0', '0', '0', '0', '0', '0', '0', '0', '0', '0', '0', '0', '0', '0', '0', '0', '0', '0', '0', '0', '0', '0', '0', '0', '0', '0', '0', '0', '0', '0', '0', '0', '0', '0', '0', '0', '0', '0', '0', '0', '0', '0', '0', '0', '0', '0', '0', '0', '0', '0', '0', '0', '0', '0', '0', '0', '0', '0', '0', '0', '0', '0', '0', '0', '0', '0', '0', '0', '0', '0', '0', '0', '0', '0', '0', '0', '0', '0', '0', '0', '0', '0', '0', '0', '0', '0', '0', '0', '0', '0', '0', '0', '0', '0', '0', '0', '0', '0', '0', '0', '0', '0', '0', '0', '0', '0', '0', '0', '0', '0', '0', '0', '0', '0', '0', '0', '0', '0', '0', '0', '0', '0', '0', '0', '0', '0', '0', '0', '0', '0', '0', '0', '0', '0', '0', '0', '0', '0', '0', '0', '0', '0', '0', '0', '0', '0', '0', '0', '0', '0', '0', '0', '0', '0', '0', '0', '0', '0', '0', '0', '0', '0', '0', '0', '0', '0', '0', '0', '0', '0', '0', '0', '0', '0', '0', '0', '0', '0', '0', '0', '0', '0', '0', '0', '0', '0', '0', '0', '0', '0', '0', '0', '0', '0', '0', '0', '0', '0', '0', '0', '0', '0', '0', '0', '0', '0', '0', '0', '0', '0', '0', '0', '0', '0', '0', '0', '0', '0', '0', '0', '0', '0', '0', '0', '0', '0', '0', '0', '0', '0', '0', '0', '0', '0', '0', '0', '0', '0', '0', '0', '0', '0', '0', '0', '0', '0', '0', '0', '0', '0', '0', '0', '0', '0', '0', '0', '0', '0', '0', '0', '0', '0', '0', '0', '0', '0', '0', '0', '0', '0', '0', '0', '0', '0', '0', '0', '0', '0', '0', '0', '0', '0', '0', '0', '0', '0', '0', '0', '0', '0', '0', '0', '0', '0', '0', '0', '0', '0', '0', '0', '0', '0', '0', '0', '0', '0', '0', '0', '0', '0', '0', '0', '0', '0', '0', '0', '0', '0', '0', '0', '0', '0', '0', '0', '0', '0', '0', '0', '0', '0', '0', '0', '0', '0', '0', '0', '0', '0', '0', '0', '0', '0', '0', '0', '0', '0', '0', '0', '0', '0', '0', '0', '0', '0', '0', '0', '0', '0', '0', '0', '0', '0', '0', '0', '0', '0', '0', '0', '0', '0', '0', '0', '0', '0', '0', '0', '0', '0', '0', '0', '0', '0', '0', '0', '0', '0', '0', '0', '0', '0', '0', '0', '0', '0', '0', '0', '0', '0', '0', '0', '0', '0', '0', '0', '0', '0', '0', '0', '0', '0', '0', '0', '0', '0', '0', '0', '0', '0', '0', '0', '0', '0', '0', '0', '0', '0', '0', '0', '0', '0', '0', '0', '0', '0', '0', '0', '0', '0', '0', '0', '0', '0', '0', '0', '0', '0', '0', '0', '0', '0', '0', '0', '0', '0', '0', '0', '0', '0', '0', '0', '0', '0', '0', '0', '0', '0', '0', '0', '0', '0', '0', '0', '0', '0', '0', '0', '0', '0', '0', '0', '0', '0', '0', '0', '0', '0', '0', '0', '0', '0', '0', '0', '0', '0', '0', '0', '0', '0', '0', '0', '0', '0', '0', '0', '0', '0', '0', '0', '0', '0', '0', '0', '0', '0', '0', '0', '0', '0', '0', '0', '0', '0', '0', '0', '0', '0', '0', '0', '0', '0', '0', '0', '0', '0', '0', '0', '0', '0', '0', '0', '0', '0', '0', '0', '0', '0', '0', '0', '0', '0', '0', '0', '0', '0', '0', '0', '0', '0', '0', '0', '0', '0', '0', '0', '0', '0', '0', '0', '0', '0', '0', '0', '0', '0', '0', '0', '0', '0', '0', '0', '0', '0', '0', '0', '0', '0', '0', '0', '0', '0', '0', '0', '0', '0', '0', '0', '0', '0', '0', '0', '0', '0', '0', '0', '0', '0', '0', '0', '0', '0', '0', '0', '0', '0', '0', '0', '0', '0', '0', '0', '0', '0', '0', '0', '0', '0', '0', '0', '0', '0', '0', '0', '0', '0', '0', '0', '0', '0', '0', '0', '0', '0', '0', '0', '0', '0', '0', '0', '0', '0', '0', '0', '0', '0', '0', '0', '0', '0', '0', '0', '0', '0', '0', '0', '0', '0', '0', '0', '0', '0', '0', '0', '0', '0', '0', '0', '0', '0', '0', '0', '0', '0', '0', '0', '0', '0', '0', '0', '0', '0', '0', '0', '0', '0', '0', '0', '0', '0', '0', '0', '0', '0', '0', '0', '0', '0', '0', '0', '0', '0', '0', '0', '0', '0', '0', '0', '0', '0', '0', '0', '0', '0', '0', '0', '0', '0', '0', '0', '0', '0', '0', '0', '0', '0', '0', '0', '0', '0', '0', '0', '0', '0', '0', '0', '0', '0', '0', '0', '0', '0', '0', '0', '0', '0', '0', '0', '0', '0', '0', '0', '0', '0', '0', '0', '0', '0', '0', '0', '0', '0', '0', '0', '0', '0', '0', '0', '0', '0', '0', '0', '0', '0', '0', '0', '0', '0', '0', '0', '0', '0', '0', '0', '0', '0', '0', '0', '0', '0', '0', '0', '0', '0', '0', '0', '0', '0', '0', '0', '0', '0', '0', '0', '0', '0', '0', '0', '0', '0', '0', '0', '0', '0', '0', '0', '0', '0', '0', '0', '0', '0', '0', '0', '0', '0', '0', '0', '0', '0', '0', '0', '0', '0', '0', '0', '0', '0', '0', '0', '0', '0', '0', '0', '0', '0', '0', '0', '0', '0', '0', '0', '0', '0', '0', '0', '0', '0', '0', '0', '0', '0', '0', '0', '0', '0', '0', '0', '0', '0', '0', '0', '0', '0', '0', '0', '0', '0', '0', '0', '0', '0', '0', '0', '0', '0', '0', '0', '0', '0', '0', '0', '0', '0', '0', '0', '0', '0', '0', '0', '0', '0', '0', '0', '0', '0', '0', '0', '0', '0', '0', '0', '0', '0', '0', '0', '0', '0', '0', '0', '0', '0', '0', '0', '0', '0', '0', '0', '0', '0', '0', '0', '0', '0', '0', '0', '0', '0', '0', '0', '0', '0', '0', '0', '0', '0', '0', '0', '0', '0', '0', '0', '0', '0', '0', '0', '0', '0', '0', '0', '0', '0', '0', '0', '0', '0', '0', '0', '0', '0', '0', '0', '0', '0', '0', '0', '0', '0', '0', '0', '0', '0', '0', '0', '0', '0', '0', '0', '0', '0', '0', '0', '0', '0', '0', '0', '0', '0', '0', '0', '0', '0', '0', '0', '0', '0', '0', '0', '0', '0', '0', '0', '0', '0', '0', '0', '0', '0', '0', '0', '0', '0', '0', '0', '0', '0', '0', '0', '0', '0', '0', '0', '0', '0', '0', '0', '0', '0', '0', '0', '0', '0', '0', '0', '0', '0', '0', '0', '0', '0', '0', '0', '0', '0', '0', '0', '0', '0', '0', '0', '0', '0', '0', '0', '0', '0', '0', '0', '0', '0', '0', '0', '0', '0', '0', '0', '0', '0', '0', '0', '0', '0', '0', '0', '0', '0', '0', '0', '0', '0', '0', '0', '0', '0', '0', '0', '0', '0', '0', '0', '0', '0', '0', '0', '0', '0', '0', '0', '0', '0', '0', '0', '0', '0', '0', '0', '0', '0', '0', '0', '0', '0', '0', '0', '0', '0', '0', '0', '0', '0', '0', '0', '0', '0', '0', '0', '0', '0', '0', '0', '0', '0', '0', '0', '0', '0', '0', '0', '0', '0', '0', '0', '0', '0', '0', '0', '0', '0', '0', '0', '0', '0', '0', '0', '0', '0', '0', '0', '0', '0', '0', '0', '0', '0', '0', '0', '0', '0', '0', '0', '0', '0', '0', '0', '0', '0', '0', '0', '0', '0', '0', '0', '0', '0', '0', '0', '0', '0', '0', '0', '0', '0', '0', '0', '0', '0', '0', '0', '0', '0', '0', '0', '0', '0', '0', '0', '0', '0', '0', '0', '0', '0', '0', '0', '0', '0', '0', '0', '0', '0', '0', '0', '0', '0', '0', '0', '0', '0', '0', '0', '0', '0', '0', '0', '0', '0', '0', '0', '0', '0', '0', '0', '0', '0', '0', '0', '0', '0', '0', '0', '0', '0', '0', '0', '0', '0', '0', '0', '0', '0', '0', '0', '0', '0', '0', '0', '0', '0', '0', '0', '0', '0', '0', '0', '0', '0', '0', '0', '0', '0', '0', '0', '0', '0', '0', '0', '0', '0', '0', '0', '0', '0', '0', '0', '0', '0', '0', '0', '0', '0', '0', '0', '0', '0', '0', '0', '0', '0', '0', '0', '0', '0', '0', '0', '0', '0', '0', '0', '0', '0', '0', '0', '0', '0', '0', '0', '0', '0', '0', '0', '0', '0', '0', '0', '0', '0', '0', '0', '0', '0', '0', '0', '0', '0', '0', '0', '0', '0', '0', '0', '0', '0', '0', '0', '0', '0', '0', '0', '0', '0', '0', '0', '0', '0', '0', '0', '0', '0', '0', '0', '0', '0', '0', '0', '0', '0', '0', '0', '0', '0', '0', '0', '0', '0', '0', '0', '0', '0', '0', '0', '0', '0', '0', '0', '0', '0', '0', '0', '0', '0', '0', '0', '0', '0', '0', '0', '0', '0', '0', '0', '0', '0', '0', '0', '0', '0', '0', '0', '0', '0', '0', '0', '0', '0', '0', '0', '0', '0', '0', '0', '0', '0', '0', '0', '0', '0', '0', '0', '0', '0', '0', '0', '0', '0', '0', '0', '0', '0', '0', '0', '0', '0', '0', '0', '0', '0', '0', '0', '0', '0', '0', '0', '0', '0', '0', '0', '0', '0', '0', '0', '0', '0', '0', '0', '0', '0', '0', '0', '0', '0', '0', '0', '0', '0', '0', '0', '0', '0', '0', '0', '0', '0', '0', '0', '0', '0', '0', '0', '0', '0', '0', '0', '0', '0', '0', '0', '0', '0', '0', '0', '0', '0', '0', '0', '0', '0', '0', '0', '0', '0', '0', '0', '0', '0', '0', '0', '0', '0', '0', '0', '0', '0', '0', '0', '0', '0', '0', '0', '0', '0', '0', '0', '0', '0', '0', '0', '0', '0', '0', '0', '0', '0', '0', '0', '0', '0', '0', '0', '0', '0', '0', '0', '0', '0', '0', '0', '0', '0', '0', '0', '0', '0', '0', '0', '0', '0', '0', '0', '0', '0', '0', '0', '0', '0', '0', '0', '0', '0', '0', '0', '0', '0', '0', '0', '0', '0', '0', '0', '0', '0', '0', '0', '0', '0', '0', '0', '0', '0', '0', '0', '0', '0', '0', '0', '0', '0', '0', '0', '0', '0', '0', '0', '0', '0', '0', '0', '0', '0', '0', '0', '0', '0', '0', '0', '0', '0', '0', '0', '0', '0', '0', '0', '0', '0', '0', '0', '0', '0', '0', '0', '0', '0', '0', '0', '0', '0', '0', '0', '0', '0', '0', '0', '0', '0', '0', '0', '0', '0', '0', '0', '0', '0', '0', '0', '0', '0', '0', '0', '0', '0', '0', '0', '0', '0', '0', '0', '0', '0', '0', '0', '0', '0', '0', '0', '0', '0', '0', '0', '0', '0', '0', '0', '0', '0', '0', '0', '0', '0', '0', '0', '0', '0', '0', '0', '0', '0', '0', '0', '0', '0', '0', '0', '0', '0', '0', '0', '0', '0', '0', '0', '0', '0', '0', '0', '0', '0', '0', '0', '0', '0', '0', '0', '0', '0', '0', '0', '0', '0', '0', '0', '0', '0', '0', '0', '0', '0', '0', '0', '0', '0', '0', '0', '0', '0', '0', '0', '0', '0', '0', '0', '0', '0', '0', '0', '0', '0', '0', '0', '0', '0', '0', '0', '0', '0', '0', '0', '0', '0', '0', '0', '0', '0', '0', '0', '0', '0', '0', '0', '0', '0', '0', '0', '0', '0', '0', '0', '0', '0', '0', '0', '0', '0', '0', '0', '0', '0', '0', '0', '0', '0', '0', '0', '0', '0', '0', '0', '0', '0', '0', '0', '0', '0', '0', '0', '0', '0', '0', '0', '0', '0', '0', '0', '0', '0', '0', '0', '0', '0', '0', '0', '0', '0', '0', '0', '0', '0', '0', '0', '0', '0', '0', '0', '0', '0', '0', '0', '0', '0', '0', '0', '0', '0', '0', '0', '0', '0', '0', '0', '0', '0', '0', '0', '0', '0', '0', '0', '0', '0', '0', '0', '0', '0', '0', '0', '0', '0', '0', '0', '0', '0', '0', '0', '0', '0', '0', '0', '0', '0', '0', '0', '0', '0', '0', '0', '0', '0', '0', '0', '0', '0', '0', '0', '0', '0', '0', '0', '0', '0', '0', '0', '0', '0', '0', '0', '0', '0', '0', '0', '0', '0', '0', '0', '0', '0', '0', '0', '0', '0', '0', '0', '0', '0', '0', '0', '0', '0', '0', '0', '0', '0', '0', '0', '0', '0', '0', '0', '0', '0', '0', '0', '0', '0', '0', '0', '0', '0', '0', '0', '0', '0', '0', '0', '0', '0', '0', '0', '0', '0', '0', '0', '0', '0', '0', '0', '0', '0', '0', '0', '0', '0', '0', '0', '0', '0', '0', '0', '0', '0', '0', '0', '0', '0', '0', '0', '0', '0', '0', '0', '0', '0', '0', '0', '0', '0', '0', '0', '0', '0', '0', '0', '0', '0', '0', '0', '0', '0', '0', '0', '0', '0', '0', '0', '0', '0', '0', '0', '0', '0', '0', '0', '0', '0', '0', '0', '0', '0', '0', '0', '0', '0', '0', '0', '0', '0', '0', '0', '0', '0', '0', '0', '0', '0', '0', '0', '0', '0', '0', '0', '0', '0', '0', '0', '0', '0', '0', '0', '0', '0', '0', '0', '0', '0', '0', '0', '0', '0', '0', '0', '0', '0', '0', '0', '0', '0', '0', '0', '0', '0', '0', '0', '0', '0', '0', '0', '0', '0', '0', '0', '0', '0', '0', '0', '0', '0', '0', '0', '0', '0', '0', '0', '0', '0', '0', '0', '0', '0', '0', '0', '0', '0', '0', '0', '0', '0', '0', '0', '0', '0', '0', '0', '0', '0', '0', '0', '0', '0', '0', '0', '0', '0', '0', '0', '0', '0', '0', '0', '0', '0', '0', '0', '0', '0', '0', '0', '0', '0', '0', '0', '0', '0', '0', '0', '0', '0', '0', '0', '0', '0', '0', '0', '0', '0', '0', '0', '0', '0', '0', '0', '0', '0', '0', '0', '0', '0', '0', '0', '0', '0', '0', '0', '0', '0', '0', '0', '0', '0', '0', '0', '0', '0', '0', '0', '0', '0', '0', '0', '0', '0', '0', '0', '0', '0', '0', '0', '0', '0', '0', '0', '0', '0', '0', '0', '0', '0', '0', '0', '0', '0', '0', '0', '0', '0', '0', '0', '0', '0', '0', '0', '0', '0', '0', '0', '0', '0', '0', '0', '0', '0', '0', '0', '0', '0', '0', '0', '0', '0', '0', '0', '0', '0', '0', '0', '0', '0', '0', '0', '0', '0', '0', '0', '0', '0', '0', '0', '0', '0', '0', '0', '0', '0', '0', '0', '0', '0', '0', '0', '0', '0', '0', '0', '0', '0', '0', '0', '0', '0', '0', '0', '0', '0', '0', '0', '0', '0', '0', '0', '0', '0', '0', '0', '0', '0', '0', '0', '0', '0', '0', '0', '0', '0', '0', '0', '0', '0', '0', '0', '0', '0', '0', '0', '0', '0', '0', '0', '0', '0', '0', '0', '0', '0', '0', '0', '0', '0', '0', '0', '0', '0', '0', '0', '0', '0', '0', '0', '0', '0', '0', '0', '0', '0', '0', '0', '0', '0', '0', '0', '0', '0', '0', '0', '0', '0', '0', '0', '0', '0', '0', '0', '0', '0', '0', '0', '0', '0', '0', '0', '0', '0', '0', '0', '0', '0', '0', '0', '0', '0', '0', '0', '0', '0', '0', '0', '0', '0', '0', '0', '0', '0', '0', '0', '0', '0', '0', '0', '0', '0', '0', '0', '0', '0', '0', '0', '0', '0', '0', '0', '0', '0', '0', '0', '0', '0', '0', '0', '0', '0', '0', '0', '0', '0', '0', '0', '0', '0', '0', '0', '0', '0', '0', '0', '0', '0', '0', '0', '0', '0', '0', '0', '0', '0', '0', '0', '0', '0', '0', '0', '0', '0', '0', '0', '0', '0', '0', '0', '0', '0', '0', '0', '0', '0', '0', '0', '0', '0', '0', '0', '0', '0', '0', '0', '0', '0', '0', '0', '0', '0', '0', '0', '0', '0', '0', '0', '0', '0', '0', '0', '0', '0', '0', '0', '0', '0', '0', '0', '0', '0', '0', '0', '0', '0', '0', '0', '0', '0', '0', '0', '0', '0', '0', '0', '0', '0', '0', '0', '0', '0', '0', '0', '0', '0', '0', '0', '0', '0', '0', '0', '0', '0', '0', '0', '0', '0', '0', '0', '0', '0', '0', '0', '0', '0', '0', '0', '0', '0', '0', '0', '0', '0', '0', '0', '0', '0', '0', '0', '0', '0', '0', '0', '0', '0', '0', '0', '0', '0', '0', '0', '0', '0', '0', '0', '0', '0', '0', '0', '0', '0', '0', '0', '0', '0', '0', '0', '0', '0', '0', '0', '0', '0', '0', '0', '0', '0', '0', '0', '0', '0', '0', '0', '0', '0', '0', '0', '0', '0', '0', '0', '0', '0', '0', '0', '0', '0', '0', '0', '0', '0', '0', '0', '0', '0', '0', '0', '0', '0', '0', '0', '0', '0', '0', '0', '0', '0', '0', '0', '0', '0', '0', '0', '0', '0', '0', '0', '0', '0', '0', '0', '0', '0', '0', '0', '0', '0', '0', '0', '0', '0', '0', '0', '0', '0', '0', '0', '0', '0', '0', '0', '0', '0', '0', '0', '0', '0', '0', '0', '0', '0', '0', '0', '0', '0', '0', '0', '0', '0', '0', '0', '0', '0', '0', '0', '0', '0', '0', '0', '0', '0', '0', '0', '0', '0', '0', '0', '0', '0', '0', '0', '0', '0', '0', '0', '0', '0', '0', '0', '0', '0', '0', '0', '0', '0', '0', '0', '0', '0', '0', '0', '0', '0', '0', '0', '0', '0', '0', '0', '0', '0', '0', '0', '0', '0', '0', '0', '0', '0', '0', '0', '0', '0', '0', '0', '0', '0', '0', '0', '0', '0', '0', '0', '0', '0', '0', '0', '0', '0', '0', '0', '0', '0', '0', '0', '0', '0', '0', '0', '0', '0', '0', '0', '0', '0', '0', '0', '0', '0', '0', '0', '0', '0', '0', '0', '0', '0', '0', '0', '0', '0', '0', '0', '0', '0', '0', '0', '0', '0', '0', '0', '0', '0', '0', '0', '0', '0', '0', '0', '0', '0', '0', '0', '0', '0', '0', '0', '0', '0', '0', '0', '0', '0', '0', '0', '0', '0', '0', '0', '0', '0', '0', '0', '0', '0', '0', '0', '0', '0', '0', '0', '0', '0', '0', '0', '0', '0', '0', '0', '0', '0', '0', '0', '0', '0', '0', '0', '0', '0', '0', '0', '0', '0', '0', '0', '0', '0', '0', '0', '0', '0', '0', '0', '0', '0', '0', '0', '0', '0', '0', '0', '0', '0', '0', '0', '0', '0', '0', '0', '0', '0', '0', '0', '0', '0', '0', '0', '0', '0', '0', '0', '0', '0', '0', '0', '0', '0', '0', '0', '0', '0', '0', '0', '0', '0', '0', '0', '0', '0', '0', '0', '0', '0', '0', '0', '0', '0', '0', '0', '0', '0', '0', '0', '0', '0', '0', '0', '0', '0', '0', '0', '0', '0', '0', '0', '0', '0', '0', '0', '0', '0', '0', '0', '0', '0', '0', '0', '0', '0', '0', '0', '0', '0', '0', '0', '0', '0', '0', '0', '0', '0', '0', '0', '0', '0', '0', '0', '0', '0', '0', '0', '0', '0', '0', '0', '0', '0', '0', '0', '0', '0', '0', '0', '0', '0', '0', '0', '0', '0', '0', '0', '0', '0', '0', '0', '0', '0', '0', '0', '0', '0', '0', '0', '0', '0', '0', '0', '0', '0', '0', '0', '0', '0', '0', '0', '0', '0', '0', '0', '0', '0', '0', '0', '0', '0', '0', '0', '0', '0', '0', '0', '0', '0', '0', '0', '0', '0', '0', '0', '0', '0', '0', '0', '0', '0', '0', '0', '0', '0', '0', '0', '0', '0', '0', '0', '0', '0', '0', '0', '0', '0', '0', '0', '0', '0', '0', '0', '0', '0', '0', '0', '0', '0', '0', '0', '0', '0', '0', '0', '0', '0', '0', '0', '0', '0', '0', '0', '0', '0', '0', '0', '0', '0', '0', '0', '0', '0', '0', '0', '0', '0', '0', '0', '0', '0', '0', '0', '0', '0', '0', '0', '0', '0', '0', '0', '0', '0', '0', '0', '0', '0', '0', '0', '0', '0', '0', '0', '0', '0', '0', '0', '0', '0', '0', '0', '0', '0', '0', '0', '0', '0', '0', '0', '0', '0', '0', '0', '0', '0', '0', '0', '0', '0', '0', '0', '0', '0', '0', '0', '0', '0', '0', '0', '0', '0', '0', '0', '0', '0', '0', '0', '0', '0', '0', '0', '0', '0', '0', '0', '0', '0', '0', '0', '0', '0', '0', '0', '0', '0', '0', '0', '0', '0', '0', '0', '0', '0', '0', '0', '0', '0', '0', '0', '0', '0', '0', '0', '0', '0', '0', '0', '0', '0', '0', '0', '0', '0', '0', '0', '0', '0', '0', '0', '0', '0', '0', '0', '0', '0', '0', '0', '0', '0', '0', '0', '0', '0', '0', '0', '0', '0', '0', '0', '0', '0', '0', '0', '0', '0', '0', '0', '0', '0', '0', '0', '0', '0', '0', '0', '0', '0', '0', '0', '0', '0', '0', '0', '0', '0', '0', '0', '0', '0', '0', '0', '0', '0', '0', '0', '0', '0', '0', '0', '0', '0', '0', '0', '0', '0', '0', '0', '0', '0', '0', '0', '0', '0', '0', '0', '0', '0', '0', '0', '0', '0', '0', '0', '0', '0', '0', '0', '0', '0', '0', '0', '0', '0', '0', '0', '0', '0', '0', '0', '0', '0', '0', '0', '0', '0', '0', '0', '0', '0', '0', '0', '0', '0', '0', '0', '0', '0', '0', '0', '0', '0', '0', '0', '0', '0', '0', '0', '0', '0', '0', '0', '0', '0', '0', '0', '0', '0', '0', '0', '0', '0', '0', '0', '0', '0', '0', '0', '0', '0', '0', '0', '0', '0', '0', '0', '0', '0', '0', '0', '0', '0', '0', '0', '0', '0', '0', '0', '0', '0', '0', '0', '0', '0', '0', '0', '0', '0', '0', '0', '0', '0', '0', '0', '0', '0', '0', '0', '0', '0', '0', '0', '0', '0', '0', '0', '0', '0', '0', '0', '0', '0', '0', '0', '0', '0', '0', '0', '0', '0', '0', '0', '0', '0', '0', '0', '0', '0', '0', '0', '0', '0', '0', '0', '0', '0', '0', '0', '0', '0', '0', '0', '0', '0', '0', '0', '0', '0', '0', '0', '0', '0', '0', '0', '0', '0', '0', '0', '0', '0', '0', '0', '0', '0', '0', '0', '0', '0', '0', '0', '0', '0', '0', '0', '0', '0', '0', '0', '0', '0', '0', '0', '0', '0', '0', '0', '0', '0', '0', '0', '0', '0', '0', '0', '0', '0', '0', '0', '0', '0', '0', '0', '0', '0', '0', '0', '0', '0', '0', '0', '0', '0', '0', '0', '0', '0', '0', '0', '0', '0', '0', '0', '0', '0', '0', '0', '0', '0', '0', '0', '0', '0', '0', '0', '0', '0', '0', '0', '0', '0', '0', '0', '0', '0', '0', '0', '0', '0', '0', '0', '0', '0', '0', '0', '0', '0', '0', '0', '0', '0', '0', '0', '0', '0', '0', '0', '0', '0', '0', '0', '0', '0', '0', '0', '0', '0', '0', '0', '0', '0', '0', '0', '0', '0', '0', '0', '0', '0', '0', '0', '0', '0', '0', '0', '0', '0', '0', '0', '0', '0', '0', '0', '0', '0', '0', '0', '0', '0', '0', '0', '0', '0', '0', '0', '0', '0', '0', '0', '0', '0', '0', '0', '0', '0', '0', '0', '0', '0', '0', '0', '0', '0', '0', '0', '0', '0', '0', '0', '0', '0', '0', '0', '0', '0', '0', '0', '0', '0', '0', '0', '0', '0', '0', '0', '0', '0', '0', '0', '0', '0', '0', '0', '0', '0', '0', '0', '0', '0', '0', '0', '0', '0', '0', '0', '0', '0', '0', '0', '0', '0', '0', '0', '0', '0', '0', '0', '0', '0', '0', '0', '0', '0', '0', '0', '0', '0', '0', '0', '0', '0', '0', '0', '0', '0', '0', '0', '0', '0', '0', '0', '0', '0', '0', '0', '0', '0', '0', '0', '0', '0', '0', '0', '0', '0', '0', '0', '0', '0', '0', '0', '0', '0', '0', '0', '0', '0', '0', '0', '0', '0', '0', '0', '0', '0', '0', '0', '0', '0', '0', '0', '0', '0', '0', '0', '0', '0', '0', '0', '0', '0', '0', '0', '0', '0', '0', '0', '0', '0', '0', '0', '0', '0', '0', '0', '0', '0', '0', '0', '0', '0', '0', '0', '0', '0', '0', '0', '0', '0', '0', '0', '0', '0', '0', '0', '0', '0', '0', '0', '0', '0', '0', '0', '0', '0', '0', '0', '0', '0', '0', '0', '0', '0', '0', '0', '0', '0', '0', '0', '0', '0', '0', '0', '0', '0', '0', '0', '0', '0', '0', '0', '0', '0', '0', '0', '0', '0', '0', '0', '0', '0', '0', '0', '0', '0', '0', '0', '0', '0', '0', '0', '0', '0', '0', '0', '0', '0', '0', '0', '0', '0', '0', '0', '0', '0', '0', '0', '0', '0', '0', '0', '0', '0', '0', '0', '0', '0', '0', '0', '0', '0', '0', '0', '0', '0', '0', '0', '0', '0', '0', '0', '0', '0', '0', '0', '0', '0', '0', '0', '0', '0', '0', '0', '0', '0', '0', '0', '0', '0', '0', '0', '0', '0', '0', '0', '0', '0', '0', '0', '0', '0', '0', '0', '0', '0', '0', '0', '0', '0', '0', '0', '0', '0', '0', '0', '0', '0', '0', '0', '0', '0', '0', '0', '0', '0', '0', '0', '0', '0', '0', '0', '0', '0', '0', '0', '0', '0', '0', '0', '0', '0', '0', '0', '0', '0', '0', '0', '0', '0', '0', '0', '0', '0', '0', '0', '0', '0', '0', '0', '0', '0', '0', '0', '0', '0', '0', '0', '0', '0', '0', '0', '0', '0', '0', '0', '0', '0', '0', '0', '0', '0', '0', '0', '0', '0', '0', '0', '0', '0', '0', '0', '0', '0', '0', '0', '0', '0', '0', '0', '0', '0', '0', '0', '0', '0', '0', '0', '0', '0', '0', '0', '0', '0', '0', '0', '0', '0', '0', '0', '0', '0', '0', '0', '0', '0', '0', '0', '0', '0', '0', '0', '0', '0', '0', '0', '0', '0', '0', '0', '0', '0', '0', '0', '0', '0', '0', '0', '0', '0', '0', '0', '0', '0', '0', '0', '0', '0', '0', '0', '0', '0', '0', '0', '0', '0', '0', '0', '0', '0', '0', '0', '0', '0', '0', '0', '0', '0', '0', '0', '0', '0', '0', '0', '0', '0', '0', '0', '0', '0', '0', '0', '0', '0', '0', '0', '0', '0', '0', '0', '0', '0', '0', '0', '0', '0', '0', '0', '0', '0', '0', '0', '0', '0', '0', '0', '0', '0', '0', '0', '0', '0', '0', '0', '0', '0', '0', '0', '0', '0', '0', '0', '0', '0', '0', '0', '0', '0', '0', '0', '0', '0', '0', '0', '0', '0', '0', '0', '0', '0', '0', '0', '0', '0', '0', '0', '0', '0', '0', '0', '0', '0', '0', '0', '0', '0', '0', '0', '0', '0', '0', '0', '0', '0', '0', '0', '0', '0', '0', '0', '0', '0', '0', '0', '0', '0', '0', '0', '0', '0', '0', '0', '0', '0', '0', '0', '0', '0', '0', '0', '0', '0', '0', '0', '0', '0', '0', '0', '0', '0', '0', '0', '0', '0', '0', '0', '0', '0', '0', '0', '0', '0', '0', '0', '0', '0', '0', '0', '0', '0', '0', '0', '0', '0', '0', '0', '0', '0', '0', '0', '0', '0', '0', '0', '0', '0', '0', '0', '0', '0', '0', '0', '0', '0', '0', '0', '0', '0', '0', '0', '0', '0', '0', '0', '0', '0', '0', '0', '0', '0', '0', '0', '0', '0', '0', '0', '0', '0', '0', '0', '0', '0', '0', '0', '0', '0', '0', '0', '0', '0', '0', '0', '0', '0', '0', '0', '0', '0', '0', '0', '0', '0', '0', '0', '0', '0', '0', '0', '0', '0', '0', '0', '0', '0', '0', '0', '0', '0', '0', '0', '0', '0', '0', '0', '0', '0', '0', '0', '0', '0', '0', '0', '0', '0', '0', '0', '0', '0', '0', '0', '0', '0', '0', '0', '0', '0', '0', '0', '0', '0', '0', '0', '0', '0', '0', '0', '0', '0', '0', '0', '0', '0', '0', '0', '0', '0', '0', '0', '0', '0', '0', '0', '0', '0', '0', '0', '0', '0', '0', '0', '0', '0', '0', '0', '0', '0', '0', '0', '0', '0', '0', '0', '0', '0', '0', '0', '0', '0', '0', '0', '0', '0', '0', '0', '0', '0', '0', '0', '0', '0', '0', '0', '0', '0', '0', '0', '0', '0', '0', '0', '0', '0', '0', '0', '0', '0', '0', '0', '0', '0', '0', '0', '0', '0', '0', '0', '0', '0', '0', '0', '0', '0', '0', '0', '0', '0', '0', '0', '0', '0', '0', '0', '0', '0', '0', '0', '0', '0', '0', '0', '0', '0', '0', '0', '0', '0', '0', '0', '0', '0', '0', '0', '0', '0', '0', '0', '0', '0', '0', '0', '0', '0', '0', '0', '0', '0', '0', '0', '0', '0', '0', '0', '0', '0', '0', '0', '0', '0', '0', '0', '0', '0', '0', '0', '0', '0', '0', '0', '0', '0', '0', '0', '0', '0', '0', '0', '0', '0', '0', '0', '0', '0', '0', '0', '0', '0', '0', '0', '0', '0', '0', '0', '0', '0', '0', '0', '0', '0', '0', '0', '0', '0', '0', '0', '0', '0', '0', '0', '0', '0', '0', '0', '0', '0', '0', '0', '0', '0', '0', '0', '0', '0', '0', '0', '0', '0', '0', '0', '0', '0', '0', '0', '0', '0', '0', '0', '0', '0', '0', '0', '0', '0', '0', '0', '0', '0', '0', '0', '0', '0', '0', '0', '0', '0', '0', '0', '0', '0', '0', '0', '0', '0', '0', '0', '0', '0', '0', '0', '0', '0', '0', '0', '0', '0', '0', '0', '0', '0', '0', '0', '0', '0', '0', '0', '0', '0', '0', '0', '0', '0', '0', '0', '0', '0', '0', '0', '0', '0', '0', '0', '0', '0', '0', '0', '0', '0', '0', '0', '0', '0', '0', '0', '0', '0', '0', '0', '0', '0', '0', '0', '0', '0', '0', '0', '0', '0', '0', '0', '0', '0', '0', '0', '0', '0', '0', '0', '0', '0', '0', '0', '0', '0', '0', '0', '0', '0', '0', '0', '0', '0', '0', '0', '0', '0', '0', '0', '0', '0', '0', '0', '0', '0', '0', '0', '0', '0', '0', '0', '0', '0', '0', '0', '0', '0', '0', '0', '0', '0', '0', '0', '0', '0', '0', '0', '0', '0', '0', '0', '0', '0', '0', '0', '0', '0', '0', '0', '0', '0', '0', '0', '0', '0', '0', '0', '0', '0', '0', '0', '0', '0', '0', '0', '0', '0', '0', '0', '0', '0', '0', '0', '0', '0', '0', '0', '0', '0', '0', '0', '0', '0', '0', '0', '0', '0', '0', '0', '0', '0', '0', '0', '0', '0', '0', '0', '0', '0', '0', '0', '0', '0', '0', '0', '0', '0', '0', '0', '0', '0', '0', '0', '0', '0', '0', '0', '0', '0', '0', '0', '0', '0', '0', '0', '0', '0', '0', '0', '0', '0', '0', '0', '0', '0', '0', '0', '0', '0', '0', '0', '0', '0', '0', '0', '0', '0', '0', '0', '0', '0', '0', '0', '0', '0', '0', '0', '0', '0', '0', '0', '0', '0', '0', '0', '0', '0', '0', '0', '0', '0', '0', '0', '0', '0', '0', '0', '0', '0', '0', '0', '0', '0', '0', '0', '0', '0', '0', '0', '0', '0', '0', '0', '0', '0', '0', '0', '0', '0', '0', '0', '0', '0', '0', '0', '0', '0', '0', '0', '0', '0', '0', '0', '0', '0', '0', '0', '0', '0', '0', '0', '0', '0', '0', '0', '0', '0', '0', '0', '0', '0', '0', '0', '0', '0', '0', '0', '0', '0', '0', '0', '0', '0', '0', '0', '0', '0', '0', '0', '0', '0', '0', '0', '0', '0', '0', '0', '0', '0', '0', '0', '0', '0', '0', '0', '0', '0', '0', '0', '0', '0', '0', '0', '0', '0', '0', '0', '0', '0', '0', '0', '0', '0', '0', '0', '0', '0', '0', '0', '0', '0', '0', '0', '0', '0', '0', '0', '0', '0', '0', '0', '0', '0', '0', '0', '0', '0', '0', '0', '0', '0', '0', '0', '0', '0', '0', '0', '0', '0', '0', '0', '0', '0', '0', '0', '0', '0', '0', '0', '0', '0', '0', '0', '0', '0', '0', '0', '0', '0', '0', '0', '0', '0', '0', '0', '0', '0', '0', '0', '0', '0', '0', '0', '0', '0', '0', '0', '0', '0', '0', '0', '0', '0', '0', '0', '0', '0', '0', '0', '0', '0', '0', '0', '0', '0', '0', '0', '0', '0', '0', '0', '0', '0', '0', '0', '0', '0', '0', '0', '0', '0', '0', '0', '0', '0', '0', '0', '0', '0', '0', '0', '0', '0', '0', '0', '0', '0', '0', '0', '0', '0', '0', '0', '0', '0', '0', '0', '0', '0', '0', '0', '0', '0', '0', '0', '0', '0', '0', '0', '0', '0', '0', '0', '0', '0', '0', '0', '0', '0', '0', '0', '0', '0', '0', '0', '0', '0', '0', '0', '0', '0', '0', '0', '0', '0', '0', '0', '0', '0', '0', '0', '0', '0', '0', '0', '0', '0', '0', '0', '0', '0', '0', '0', '0', '0', '0', '0', '0', '0', '0', '0', '0', '0', '0', '0', '0', '0', '0', '0', '0', '0', '0', '0', '0', '0', '0', '0', '0', '0', '0', '0', '0', '0', '0', '0', '0', '0', '0', '0', '0', '0', '0', '0', '0', '0', '0', '0', '0', '0', '0', '0', '0', '0', '0', '0', '0', '0', '0', '0', '0', '0', '0', '0', '0', '0', '0', '0', '0', '0', '0', '0', '0', '0', '0', '0', '0', '0', '0', '0', '0', '0', '0', '0', '0', '0', '0', '0', '0', '0', '0', '0', '0', '0', '0', '0', '0', '0', '0', '0', '0', '0', '0', '0', '0', '0', '0', '0', '0', '0', '0', '0', '0', '0', '0', '0', '0', '0', '0', '0', '0', '0', '0', '0', '0', '0', '0', '0', '0', '0', '0', '0', '0', '0', '0', '0', '0', '0', '0', '0', '0', '0', '0', '0', '0', '0', '0', '0', '0', '0', '0', '0', '0', '0', '0', '0', '0', '0', '0', '0', '0', '0', '0', '0', '0', '0', '0', '0', '0', '0', '0', '0', '0', '0', '0', '0', '0', '0', '0', '0', '0', '0', '0', '0', '0', '0', '0', '0', '0', '0', '0', '0', '0', '0', '0', '0', '0', '0', '0', '0', '0', '0', '0', '0', '0', '0', '0', '0', '0', '0', '0', '0', '0', '0', '0', '0', '0', '0', '0', '0', '0', '0', '0', '0', '0', '0', '0', '0', '0', '0', '0', '0', '0', '0', '0', '0', '0', '0', '0', '0', '0', '0', '0', '0', '0', '0', '0', '0', '0', '0', '0', '0', '0', '0', '0', '0', '0', '0', '0', '0', '0', '0', '0', '0', '0', '0', '0', '0', '0', '0', '0', '0', '0', '0', '0', '0', '0', '0', '0', '0', '0', '0', '0', '0', '0', '0', '0', '0', '0', '0', '0', '0', '0', '0', '0', '0', '0', '0', '0', '0', '0', '0', '0', '0', '0', '0', '0', '0', '0', '0', '0', '0', '0', '0', '0', '0', '0', '0', '0', '0', '0', '0', '0', '0', '0', '0', '0', '0', '0', '0', '0', '0', '0', '0', '0', '0', '0', '0', '0', '0', '0', '0', '0', '0', '0', '0', '0', '0', '0', '0', '0', '0', '0', '0', '0', '0', '0', '0', '0', '0', '0', '0', '0', '0', '0', '0', '0', '0', '0', '0', '0', '0', '0', '0', '0', '0', '0', '0', '0', '0', '0', '0', '0', '0', '0', '0', '0', '0', '0', '0', '0', '0', '0', '0', '0', '0', '0', '0', '0', '0', '0', '0', '0', '0', '0', '0', '0', '0', '0', '0', '0', '0', '0', '0', '0', '0', '0', '0', '0', '0', '0', '0', '0', '0', '0', '0', '0', '0', '0', '0', '0', '0', '0', '0', '0', '0', '0', '0', '0', '0', '0', '0', '0', '0', '0', '0', '0', '0', '0', '0', '0', '0', '0', '0', '0', '0', '0', '0', '0', '0', '0', '0', '0', '0', '0', '0', '0', '0', '0', '0', '0', '0', '0', '0', '0', '0', '0', '0', '0', '0', '0', '0', '0', '0', '0', '0', '0', '0', '0', '0', '0', '0', '0', '0', '0', '0', '0', '0', '0', '0', '0', '0', '0', '0', '0', '0', '0', '0', '0', '0', '0', '0', '0', '0', '0', '0', '0', '0', '0', '0', '0', '0', '0', '0', '0', '0', '0', '0', '0', '0', '0', '0', '0', '0', '0', '0', '0', '0', '0', '0', '0', '0', '0', '0', '0', '0', '0', '0', '0', '0', '0', '0', '0', '0', '0', '0', '0', '0', '0', '0', '0', '0', '0', '0', '0', '0', '0', '0', '0', '0', '0', '0', '0', '0', '0', '0', '0', '0', '0', '0', '0', '0', '0', '0', '0', '0', '0', '0', '0', '0', '0', '0', '0', '0', '0', '0', '0', '0', '0', '0', '0', '0', '0', '0', '0', '0', '0', '0', '0', '0', '0', '0', '0', '0', '0', '0', '0', '0', '0', '0', '0', '0', '0', '0', '0', '0', '0', '0', '0', '0', '0', '0', '0', '0', '0', '0', '0', '0', '0', '0', '0', '0', '0', '0', '0', '0', '0', '0', '0', '0', '0', '0', '0', '0', '0', '0', '0', '0', '0', '0', '0', '0', '0', '0', '0', '0', '0', '0', '0', '0', '0', '0', '0', '0', '0', '0', '0', '0', '0', '0', '0', '0', '0', '0', '0', '0', '0', '0', '0', '0', '0', '0', '0', '0', '0', '0', '0', '0', '0', '0', '0', '0', '0', '0', '0', '0', '0', '0', '0', '0', '0', '0', '0', '0', '0', '0', '0', '0', '0', '0', '0', '0', '0', '0', '0', '0', '0', '0', '0', '0', '0', '0', '0', '0', '0', '0', '0', '0', '0', '0', '0', '0', '0', '0', '0', '0', '0', '0', '0', '0', '0', '0', '0', '0', '0', '0', '0', '0', '0', '0', '0', '0', '0', '0', '0', '0', '0', '0', '0', '0', '0', '0', '0', '0', '0', '0', '0', '0', '0', '0', '0', '0', '0', '0', '0', '0', '0', '0', '0', '0', '0', '0', '0', '0', '0', '0', '0', '0', '0', '0', '0', '0', '0', '0', '0', '0', '0', '0', '0', '0', '0', '0', '0', '0', '0', '0', '0', '0', '0', '0', '0', '0', '0', '0', '0', '0', '0', '0', '0', '0', '0', '0', '0', '0', '0', '0', '0', '0', '0', '0', '0', '0', '0', '0', '0', '0', '0', '0', '0', '0', '0', '0', '0', '0', '0', '0', '0', '0', '0', '0', '0', '0', '0', '0', '0', '0', '0', '0', '0', '0', '0', '0', '0', '0', '0', '0', '0', '0', '0', '0', '0', '0', '0', '0', '0', '0', '0', '0', '0', '0', '0', '0', '0', '0', '0', '0', '0', '0', '0', '0', '0', '0', '0', '0', '0', '0', '0', '0', '0', '0', '0', '0', '0', '0', '0', '0', '0', '0', '0', '0', '0', '0', '0', '0', '0', '0', '0', '0', '0', '0', '0', '0', '0', '0', '0', '0', '0', '0', '0', '0', '0', '0', '0', '0', '0', '0', '0', '0', '0', '0', '0', '0', '0', '0', '0', '0', '0', '0', '0', '0', '0', '0', '0', '0', '0', '0', '0', '0', '0', '0', '0', '0', '0', '0', '0', '0', '0', '0', '0', '0', '0', '0', '0', '0', '0', '0', '0', '0', '0', '0', '0', '0', '0', '0', '0', '0', '0', '0', '0', '0', '0', '0', '0', '0', '0', '0', '0', '0', '0', '0', '0', '0', '0', '0', '0', '0', '0', '0', '0', '0', '0', '0', '0', '0', '0', '0', '0', '0', '0', '0', '0', '0', '0', '0', '0', '0', '0', '0', '0', '0', '0', '0', '0', '0', '0', '0', '0', '0', '0', '0', '0', '0', '0', '0', '0', '0', '0', '0', '0', '0', '0', '0', '0', '0', '0', '0', '0', '0', '0', '0', '0', '0', '0', '0', '0', '0', '0', '0', '0', '0', '0', '0', '0', '0', '0', '0', '0', '0', '0', '0', '0', '0', '0', '0', '0', '0', '0', '0', '0', '0', '0', '0', '0', '0', '0', '0', '0', '0', '0', '0', '0', '0', '0', '0', '0', '0', '0', '0', '0', '0', '0', '0', '0', '0', '0', '0', '0', '0', '0', '0', '0', '0', '0', '0', '0', '0', '0', '0', '0', '0', '0', '0', '0', '0', '0', '0', '0', '0', '0', '0', '0', '0', '0', '0', '0', '0', '0', '0', '0', '0', '0', '0', '0', '0', '0', '0', '0', '0', '0', '0', '0', '0', '0', '0', '0', '0', '0', '0', '0', '0', '0', '0', '0', '0', '0', '0', '0', '0', '0', '0', '0', '0', '0', '0', '0', '0', '0', '0', '0', '0', '0', '0', '0', '0', '0', '0', '0', '0', '0', '0', '0', '0', '0', '0', '0', '0', '0', '0', '0', '0', '0', '0', '0', '0', '0', '0', '0', '0', '0', '0', '0', '0', '0', '0', '0', '0', '0', '0', '0', '0', '0', '0', '0', '0', '0', '0', '0', '0', '0', '0', '0', '0', '0', '0', '0', '0', '0', '0', '0', '0', '0', '0', '0', '0', '0', '0', '0', '0', '0', '0', '0', '0', '0', '0', '0', '0', '0', '0', '0', '0', '0', '0', '0', '0', '0', '0', '0', '0', '0', '0', '0', '0', '0', '0', '0', '0', '0', '0', '0', '0', '0', '0', '0', '0', '0', '0', '0', '0', '0', '0', '0', '0', '0', '0', '0', '0', '0', '0', '0', '0', '0', '0', '0', '0', '0', '0', '0', '0', '0', '0', '0', '0', '0', '0', '0', '0', '0', '0', '0', '0', '0', '0', '0', '0', '0', '0', '0', '0', '0', '0', '0', '0', '0', '0', '0', '0', '0', '0', '0', '0', '0', '0', '0', '0', '0', '0', '0', '0', '0', '0', '0', '0', '0', '0', '0', '0', '0', '0', '0', '0', '0', '0', '0', '0', '0', '0', '0', '0', '0', '0', '0', '0', '0', '0', '0', '0', '0', '0', '0', '0', '0', '0', '0', '0', '0', '0', '0', '0', '0', '0', '0', '0', '0', '0', '0', '0', '0', '0', '0', '0', '0', '0', '0', '0', '0', '0', '0', '0', '0', '0', '0', '0', '0', '0', '0', '0', '0', '0', '0', '0', '0', '0', '0', '0', '0', '0', '0', '0', '0', '0', '0', '0', '0', '0', '0', '0', '0', '0', '0', '0', '0', '0', '0', '0', '0', '0', '0', '0', '0', '0', '0', '0', '0', '0', '0', '0', '0', '0', '0', '0', '0', '0', '0', '0', '0', '0', '0', '0', '0', '0', '0', '0', '0', '0', '0', '0', '0', '0', '0', '0', '0', '0', '0', '0', '0', '0', '0', '0', '0', '0', '0', '0', '0', '0', '0', '0', '0', '0', '0', '0', '0', '0', '0', '0', '0', '0', '0', '0', '0', '0', '0', '0', '0', '0', '0', '0', '0', '0', '0', '0', '0', '0', '0', '0', '0', '0', '0', '0', '0', '0', '0', '0', '0', '0', '0', '0', '0', '0', '0', '0', '0', '0', '0', '0', '0', '0', '0', '0', '0', '0', '0', '0', '0', '0', '0', '0', '0', '0', '0', '0', '0', '0', '0', '0', '0', '0', '0', '0', '0', '0', '0', '0', '0', '0', '0', '0', '0', '0', '0', '0', '0', '0', '0', '0', '0', '0', '0', '0', '0', '0', '0', '0', '0', '0', '0', '0', '0', '0', '0', '0', '0', '0', '0', '0', '0', '0', '0', '0', '0', '0', '0', '0', '0', '0', '0', '0', '0', '0', '0', '0', '0', '0', '0', '0', '0', '0', '0', '0', '0', '0', '0', '0', '0', '0', '0', '0', '0', '0', '0', '0', '0', '0', '0', '0', '0', '0', '0', '0', '0', '0', '0', '0', '0', '0', '0', '0', '0', '0', '0', '0', '0', '0', '0', '0', '0', '0', '0', '0', '0', '0', '0', '0', '0', '0', '0', '0', '0', '0', '0', '0', '0', '0', '0', '0', '0', '0', '0', '0', '0', '0', '0', '0', '0', '0', '0', '0', '0', '0', '0', '0', '0', '0', '0', '0', '0', '0', '0', '0', '0', '0', '0', '0', '0', '0', '0', '0', '0', '0', '0', '0', '0', '0', '0', '0', '0', '0', '0', '0', '0', '0', '0', '0', '0', '0', '0', '0', '0', '0', '0', '0', '0', '0', '0', '0', '0', '0', '0', '0', '0', '0', '0', '0', '0', '0', '0', '0', '0', '0', '0', '0', '0', '0', '0', '0', '0', '0', '0', '0', '0', '0', '0', '0', '0', '0', '0', '0', '0', '0', '0', '0', '0', '0', '0', '0', '0', '0', '0', '0', '0', '0', '0', '0', '0', '0', '0', '0', '0', '0', '0', '0', '0', '0', '0', '0', '0', '0', '0', '0', '0', '0', '0', '0', '0', '0', '0', '0', '0', '0', '0', '0', '0', '0', '0', '0', '0', '0', '0', '0', '0', '0', '0', '0', '0', '0', '0', '0', '0', '0', '0', '0', '0', '0', '0', '0', '0', '0', '0', '0', '0', '0', '0', '0', '0', '0', '0', '0', '0', '0', '0', '0', '0', '0', '0', '0', '0', '0', '0', '0', '0', '0', '0', '0', '0', '0', '0', '0', '0', '0', '0', '0', '0', '0', '0', '0', '0', '0', '0', '0', '0', '0', '0', '0', '0', '0', '0', '0', '0', '0', '0', '0', '0', '0', '0', '0', '0', '0', '0', '0', '0', '0', '0', '0', '0', '0', '0', '0', '0', '0', '0', '0', '0', '0', '0', '0', '0', '0', '0', '0', '0', '0', '0', '0', '0', '0', '0', '0', '0', '0', '0', '0', '0', '0', '0', '0', '0', '0', '0', '0', '0', '0', '0', '0', '0', '0', '0', '0', '0', '0', '0', '0', '0', '0', '0', '0', '0', '0', '0', '0', '0', '0', '0', '0', '0', '0', '0', '0', '0', '0', '0', '0', '0', '0', '0', '0', '0', '0', '0', '0', '0', '0', '0', '0', '0', '0', '0', '0', '0', '0', '0', '0', '0', '0', '0', '0', '0', '0', '0', '0', '0', '0', '0', '0', '0', '0', '0', '0', '0', '0', '0', '0', '0', '0', '0', '0', '0', '0', '0', '0', '0', '0', '0', '0', '0', '0', '0', '0', '0', '0', '0', '0', '0', '0', '0', '0', '0', '0', '0', '0', '0', '0', '0', '0', '0', '0', '0', '0', '0', '0', '0', '0', '0', '0', '0', '0', '0', '0', '0', '0', '0', '0', '0', '0', '0', '0', '0', '0', '0', '0', '0', '0', '0', '0', '0', '0', '0', '0', '0', '0', '0', '0', '0', '0', '0', '0', '0', '0', '0', '0', '0', '0', '0', '0', '0', '0', '0', '0', '0', '0', '0', '0', '0', '0', '0', '0', '0', '0', '0', '0', '0', '0', '0', '0', '0', '0', '0', '0', '0', '0', '0', '0', '0', '0', '0', '0', '0', '0', '0', '0', '0', '0', '0', '0', '0', '0', '0', '0', '0', '0', '0', '0', '0', '0', '0', '0', '0', '0', '0', '0', '0', '0', '0', '0', '0', '0', '0', '0', '0', '0', '0', '0', '0', '0', '0', '0', '0', '0', '0', '0', '0', '0', '0', '0', '0', '0', '0', '0', '0', '0', '0', '0', '0', '0', '0', '0', '0', '0', '0', '0', '0', '0', '0', '0', '0', '0', '0', '0', '0', '0', '0', '0', '0', '0', '0', '0', '0', '0', '0', '0', '0', '0', '0', '0', '0', '0', '0', '0', '0', '0', '0', '0', '0', '0', '0', '0', '0', '0', '0', '0', '0', '0', '0', '0', '0', '0', '0', '0', '0', '0', '0', '0', '0', '0', '0', '0', '0', '0', '0', '0', '0', '0', '0', '0', '0', '0', '0', '0', '0', '0', '0', '0', '0', '0', '0', '0', '0', '0', '0', '0', '0', '0', '0', '0', '0', '0', '0', '0', '0', '0', '0', '0', '0', '0', '0', '0', '0', '0', '0', '0', '0', '0', '0', '0', '0', '0', '0', '0', '0', '0', '0', '0', '0', '0', '0', '0', '0', '0', '0', '0', '0', '0', '0', '0', '0', '0', '0', '0', '0', '0', '0', '0', '0', '0', '0', '0', '0', '0', '0', '0', '0', '0', '0', '0', '0', '0', '0', '0', '0', '0', '0', '0', '0', '0', '0', '0', '0', '0', '0', '0', '0', '0', '0', '0', '0', '0', '0', '0', '0', '0', '0', '0', '0', '0', '0', '0', '0', '0', '0', '0', '0', '0', '0', '0', '0', '0', '0', '0', '0', '0', '0', '0', '0', '0', '0', '0', '0', '0', '0', '0', '0', '0', '0', '0', '0', '0', '0', '0', '0', '0', '0', '0', '0', '0', '0', '0', '0', '0', '0', '0', '0', '0', '0', '0', '0', '0', '0', '0', '0', '0', '0', '0', '0', '0', '0', '0', '0', '0', '0', '0', '0', '0', '0', '0', '0', '0', '0', '0', '0', '0', '0', '0', '0', '0', '0', '0', '0', '0', '0', '0', '0', '0', '0', '0', '0', '0', '0', '0', '0', '0', '0', '0', '0', '0', '0', '0', '0', '0', '0', '0', '0', '0', '0', '0', '0', '0', '0', '0', '0', '0', '0', '0', '0', '0', '0', '0', '0', '0', '0', '0', '0', '0', '0', '0', '0', '0', '0', '0', '0', '0', '0', '0', '0', '0', '0', '0', '0', '0', '0', '0', '0', '0', '0', '0', '0', '0', '0', '0', '0', '0', '0', '0', '0', '0', '0', '0', '0', '0', '0', '0', '0', '0', '0', '0', '0', '0', '0', '0', '0', '0', '0', '0', '0', '0', '0', '0', '0', '0', '0', '0', '0', '0', '0', '0', '0', '0', '0', '0', '0', '0', '0', '0', '0', '0', '0', '0', '0', '0', '0', '0', '0', '0', '0', '0', '0', '0', '0', '0', '0', '0', '0', '0', '0', '0', '0', '0', '0', '0', '0', '0', '0', '0', '0', '0', '0', '0', '0', '0', '0', '0', '0', '0', '0', '0', '0', '0', '0', '0', '0', '0', '0', '0', '0', '0', '0', '0', '0', '0', '0', '0', '0', '0', '0', '0', '0', '0', '0', '0', '0', '0', '0', '0', '0', '0', '0', '0', '0', '0', '0', '0', '0', '0', '0', '0', '0', '0', '0', '0', '0', '0', '0', '0', '0', '0', '0', '0', '0', '0', '0', '0', '0', '0', '0', '0', '0', '0', '0', '0', '0', '0', '0', '0', '0', '0', '0', '0', '0', '0', '0', '0', '0', '0', '0', '0', '0', '0', '0', '0', '0', '0', '0', '0', '0', '0', '0', '0', '0', '0', '0', '0', '0', '0', '0', '0', '0', '0', '0', '0', '0', '0', '0', '0', '0', '0', '0', '0', '0', '0', '0', '0', '0', '0', '0', '0', '0', '0', '0', '0', '0', '0', '0', '0', '0', '0', '0', '0', '0', '0', '0', '0', '0', '0', '0', '0', '0', '0', '0', '0', '0', '0', '0', '0', '0', '0', '0', '0', '0', '0', '0', '0', '0', '0', '0', '0', '0', '0', '0', '0', '0', '0', '0', '0', '0', '0', '0', '0', '0', '0', '0', '0', '0', '0', '0', '0', '0', '0', '0', '0', '0', '0', '0', '0', '0', '0', '0', '0', '0', '0', '0', '0', '0', '0', '0', '0', '0', '0', '0', '0', '0', '0', '0', '0', '0', '0', '0', '0', '0', '0', '0', '0', '0', '0', '0', '0', '0', '0', '0', '0', '0', '0', '0', '0', '0', '0', '0', '0', '0', '0', '0', '0', '0', '0', '0', '0', '0', '0', '0', '0', '0', '0', '0', '0', '0', '0', '0', '0', '0', '0', '0', '0', '0', '0', '0', '0', '0', '0', '0', '0', '0', '0', '0', '0', '0', '0', '0', '0', '0', '0', '0', '0', '0', '0', '0', '0', '0', '0', '0', '0', '0', '0', '0', '0', '0', '0', '0', '0', '0', '0', '0', '0', '0', '0', '0', '0', '0', '0', '0', '0', '0', '0', '0', '0', '0', '0', '0', '0', '0', '0', '0', '0', '0', '0', '0', '0', '0', '0', '0', '0', '0', '0', '0', '0', '0', '0', '0', '0', '0', '0', '0', '0', '0', '0', '0', '0', '0', '0', '0', '0', '0', '0', '0', '0', '0', '0', '0', '0', '0', '0', '0', '0', '0', '0', '0', '0', '0', '0', '0', '0', '0', '0', '0', '0', '0', '0', '0', '0', '0', '0', '0', '0', '0', '0', '0', '0', '0', '0', '0', '0', '0', '0', '0', '0', '0', '0', '0', '0', '0', '0', '0', '0', '0', '0', '0', '0', '0', '0', '0', '0', '0', '0', '0', '0', '0', '0', '0', '0', '0', '0', '0', '0', '0', '0', '0', '0', '0', '0', '0', '0', '0', '0', '0', '0', '0', '0', '0', '0', '0', '0', '0', '0', '0', '0', '0', '0', '0', '0', '0', '0', '0', '0', '0', '0', '0', '0', '0', '0', '0', '0', '0', '0', '0', '0', '0', '0', '0', '0', '0', '0', '0', '0', '0', '0', '0', '0', '0', '0', '0', '0', '0', '0', '0', '0', '0', '0', '0', '0', '0', '0', '0', '0', '0', '0', '0', '0', '0', '0', '0', '0', '0', '0', '0', '0', '0', '0', '0', '0', '0', '0', '0', '0', '0', '0', '0', '0', '0', '0', '0', '0', '0', '0', '0', '0', '0', '0', '0', '0', '0', '0', '0', '0', '0', '0', '0', '0', '0', '0', '0', '0', '0', '0', '0', '0', '0', '0', '0', '0', '0', '0', '0', '0', '0', '0', '0', '0', '0', '0', '0', '0', '0', '0', '0', '0', '0', '0', '0', '0', '0', '0', '0', '0', '0', '0', '0', '0', '0', '0', '0', '0', '0', '0', '0', '0', '0', '0', '0', '0', '0', '0', '0', '0', '0', '0', '0', '0', '0', '0', '0', '0', '0', '0', '0', '0', '0', '0', '0', '0', '0', '0', '0', '0', '0', '0', '0', '0', '0', '0', '0', '0', '0', '0', '0', '0', '0', '0', '0', '0', '0', '0', '0', '0', '0', '0', '0', '0', '0', '0', '0', '0', '0', '0', '0', '0', '0', '0', '0', '0', '0', '0', '0', '0', '0', '0', '0', '0', '0', '0', '0', '0', '0', '0', '0', '0', '0', '0', '0', '0', '0', '0', '0', '0', '0', '0', '0', '0', '0', '0', '0', '0', '0', '0', '0', '0', '0', '0', '0', '0', '0', '0', '0', '0', '0', '0', '0', '0', '0', '0', '0', '0', '0', '0', '0', '0', '0', '0', '0', '0', '0', '0', '0', '0', '0', '0', '0', '0', '0', '0', '0', '0', '0', '0', '0', '0', '0', '0', '0', '0', '0', '0', '0', '0', '0', '0', '0', '0', '0', '0', '0', '0', '0', '0', '0', '0', '0', '0', '0', '0', '0', '0', '0', '0', '0', '0', '0', '0', '0', '0', '0', '0', '0', '0', '0', '0', '0', '0', '0', '0', '0', '0', '0', '0', '0', '0', '0', '0', '0', '0', '0', '0', '0', '0', '0', '0', '0', '0', '0', '0', '0', '0', '0', '0', '0', '0', '0', '0', '0', '0', '0', '0', '0', '0', '0', '0', '0', '0', '0', '0', '0', '0', '0', '0', '0', '0', '0', '0', '0', '0', '0', '0', '0', '0', '0', '0', '0', '0', '0', '0', '0', '0', '0', '0', '0', '0', '0', '0', '0', '0', '0', '0', '0', '0', '0', '0', '0', '0', '0', '0', '0', '0', '0', '0', '0', '0', '0', '0', '0', '0', '0', '0', '0', '0', '0', '0', '0', '0', '0', '0', '0', '0', '0', '0', '0', '0', '0', '0', '0', '0', '0', '0', '0', '0', '0', '0', '0', '0', '0', '0', '0', '0', '0', '0', '0', '0', '0', '0', '0', '0', '0', '0', '0', '0', '0', '0', '0', '0', '0', '0', '0', '0', '0', '0', '0', '0', '0', '0', '0', '0', '0', '0', '0', '0', '0', '0', '0', '0', '0', '0', '0', '0', '0', '0', '0', '0', '0', '0', '0', '0', '0', '0', '0', '0', '0', '0', '0', '0', '0', '0', '0', '0', '0', '0', '0', '0', '0', '0', '0', '0', '0', '0', '0', '0', '0', '0', '0', '0', '0', '0', '0', '0', '0', '0', '0', '0', '0', '0', '0', '0', '0', '0', '0', '0', '0', '0', '0', '0', '0', '0', '0', '0', '0', '0', '0', '0', '0', '0', '0', '0', '0', '0', '0', '0', '0', '0', '0', '0', '0', '0', '0', '0', '0', '0', '0', '0', '0', '0', '0', '0', '0', '0', '0', '0', '0', '0', '0', '0', '0', '0', '0', '0', '0', '0', '0', '0', '0', '0', '0', '0', '0', '0', '0', '0', '0', '0', '0', '0', '0', '0', '0', '0', '0', '0', '0', '0', '0', '0', '0', '0', '0', '0', '0', '0', '0', '0', '0', '0', '0', '0', '0', '0', '0', '0', '0', '0', '0', '0', '0', '0', '0', '0', '0', '0', '0', '0', '0', '0', '0', '0', '0', '0', '0', '0', '0', '0', '0', '0', '0', '0', '0', '0', '0', '0', '0', '0', '0', '0', '0', '0', '0', '0', '0', '0', '0', '0', '0', '0', '0', '0', '0', '0', '0', '0', '0', '0', '0', '0', '0', '0', '0', '0', '0', '0', '0', '0', '0', '0', '0', '0', '0', '0', '0', '0', '0', '0', '0', '0', '0', '0', '0', '0', '0', '0', '0', '0', '0', '0', '0', '0', '0', '0', '0', '0', '0', '0', '0', '0', '0', '0', '0', '0', '0', '0', '0', '0', '0', '0', '0', '0', '0', '0', '0', '0', '0', '0', '0', '0', '0', '0', '0', '0', '0', '0', '0', '0', '0', '0', '0', '0', '0', '0', '0', '0', '0', '0', '0', '0', '0', '0', '0', '0', '0', '0', '0', '0', '0', '0', '0', '0', '0', '0', '0', '0', '0', '0', '0', '0', '0', '0', '0', '0', '0', '0', '0', '0', '0', '0', '0', '0', '0', '0', '0', '0', '0', '0', '0', '0', '0', '0', '0', '0', '0', '0', '0', '0', '0', '0', '0', '0', '0', '0', '0', '0', '0', '0', '0', '0', '0', '0', '0', '0', '0', '0', '0', '0', '0', '0', '0', '0', '0', '0', '0', '0', '0', '0', '0', '0', '0', '0', '0', '0', '0', '0', '0', '0', '0', '0', '0', '0', '0', '0', '0', '0', '0', '0', '0', '0', '0', '0', '0', '0', '0', '0', '0', '0', '0', '0', '0', '0', '0', '0', '0', '0', '0', '0', '0', '0', '0', '0', '0', '0', '0', '0', '0', '0', '0', '0', '0', '0', '0', '0', '0', '0', '0', '0', '0', '0', '0', '0', '0', '0', '0', '0', '0', '0', '0', '0', '0', '0', '0', '0', '0', '0', '0', '0', '0', '0', '0', '0', '0', '0', '0', '0', '0', '0', '0', '0', '0', '0', '0', '0', '0', '0', '0', '0', '0', '0', '0', '0', '0', '0', '0', '0', '0', '0', '0', '0', '0', '0', '0', '0', '0', '0', '0', '0', '0', '0', '0', '0', '0', '0', '0', '0', '0', '0', '0', '0', '0', '0', '0', '0', '0', '0', '0', '0', '0', '0', '0', '0', '0', '0', '0', '0', '0', '0', '0', '0', '0', '0', '0', '0', '0', '0', '0', '0', '0', '0', '0', '0', '0', '0', '0', '0', '0', '0', '0', '0', '0', '0', '0', '0', '0', '0', '0', '0', '0', '0', '0', '0', '0', '0', '0', '0', '0', '0', '0', '0', '0', '0', '0', '0', '0', '0', '0', '0', '0', '0', '0', '0', '0', '0', '0', '0', '0', '0', '0', '0', '0', '0', '0', '0', '0', '0', '0', '0', '0', '0', '0', '0', '0', '0', '0', '0', '0', '0', '0', '0', '0', '0', '0', '0', '0', '0', '0', '0', '0', '0', '0', '0', '0', '0', '0', '0', '0', '0', '0', '0', '0', '0', '0', '0', '0', '0', '0', '0', '0', '0', '0', '0', '0', '0', '0', '0', '0', '0', '0', '0', '0', '0', '0', '0', '0', '0', '0', '0', '0', '0', '0', '0', '0', '0', '0', '0', '0', '0', '0', '0', '0', '0', '0', '0', '0', '0', '0', '0', '0', '0', '0', '0', '0', '0', '0', '0', '0', '0', '0', '0', '0', '0', '0', '0', '0', '0', '0', '0', '0', '0', '0', '0', '0', '0', '0', '0', '0', '0', '0', '0', '0', '0', '0', '0', '0', '0', '0', '0', '0', '0', '0', '0', '0', '0', '0', '0', '0', '0', '0', '0', '0', '0', '0', '0', '0', '0', '0', '0', '0', '0', '0', '0', '0', '0', '0', '0', '0', '0', '0', '0', '0', '0', '0', '0', '0', '0', '0', '0', '0', '0', '0', '0', '0', '0', '0', '0', '0', '0', '0', '0', '0', '0', '0', '0', '0', '0', '0', '0', '0', '0', '0', '0', '0', '0', '0', '0', '0', '0', '0', '0', '0', '0', '0', '0', '0', '0', '0', '0', '0', '0', '0', '0', '0', '0', '0', '0', '0', '0', '0', '0', '0', '0', '0', '0', '0', '0', '0', '0', '0', '0', '0', '0', '0', '0', '0', '0', '0', '0', '0', '0', '0', '0', '0', '0', '0', '0', '0', '0', '0', '0', '0', '0', '0', '0', '0', '0', '0', '0', '0', '0', '0', '0', '0', '0', '0', '0', '0', '0', '0', '0', '0', '0', '0', '0', '0', '0', '0', '0', '0', '0', '0', '0', '0', '0', '0', '0', '0', '0', '0', '0', '0', '0', '0', '0', '0', '0', '0', '0', '0', '0', '0', '0', '0', '0', '0', '0', '0', '0', '0', '0', '0', '0', '0', '0', '0', '0', '0', '0', '0', '0', '0', '0', '0', '0', '0', '0', '0', '0', '0', '0', '0', '0', '0', '0', '0', '0', '0', '0', '0', '0', '0', '0', '0', '0', '0', '0', '0', '0', '0', '0', '0', '0', '0', '0', '0', '0', '0', '0', '0', '0', '0', '0', '0', '0', '0', '0', '0', '0', '0', '0', '0', '0', '0', '0', '0', '0', '0', '0', '0', '0', '0', '0', '0', '0', '0', '0', '0', '0', '0', '0', '0', '0', '0', '0', '0', '0', '0', '0', '0', '0', '0', '0', '0', '0', '0', '0', '0', '0', '0', '0', '0', '0', '0', '0', '0', '0', '0', '0', '0', '0', '0', '0', '0', '0', '0', '0', '0', '0', '0', '0', '0', '0', '0', '0', '0', '0', '0', '0', '0', '0', '0', '0', '0', '0', '0', '0', '0', '0', '0', '0', '0', '0', '0', '0', '0', '0', '0', '0', '0', '0', '0', '0', '0', '0', '0', '0', '0', '0', '0', '0', '0', '0', '0', '0', '0', '0', '0', '0', '0', '0', '0', '0', '0', '0', '0', '0', '0', '0', '0', '0', '0', '0', '0', '0', '0', '0', '0', '0', '0', '0', '0', '0', '0', '0', '0', '0', '0', '0', '0', '0', '0', '0', '0', '0', '0', '0', '0', '0', '0', '0', '0', '0', '0', '0', '0', '0', '0', '0', '0', '0', '0', '0', '0', '0', '0', '0', '0', '0', '0', '0', '0', '0', '0', '0', '0', '0', '0', '0', '0', '0', '0', '0', '0', '0', '0', '0', '0', '0', '0', '0', '0', '0', '0', '0', '0', '0', '0', '0', '0', '0', '0', '0', '0', '0', '0', '0', '0', '0', '0', '0', '0', '0', '0', '0', '0', '0', '0', '0', '0', '0', '0', '0', '0', '0', '0', '0', '0', '0', '0', '0', '0', '0', '0', '0', '0', '0', '0', '0', '0', '0', '0', '0', '0', '0', '0', '0', '0', '0', '0', '0', '0', '0', '0', '0', '0', '0', '0', '0', '0', '0', '0', '0', '0', '0', '0', '0', '0', '0', '0', '0', '0', '0', '0', '0', '0', '0', '0', '0', '0', '0', '0', '0', '0', '0', '0', '0', '0', '0', '0', '0', '0', '0', '0', '0', '0', '0', '0', '0', '0', '0', '0', '0', '0', '0', '0', '0', '0', '0', '0', '0', '0', '0', '0', '0', '0', '0', '0', '0', '0', '0', '0', '0', '0', '0', '0', '0', '0', '0', '0', '0', '0', '0', '0', '0', '0', '0', '0', '0', '0', '0', '0', '0', '0', '0', '0', '0', '0', '0', '0', '0', '0', '0', '0', '0', '0', '0', '0', '0', '0', '0', '0', '0', '0', '0', '0', '0', '0', '0', '0', '0', '0', '0', '0', '0', '0', '0', '0', '0', '0', '0', '0', '0', '0', '0', '0', '0', '0', '0', '0', '0', '0', '0', '0', '0', '0', '0', '0', '0', '0', '0', '0', '0', '0', '0', '0', '0', '0', '0', '0', '0', '0', '0', '0', '0', '0', '0', '0', '0', '0', '0', '0', '0', '0', '0', '0', '0', '0', '0', '0', '0', '0', '0', '0', '0', '0', '0', '0', '0', '0', '0', '0', '0', '0', '0', '0', '0', '0', '0', '0', '0', '0', '0', '0', '0', '0', '0', '0', '0', '0', '0', '0', '0', '0', '0', '0', '0', '0', '0', '0', '0', '0', '0', '0', '0', '0', '0', '0', '0', '0', '0', '0', '0', '0', '0', '0', '0', '0', '0', '0', '0', '0', '0', '0', '0', '0', '0', '0', '0', '0', '0', '0', '0', '0', '0', '0', '0', '0', '0', '0', '0', '0', '0', '0', '0', '0', '0', '0', '0', '0', '0', '0', '0', '0', '0', '0', '0', '0', '0', '0', '0', '0', '0', '0', '0', '0', '0', '0', '0', '0', '0', '0', '0', '0', '0', '0', '0', '0', '0', '0', '0', '0', '0', '0', '0', '0', '0', '0', '0', '0', '0', '0', '0', '0', '0', '0', '0', '0', '0', '0', '0', '0', '0', '0', '0', '0', '0', '0', '0', '0', '0', '0', '0', '0', '0', '0', '0', '0', '0', '0', '0', '0', '0', '0', '0', '0', '0', '0', '0', '0', '0', '0', '0', '0', '0', '0', '0', '0', '0', '0', '0', '0', '0', '0', '0', '0', '0', '0', '0', '0', '0', '0', '0', '0', '0', '0', '0', '0', '0', '0', '0', '0', '0', '0', '0', '0', '0', '0', '0', '0', '0', '0', '0', '0', '0', '0', '0', '0', '0', '0', '0', '0', '0', '0', '0', '0', '0', '0', '0', '0', '0', '0', '0', '0', '0', '0', '0', '0', '0', '0', '0', '0', '0', '0', '0', '0', '0', '0', '0', '0', '0', '0', '0', '0', '0', '0', '0', '0', '0', '0', '0', '0', '0', '0', '0', '0', '0', '0', '0', '0', '0', '0', '0', '0', '0', '0', '0', '0', '0', '0', '0', '0', '0', '0', '0', '0', '0', '0', '0', '0', '0', '0', '0', '0', '0', '0', '0', '0', '0', '0', '0', '0', '0', '0', '0', '0', '0', '0', '0', '0', '0', '0', '0', '0', '0', '0', '0', '0', '0', '0', '0', '0', '0', '0', '0', '0', '0', '0', '0', '0', '0', '0', '0', '0', '0', '0', '0', '0', '0', '0', '0', '0', '0', '0', '0', '0', '0', '0', '0', '0', '0', '0', '0', '0', '0', '0', '0', '0', '0', '0', '0', '0', '0', '0', '0', '0', '0', '0', '0', '0', '0', '0', '0', '0', '0', '0', '0', '0', '0', '0', '0', '0', '0', '0', '0', '0', '0', '0', '0', '0', '0', '0', '0', '0', '0', '0', '0', '0', '0', '0', '0', '0', '0', '0', '0', '0', '0', '0', '0', '0', '0', '0', '0', '0', '0', '0', '0', '0', '0', '0', '0', '0', '0', '0', '0', '0', '0', '0', '0', '0', '0', '0', '0', '0', '0', '0', '0', '0', '0', '0', '0', '0', '0', '0', '0', '0', '0', '0', '0', '0', '0', '0', '0', '0', '0', '0', '0', '0', '0', '0', '0', '0', '0', '0', '0', '0', '0', '0', '0', '0', '0', '0', '0', '0', '0', '0', '0', '0', '0', '0', '0', '0', '0', '0', '0', '0', '0', '0', '0', '0', '0', '0', '0', '0', '0', '0', '0', '0', '0', '0', '0', '0', '0', '0', '0', '0', '0', '0', '0', '0', '0', '0', '0', '0', '0', '0', '0', '0', '0', '0', '0', '0', '0', '0', '0', '0', '0', '0', '0', '0', '0', '0', '0', '0', '0', '0', '0', '0', '0', '0', '0', '0', '0', '0', '0', '0', '0', '0', '0', '0', '0', '0', '0', '0', '0', '0', '0', '0', '0', '0', '0', '0', '0', '0', '0', '0', '0', '0', '0', '0', '0', '0', '0', '0', '0', '0', '0', '0', '0', '0', '0', '0', '0', '0', '0', '0', '0', '0', '0', '0', '0', '0', '0', '0', '0', '0', '0', '0', '0', '0', '0', '0', '0', '0', '0', '0', '0', '0', '0', '0', '0', '0', '0', '0', '0', '0', '0', '0', '0', '0', '0', '0', '0', '0', '0', '0', '0', '0', '0', '0', '0', '0', '0', '0', '0', '0', '0', '0', '0', '0', '0', '0', '0', '0', '0', '0', '0', '0', '0', '0', '0', '0', '0', '0', '0', '0', '0', '0', '0', '0', '0', '0', '0', '0', '0', '0', '0', '0', '0', '0', '0', '0', '0', '0', '0', '0', '0', '0', '0', '0', '0', '0', '0', '0', '0', '0', '0', '0', '0', '0', '0', '0', '0', '0', '0', '0', '0', '0', '0', '0', '0', '0', '0', '0', '0', '0', '0', '0', '0', '0', '0', '0', '0', '0', '0', '0', '0', '0', '0', '0', '0', '0', '0', '0', '0', '0', '0', '0', '0', '0', '0', '0', '0', '0', '0', '0', '0', '0', '0', '0', '0', '0', '0', '0', '0', '0', '0', '0', '0', '0', '0', '0', '0', '0', '0', '0', '0', '0', '0', '0', '0', '0', '0', '0', '0', '0', '0', '0', '0', '0', '0', '0', '0', '0', '0', '0', '0', '0', '0', '0', '0', '0', '0', '0', '0', '0', '0', '0', '0', '0', '0', '0', '0', '0', '0', '0', '0', '0', '0', '0', '0', '0', '0', '0', '0', '0', '0', '0', '0', '0', '0', '0', '0', '0', '0', '0', '0', '0', '0', '0', '0', '0', '0', '0', '0', '0', '0', '0', '0', '0', '0', '0', '0', '0', '0', '0', '0', '0', '0', '0', '0', '0', '0', '0', '0', '0', '0', '0', '0', '0', '0', '0', '0', '0', '0', '0', '0', '0', '0', '0', '0', '0', '0', '0', '0', '0', '0', '0', '0', '0', '0', '0', '0', '0', '0', '0', '0', '0', '0', '0', '0', '0', '0', '0', '0', '0', '0', '0', '0', '0', '0', '0', '0', '0', '0', '0', '0', '0', '0', '0', '0', '0', '0', '0', '0', '0', '0', '0', '0', '0', '0', '0', '0', '0', '0', '0', '0', '0', '0', '0', '0', '0', '0', '0', '0', '0', '0', '0', '0', '0', '0', '0', '0', '0', '0', '0', '0', '0', '0', '0', '0', '0', '0', '0', '0', '0', '0', '0', '0', '0', '0', '0', '0', '0', '0', '0', '0', '0', '0', '0', '0', '0', '0', '0', '0', '0', '0', '0', '0', '0', '0', '0', '0', '0', '0', '0', '0', '0', '0', '0', '0', '0', '0', '0', '0', '0', '0', '0', '0', '0', '0', '0', '0', '0', '0', '0', '0', '0', '0', '0', '0', '0', '0', '0', '0', '0', '0', '0', '0', '0', '0', '0', '0', '0', '0', '0', '0', '0', '0', '0', '0', '0', '0', '0', '0', '0', '0', '0', '0', '0', '0', '0', '0', '0', '0', '0', '0', '0', '0', '0', '0', '0', '0', '0', '0', '0', '0', '0', '0', '0', '0', '0', '0', '0', '0', '0', '0', '0', '0', '0', '0', '0', '0', '0', '0', '0', '0', '0', '0', '0', '0', '0', '0', '0', '0', '0', '0', '0', '0', '0', '0', '0', '0', '0', '0', '0', '0', '0', '0', '0', '0', '0', '0', '0', '0', '0', '0', '0', '0', '0', '0', '0', '0', '0', '0', '0', '0', '0', '0', '0', '0', '0', '0', '0', '0', '0', '0', '0', '0', '0', '0', '0', '0', '0', '0', '0', '0', '0', '0', '0', '0', '0', '0', '0', '0', '0', '0', '0', '0', '0', '0', '0', '0', '0', '0', '0', '0', '0', '0', '0', '0', '0', '0', '0', '0', '0', '0', '0', '0', '0', '0', '0', '0', '0', '0', '0', '0', '0', '0', '0', '0', '0', '0', '0', '0', '0', '0', '0', '0', '0', '0', '0', '0', '0', '0', '0', '0', '0', '0', '0', '0', '0', '0', '0', '0', '0', '0', '0', '0', '0', '0', '0', '0', '0', '0', '0', '0', '0', '0', '0', '0', '0', '0', '0', '0', '0', '0', '0', '0', '0', '0', '0', '0', '0', '0', '0', '0', '0', '0', '0', '0', '0', '0', '0', '0', '0', '0', '0', '0', '0', '0', '0', '0', '0', '0', '0', '0', '0', '0', '0', '0', '0', '0', '0', '0', '0', '0', '0', '0', '0', '0', '0', '0', '0', '0', '0', '0', '0', '0', '0', '0', '0', '0', '0', '0', '0', '0', '0', '0', '0', '0', '0', '0', '0', '0', '0', '0', '0', '0', '0', '0', '0', '0', '0', '0', '0', '0', '0', '0', '0', '0', '0', '0', '0', '0', '0', '0', '0', '0', '0', '0', '0', '0', '0', '0', '0', '0', '0', '0', '0', '0', '0', '0', '0', '0', '0', '0', '0', '0', '0', '0', '0', '0', '0', '0', '0', '0', '0', '0', '0', '0', '0', '0', '0', '0', '0', '0', '0', '0', '0', '0', '0', '0', '0', '0', '0', '0', '0', '0', '0', '0', '0', '0', '0', '0', '0', '0', '0', '0', '0', '0', '0', '0', '0', '0', '0', '0', '0', '0', '0', '0', '0', '0', '0', '0', '0', '0', '0', '0', '0', '0', '0', '0', '0', '0', '0', '0', '0', '0', '0', '0', '0', '0', '0', '0', '0', '0', '0', '0', '0', '0', '0', '0', '0', '0', '0', '0', '0', '0', '0', '0', '0', '0', '0', '0', '0', '0', '0', '0', '0', '0', '0', '0', '0', '0', '0', '0', '0', '0', '0', '0', '0', '0', '0', '0', '0', '0', '0', '0', '0', '0', '0', '0', '0', '0', '0', '0', '0', '0', '0', '0', '0', '0', '0', '0', '0', '0', '0', '0', '0', '0', '0', '0', '0', '0', '0', '0', '0', '0', '0', '0', '0', '0', '0', '0', '0', '0', '0', '0', '0', '0', '0', '0', '0', '0', '0', '0', '0', '0', '0', '0', '0', '0', '0', '0', '0', '0', '0', '0', '0', '0', '0', '0', '0', '0', '0', '0', '0', '0', '0', '0', '0', '0', '0', '0', '0', '0', '0', '0', '0', '0', '0', '0', '0', '0', '0', '0', '0', '0', '0', '0', '0', '0', '0', '0', '0', '0', '0', '0', '0', '0', '0', '0', '0', '0', '0', '0', '0', '0', '0', '0', '0', '0', '0', '0', '0', '0', '0', '0', '0', '0', '0', '0', '0', '0', '0', '0', '0', '0', '0', '0', '0', '0', '0', '0', '0', '0', '0', '0', '0', '0', '0', '0', '0', '0', '0', '0', '0', '0', '0', '0', '0', '0', '0', '0', '0', '0', '0', '0', '0', '0', '0', '0', '0', '0', '0', '0', '0', '0', '0', '0', '0', '0', '0', '0', '0', '0', '0', '0', '0', '0', '0', '0', '0', '0', '0', '0', '0', '0', '0', '0', '0', '0', '0', '0', '0', '0', '0', '0', '0', '0', '0', '0', '0', '0', '0', '0', '0', '0', '0', '0', '0', '0', '0', '0', '0', '0', '0', '0', '0', '0', '0', '0', '0', '0', '0', '0', '0', '0', '0', '0', '0', '0', '0', '0', '0', '0', '0', '0', '0', '0', '0', '0', '0', '0', '0', '0', '0', '0', '0', '0', '0', '0', '0', '0', '0', '0', '0', '0', '0', '0', '0', '0', '0', '0', '0', '0', '0', '0', '0', '0', '0', '0', '0', '0', '0', '0', '0', '0', '0', '0', '0', '0', '0', '0', '0', '0', '0', '0', '0', '0', '0', '0', '0', '0', '0', '0', '0', '0', '0', '0', '0', '0', '0', '0', '0', '0', '0', '0', '0', '0', '0', '0', '0', '0', '0', '0', '0', '0', '0', '0', '0', '0', '0', '0', '0', '0', '0', '0', '0', '0', '0', '0', '0', '0', '0', '0', '0', '0', '0', '0', '0', '0', '0', '0', '0', '0', '0', '0', '0', '0', '0', '0', '0', '0', '0', '0', '0', '0', '0', '0', '0', '0', '0', '0', '0', '0', '0', '0', '0', '0', '0', '0', '0', '0', '0', '0', '0', '0', '0', '0', '0', '0', '0', '0', '0', '0', '0', '0', '0', '0', '0', '0', '0', '0', '0', '0', '0', '0', '0', '0', '0', '0', '0', '0', '0', '0', '0', '0', '0', '0', '0', '0', '0', '0', '0', '0', '0', '0', '0', '0', '0', '0', '0', '0', '0', '0', '0', '0', '0', '0', '0', '0', '0', '0', '0', '0', '0', '0', '0', '0', '0', '0', '0', '0', '0', '0', '0', '0', '0', '0', '0', '0', '0', '0', '0', '0', '0', '0', '0', '0', '0', '0', '0', '0', '0', '0', '0', '0', '0', '0', '0', '0', '0', '0', '0', '0', '0', '0', '0', '0', '0', '0', '0', '0', '0', '0', '0', '0', '0', '0', '0', '0', '0', '0', '0', '0', '0', '0', '0', '0', '0', '0', '0', '0', '0', '0', '0', '0', '0', '0', '0', '0', '0', '0', '0', '0', '0', '0', '0', '0', '0', '0', '0', '0', '0', '0', '0', '0', '0', '0', '0', '0', '0', '0', '0', '0', '0', '0', '0', '0', '0', '0', '0', '0', '0', '0', '0', '0', '0', '0', '0', '0', '0', '0', '0', '0', '0', '0', '0', '0', '0', '0', '0', '0', '0', '0', '0', '0', '0', '0', '0', '0', '0', '0', '0', '0', '0', '0', '0', '0', '0', '0', '0', '0', '0', '0', '0', '0', '0', '0', '0', '0', '0', '0', '0', '0', '0', '0', '0', '0', '0', '0', '0', '0', '0', '0', '0', '0', '0', '0', '0', '0', '0', '0', '0', '0', '0', '0', '0', '0', '0', '0', '0', '0', '0', '0', '0', '0', '0', '0', '0', '0', '0', '0', '0', '0', '0', '0', '0', '0', '0', '0', '0', '0', '0', '0', '0', '0', '0', '0', '0', '0', '0', '0', '0', '0', '0', '0', '0', '0', '0', '0', '0', '0', '0', '0', '0', '0', '0', '0', '0', '0', '0', '0', '0', '0', '0', '0', '0', '0', '0', '0', '0', '0', '0', '0', '0', '0', '0', '0', '0', '0', '0', '0', '0', '0', '0', '0', '0', '0', '0', '0', '0', '0', '0', '0', '0', '0', '0', '0', '0', '0', '0', '0', '0', '0', '0', '0', '0', '0', '0', '0', '0', '0', '0', '0', '0', '0', '0', '0', '0', '0', '0', '0', '0', '0', '0', '0', '0', '0', '0', '0', '0', '0', '0', '0', '0', '0', '0', '0', '0', '0', '0', '0', '0', '0', '0', '0', '0', '0', '0', '0', '0', '0', '0', '0', '0', '0', '0', '0', '0', '0', '0', '0', '0', '0', '0', '0', '0', '0', '0', '0', '0', '0', '0', '0', '0', '0', '0', '0', '0', '0', '0', '0', '0', '0', '0', '0', '0', '0', '0', '0', '0', '0', '0', '0', '0', '0', '0', '0', '0', '0', '0', '0', '0', '0', '0', '0', '0', '0', '0', '0', '0', '0', '0', '0', '0', '0', '0', '0', '0', '0', '0', '0', '0', '0', '0', '0', '0', '0', '0', '0', '0', '0', '0', '0', '0', '0', '0', '0', '0', '0', '0', '0', '0', '0', '0', '0', '0', '0', '0', '0', '0', '0', '0', '0', '0', '0', '0', '0', '0', '0', '0', '0', '0', '0', '0', '0', '0', '0', '0', '0', '0', '0', '0', '0', '0', '0', '0', '0', '0', '0', '0', '0', '0', '0', '0', '0', '0', '0', '0', '0', '0', '0', '0', '0', '0', '0', '0', '0', '0', '0', '0', '0', '0', '0', '0', '0', '0', '0', '0', '0', '0', '0', '0', '0', '0', '0', '0', '0', '0', '0', '0', '0', '0', '0', '0', '0', '0', '0', '0', '0', '0', '0', '0', '0', '0', '0', '0', '0', '0', '0', '0', '0', '0', '0', '0', '0', '0', '0', '0', '0', '0', '0', '0', '0', '0', '0', '0', '0', '0', '0', '0', '0', '0', '0', '0', '0', '0', '0', '0', '0', '0', '0', '0', '0', '0', '0', '0', '0', '0', '0', '0', '0', '0', '0', '0', '0', '0', '0', '0', '0', '0', '0', '0', '0', '0', '0', '0', '0', '0', '0', '0', '0', '0', '0', '0', '0', '0', '0', '0', '0', '0', '0', '0', '0', '0', '0', '0', '0', '0', '0', '0', '0', '0', '0', '0', '0', '0', '0', '0', '0', '0', '0', '0', '0', '0', '0', '0', '0', '0', '0', '0', '0', '0', '0', '0', '0', '0', '0', '0', '0', '0', '0', '0', '0', '0', '0', '0', '0', '0', '0', '0', '0', '0', '0', '0', '0', '0', '0', '0', '0', '0', '0', '0', '0', '0', '0', '0', '0', '0', '0', '0', '0', '0', '0', '0', '0', '0', '0', '0', '0', '0', '0', '0', '0', '0', '0', '0', '0', '0', '0', '0', '0', '0', '0', '0', '0', '0', '0', '0', '0', '0', '0', '0', '0', '0', '0', '0', '0', '0', '0', '0', '0', '0', '0', '0', '0', '0', '0', '0', '0', '0', '0', '0', '0', '0', '0', '0', '0', '0', '0', '0', '0', '0', '0', '0', '0', '0', '0', '0', '0', '0', '0', '0', '0', '0', '0', '0', '0', '0', '0', '0', '0', '0', '0', '0', '0', '0', '0', '0', '0', '0', '0', '0', '0', '0', '0', '0', '0', '0', '0', '0', '0', '0', '0', '0', '0', '0', '0', '0', '0', '0', '0', '0', '0', '0', '0', '0', '0', '0', '0', '0', '0', '0', '0', '0', '0', '0', '0', '0', '0', '0', '0', '0', '0', '0', '0', '0', '0', '0', '0', '0', '0', '0', '0', '0', '0', '0', '0', '0', '0', '0', '0', '0', '0', '0', '0', '0', '0', '0', '0', '0', '0', '0', '0', '0', '0', '0', '0', '0', '0', '0', '0', '0', '0', '0', '0', '0', '0', '0', '0', '0', '0', '0', '0', '0', '0', '0', '0', '0', '0', '0', '0', '0', '0', '0', '0', '0', '0', '0', '0', '0', '0', '0', '0', '0', '0', '0', '0', '0', '0', '0', '0', '0', '0', '0', '0', '0', '0', '0', '0', '0', '0', '0', '0', '0', '0', '0', '0', '0', '0', '0', '0', '0', '0', '0', '0', '0', '0', '0', '0', '0', '0', '0', '0', '0', '0', '0', '0', '0', '0', '0', '0', '0', '0', '0', '0', '0', '0', '0', '0', '0', '0', '0', '0', '0', '0', '0', '0', '0', '0', '0', '0', '0', '0', '0', '0', '0', '0', '0', '0', '0', '0', '0', '0', '0', '0', '0', '0', '0', '0', '0', '0', '0', '0', '0', '0', '0', '0', '0', '0', '0', '0', '0', '0', '0', '0', '0', '0', '0', '0', '0', '0', '0', '0', '0', '0', '0', '0', '0', '0', '0', '0', '0', '0', '0', '0', '0', '0', '0', '0', '0', '0', '0', '0', '0', '0', '0', '0', '0', '0', '0', '0', '0', '0', '0', '0', '0', '0', '0', '0', '0', '0', '0', '0', '0', '0', '0', '0', '0', '0', '0', '0', '0', '0', '0', '0', '0', '0', '0', '0', '0', '0', '0', '0', '0', '0', '0', '0', '0', '0', '0', '0', '0', '0', '0', '0', '0', '0', '0', '0', '0', '0', '0', '0', '0', '0', '0', '0', '0', '0', '0', '0', '0', '0', '0', '0', '0', '0', '0', '0', '0', '0', '0', '0', '0', '0', '0', '0', '0', '0', '0', '0', '0', '0', '0', '0', '0', '0', '0', '0', '0', '0', '0', '0', '0', '0', '0', '0', '0', '0', '0', '0', '0', '0', '0', '0', '0', '0', '0', '0', '0', '0', '0', '0', '0', '0', '0', '0', '0', '0', '0', '0', '0', '0', '0', '0', '0', '0', '0', '0', '0', '0', '0', '0', '0', '0', '0', '0', '0', '0', '0', '0', '0', '0', '0', '0', '0', '0', '0', '0', '0', '0', '0', '0', '0', '0', '0', '0', '0', '0', '0', '0', '0', '0', '0', '0', '0', '0', '0', '0', '0', '0', '0', '0', '0', '0', '0', '0', '0', '0', '0', '0', '0', '0', '0', '0', '0', '0', '0', '0', '0', '0', '0', '0', '0', '0', '0', '0', '0', '0', '0', '0', '0', '0', '0', '0', '0', '0', '0', '0', '0', '0', '0', '0', '0', '0', '0', '0', '0', '0', '0', '0', '0', '0', '0', '0', '0', '0', '0', '0', '0', '0', '0', '0', '0', '0', '0', '0', '0', '0', '0', '0', '0', '0', '0', '0', '0', '0', '0', '0', '0', '0', '0', '0', '0', '0', '0', '0', '0', '0', '0', '0', '0', '0', '0', '0', '0', '0', '0', '0', '0', '0', '0', '0', '0', '0', '0', '0', '0', '0', '0', '0', '0', '0', '0', '0', '0', '0', '0', '0', '0', '0', '0', '0', '0', '0', '0', '0', '0', '0', '0', '0', '0', '0', '0', '0', '0', '0', '0', '0', '0', '0', '0', '0', '0', '0', '0', '0', '0', '0', '0', '0', '0', '0', '0', '0', '0', '0', '0', '0', '0', '0', '0', '0', '0', '0', '0', '0', '0', '0', '0', '0', '0', '0', '0', '0', '0', '0', '0', '0', '0', '0', '0', '0', '0', '0', '0', '0', '0', '0', '0', '0', '0', '0', '0', '0', '0', '0', '0', '0', '0', '0', '0', '0', '0', '0', '0', '0', '0', '0', '0', '0', '0', '0', '0', '0', '0', '0', '0', '0', '0', '0', '0', '0', '0', '0', '0', '0', '0', '0', '0', '0', '0', '0', '0', '0', '0', '0', '0', '0', '0', '0', '0', '0', '0', '0', '0', '0', '0', '0', '0', '0', '0', '0', '0', '0', '0', '0', '0', '0', '0', '0', '0', '0', '0', '0', '0', '0', '0', '0', '0', '0', '0', '0', '0', '0', '0', '0', '0', '0', '0', '0', '0', '0', '0', '0', '0', '0', '0', '0', '0', '0', '0', '0', '0', '0', '0', '0', '0', '0', '0', '0', '0', '0', '0', '0', '0', '0', '0', '0', '0', '0', '0', '0', '0', '0', '0', '0', '0', '0', '0', '0', '0', '0', '0', '0', '0', '0', '0', '0', '0', '0', '0', '0', '0', '0', '0', '0', '0', '0', '0', '0', '0', '0', '0', '0', '0', '0', '0', '0', '0', '0', '0', '0', '0', '0', '0', '0', '0', '0', '0', '0', '0', '0', '0', '0', '0', '0', '0', '0', '0', '0', '0', '0', '0', '0', '0', '0', '0', '0', '0', '0', '0', '0', '0', '0', '0', '0', '0', '0', '0', '0', '0', '0', '0', '0', '0', '0', '0', '0', '0', '0', '0', '0', '0', '0', '0', '0', '0', '0', '0', '0', '0', '0', '0', '0', '0', '0', '0', '0', '0', '0', '0', '0', '0', '0', '0', '0', '0', '0', '0', '0', '0', '0', '0', '0', '0', '0', '0', '0', '0', '0', '0', '0', '0', '0', '0', '0', '0', '0', '0', '0', '0', '0', '0', '0', '0', '0', '0', '0', '0', '0', '0', '0', '0', '0', '0', '0', '0', '0', '0', '0', '0', '0', '0', '0', '0', '0', '0', '0', '0', '0', '0', '0', '0', '0', '0', '0', '0', '0', '0', '0', '0', '0', '0', '0', '0', '0', '0', '0', '0', '0', '0', '0', '0', '0', '0', '0', '0', '0', '0', '0', '0', '0', '0', '0', '0', '0', '0', '0', '0', '0', '0', '0', '0', '0', '0', '0', '0', '0', '0', '0', '0', '0', '0', '0', '0', '0', '0', '0', '0', '0', '0', '0', '0', '0', '0', '0', '0', '0', '0', '0', '0', '0', '0', '0', '0', '0', '0', '0', '0', '0', '0', '0', '0', '0', '0', '0', '0', '0', '0', '0', '0', '0', '0', '0', '0', '0', '0', '0', '0', '0', '0', '0', '0', '0', '0', '0', '0', '0', '0', '0', '0', '0', '0', '0', '0', '0', '0', '0', '0', '0', '0', '0', '0', '0', '0', '0', '0', '0', '0', '0', '0', '0', '0', '0', '0', '0', '0', '0', '0', '0', '0', '0', '0', '0', '0', '0', '0', '0', '0', '0', '0', '0', '0', '0', '0', '0', '0', '0', '0', '0', '0', '0', '0', '0', '0', '0', '0', '0', '0', '0', '0', '0', '0', '0', '0', '0', '0', '0', '0', '0', '0', '0', '0', '0', '0', '0', '0', '0', '0', '0', '0', '0', '0', '0', '0', '0', '0', '0', '0', '0', '0', '0', '0', '0', '0', '0', '0', '0', '0', '0', '0', '0', '0', '0', '0', '0', '0', '0', '0', '0', '0', '0', '0', '0', '0', '0', '0', '0', '0', '0', '0', '0', '0', '0', '0', '0', '0', '0', '0', '0', '0', '0', '0', '0', '0', '0', '0', '0', '0', '0', '0', '0', '0', '0', '0', '0', '0', '0', '0', '0', '0', '0', '0', '0', '0', '0', '0', '0', '0', '0', '0', '0', '0', '0', '0', '0', '0', '0', '0', '0', '0', '0', '0', '0', '0', '0', '0', '0', '0', '0', '0', '0', '0', '0', '0', '0', '0', '0', '0', '0', '0', '0', '0', '0', '0', '0', '0', '0', '0', '0', '0', '0', '0', '0', '0', '0', '0', '0', '0', '0', '0', '0', '0', '0', '0', '0', '0', '0', '0', '0', '0', '0', '0', '0', '0', '0', '0', '0', '0', '0', '0', '0', '0', '0', '0', '0', '0', '0', '0', '0', '0', '0', '0', '0', '0', '0', '0', '0', '0', '0', '0', '0', '0', '0', '0', '0', '0', '0', '0', '0', '0', '0', '0', '0', '0', '0', '0', '0', '0', '0', '0', '0', '0', '0', '0', '0', '0', '0', '0', '0', '0', '0', '0', '0', '0', '0', '0', '0', '0', '0', '0', '0', '0', '0', '0', '0', '0', '0', '0', '0', '0', '0', '0', '0', '0', '0', '0', '0', '0', '0', '0', '0', '0', '0', '0', '0', '0', '0', '0', '0', '0', '0', '0', '0', '0', '0', '0', '0', '0', '0', '0', '0', '0', '0', '0', '0', '0', '0', '0', '0', '0', '0', '0', '0', '0', '0', '0', '0', '0', '0', '0', '0', '0', '0', '0', '0', '0', '0', '0', '0', '0', '0', '0', '0', '0', '0', '0', '0', '0', '0', '0', '0', '0', '0', '0', '0', '0', '0', '0', '0', '0', '0', '0', '0', '0', '0', '0', '0', '0', '0', '0', '0', '0', '0', '0', '0', '0', '0', '0', '0', '0', '0', '0', '0', '0', '0', '0', '0', '0', '0', '0', '0', '0', '0', '0', '0', '0', '0', '0', '0', '0', '0', '0', '0', '0', '0', '0', '0', '0', '0', '0', '0', '0', '0', '0', '0', '0', '0', '0', '0', '0', '0', '0', '0', '0', '0', '0', '0', '0', '0', '0', '0', '0', '0', '0', '0', '0', '0', '0', '0', '0', '0', '0', '0', '0', '0', '0', '0', '0', '0', '0', '0', '0', '0', '0', '0', '0', '0', '0', '0', '0', '0', '0', '0', '0', '0', '0', '0', '0', '0', '0', '0', '0', '0', '0', '0', '0', '0', '0', '0', '0', '0', '0', '0', '0', '0', '0', '0', '0', '0', '0', '0', '0', '0', '0', '0', '0', '0', '0', '0', '0', '0', '0', '0', '0', '0', '0', '0', '0', '0', '0', '0', '0', '0', '0', '0', '0', '0', '0', '0', '0', '0', '0', '0', '0', '0', '0', '0', '0', '0', '0', '0', '0', '0', '0', '0', '0', '0', '0', '0', '0', '0', '0', '0', '0', '0', '0', '0', '0', '0', '0', '0', '0', '0', '0', '0', '0', '0', '0', '0', '0', '0', '0', '0', '0', '0', '0', '0', '0', '0', '0', '0', '0', '0', '0', '0', '0', '0', '0', '0', '0', '0', '0', '0', '0', '0', '0', '0', '0', '0', '0', '0', '0', '0', '0', '0', '0', '0', '0', '0', '0', '0', '0', '0', '0', '0', '0', '0', '0', '0', '0', '0', '0', '0', '0', '0', '0', '0', '0', '0', '0', '0', '0', '0', '0', '0', '0', '0', '0', '0', '0', '0', '0', '0', '0', '0', '0', '0', '0', '0', '0', '0', '0', '0', '0', '0', '0', '0', '0', '0', '0', '0', '0', '0', '0', '0', '0', '0', '0', '0', '0', '0', '0', '0', '0', '0', '0', '0', '0', '0', '0', '0', '0', '0', '0', '0', '0', '0', '0', '0', '0', '0', '0', '0', '0', '0', '0', '0', '0', '0', '0', '0', '0', '0', '0', '0', '0', '0', '0', '0', '0', '0', '0', '0', '0', '0', '0', '0', '0', '0', '0', '0', '0', '0', '0', '0', '0', '0', '0', '0', '0', '0', '0', '0', '0', '0', '0', '0', '0', '0', '0', '0', '0', '0', '0', '0', '0', '0', '0', '0', '0', '0', '0', '0', '0', '0', '0', '0', '0', '0', '0', '0', '0', '0', '0', '0', '0', '0', '0', '0', '0', '0', '0', '0', '0', '0', '0', '0', '0', '0', '0', '0', '0', '0', '0', '0', '0', '0', '0', '0', '0', '0', '0', '0', '0', '0', '0', '0', '0', '0', '0', '0', '0', '0', '0', '0', '0', '0', '0', '0', '0', '0', '0', '0', '0', '0', '0', '0', '0', '0', '0', '0', '0', '0', '0', '0', '0', '0', '0', '0', '0', '0', '0', '0', '0', '0', '0', '0', '0', '0', '0', '0', '0', '0', '0', '0', '0', '0', '0', '0', '0', '0', '0', '0', '0', '0', '0', '0', '0', '0', '0', '0', '0', '0', '0', '0', '0', '0', '0', '0', '0', '0', '0', '0', '0', '0', '0', '0', '0', '0', '0', '0', '0', '0', '0', '0', '0', '0', '0', '0', '0', '0', '0', '0', '0', '0', '0', '0', '0', '0', '0', '0', '0', '0', '0', '0', '0', '0', '0', '0', '0', '0', '0', '0', '0', '0', '0', '0', '0', '0', '0', '0', '0', '0', '0', '0', '0', '0', '0', '0', '0', '0', '0', '0', '0', '0', '0', '0', '0', '0', '0', '0', '0', '0', '0', '0', '0', '0', '0', '0', '0', '0', '0', '0', '0', '0', '0', '0', '0', '0', '0', '0', '0', '0', '0', '0', '0', '0', '0', '0', '0', '0', '0', '0', '0', '0', '0', '0', '0', '0', '0', '0', '0', '0', '0', '0', '0', '0', '0', '0', '0', '0', '0', '0', '0', '0', '0', '0', '0', '0', '0', '0', '0', '0', '0', '0', '0', '0', '0', '0', '0', '0', '0', '0', '0', '0', '0', '0', '0', '0', '0', '0', '0', '0', '0', '0', '0', '0', '0', '0', '0', '0', '0', '0', '0', '0', '0', '0', '0', '0', '0', '0', '0', '0', '0', '0', '0', '0', '0', '0', '0', '0', '0', '0', '0', '0', '0', '0', '0', '0', '0', '0', '0', '0', '0', '0', '0', '0', '0', '0', '0', '0', '0', '0', '0', '0', '0', '0', '0', '0', '0', '0', '0', '0', '0', '0', '0', '0', '0', '0', '0', '0', '0', '0', '0', '0', '0', '0', '0', '0', '0', '0', '0', '0', '0', '0', '0', '0', '0', '0', '0', '0', '0', '0', '0', '0', '0', '0', '0', '0', '0', '0', '0', '0', '0', '0', '0', '0', '0', '0', '0', '0', '0', '0', '0', '0', '0', '0', '0', '0', '0', '0', '0', '0', '0', '0', '0', '0', '0', '0', '0', '0', '0', '0', '0', '0', '0', '0', '0', '0', '0', '0', '0', '0', '0', '0', '0', '0', '0', '0', '0', '0', '0', '0', '0', '0', '0', '0', '0', '0', '0', '0', '0', '0', '0', '0', '0', '0', '0', '0', '0', '0', '0', '0', '0', '0', '0', '0', '0', '0', '0', '0', '0', '0', '0', '0', '0', '0', '0', '0', '0', '0', '0', '0', '0', '0', '0', '0', '0', '0', '0', '0', '0', '0', '0', '0', '0', '0', '0', '0', '0', '0', '0', '0', '0', '0', '0', '0', '0', '0', '0', '0', '0', '0', '0', '0', '0', '0', '0', '0', '0', '0', '0', '0', '0', '0', '0', '0', '0', '0', '0', '0', '0', '0', '0', '0', '0', '0', '0', '0', '0', '0', '0', '0', '0', '0', '0', '0', '0', '0', '0', '0', '0', '0', '0', '0', '0', '0', '0', '0', '0', '0', '0', '0', '0', '0', '0', '0', '0', '0', '0', '0', '0', '0', '0', '0', '0', '0', '0', '0', '0', '0', '0', '0', '0', '0', '0', '0', '0', '0', '0', '0', '0', '0', '0', '0', '0', '0', '0', '0', '0', '0', '0', '0', '0', '0', '0', '0', '0', '0', '0', '0', '0', '0', '0', '0', '0', '0', '0', '0', '0', '0', '0', '0', '0', '0', '0', '0', '0', '0', '0', '0', '0', '0', '0', '0', '0', '0', '0', '0', '0', '0', '0', '0', '0', '0', '0', '0', '0', '0', '0', '0', '0', '0', '0', '0', '0', '0', '0', '0', '0', '0', '0', '0', '0', '0', '0', '0', '0', '0', '0', '0', '0', '0', '0', '0', '0', '0', '0', '0', '0', '0', '0', '0', '0', '0', '0', '0', '0', '0', '0', '0', '0', '0', '0', '0', '0', '0', '0', '0', '0', '0', '0', '0', '0', '0', '0', '0', '0', '0', '0', '0', '0', '0', '0', '0', '0', '0', '0', '0', '0', '0', '0', '0', '0', '0', '0', '0', '0', '0', '0', '0', '0', '0', '0', '0', '0', '0', '0', '0', '0', '0', '0', '0', '0', '0', '0', '0', '0', '0', '0', '0', '0', '0', '0', '0', '0', '0', '0', '0', '0', '0', '0', '0', '0', '0', '0', '0', '0', '0', '0', '0', '0', '0', '0', '0', '0', '0', '0', '0', '0', '0', '0', '0', '0', '0', '0', '0', '0', '0', '0', '0', '0', '0', '0', '0', '0', '0', '0', '0', '0', '0', '0', '0', '0', '0', '0', '0', '0', '0', '0', '0', '0', '0', '0', '0', '0', '0', '0', '0', '0', '0', '0', '0', '0', '0', '0', '0', '0', '0', '0', '0', '0', '0', '0', '0', '0', '0', '0', '0', '0', '0', '0', '0', '0', '0', '0', '0', '0', '0', '0', '0', '0', '0', '0', '0', '0', '0', '0', '0', '0', '0', '0', '0', '0', '0', '0', '0', '0', '0', '0', '0', '0', '0', '0', '0', '0', '0', '0', '0', '0', '0', '0', '0', '0', '0', '0', '0', '0', '0', '0', '0', '0', '0', '0', '0', '0', '0', '0', '0', '0', '0', '0', '0', '0', '0', '0', '0', '0', '0', '0', '0', '0', '0', '0', '0', '0', '0', '0', '0', '0', '0', '0', '0', '0', '0', '0', '0', '0', '0', '0', '0', '0', '0', '0', '0', '0', '0', '0', '0', '0', '0', '0', '0', '0', '0', '0', '0', '0', '0', '0', '0', '0', '0', '0', '0', '0', '0', '0', '0', '0', '0', '0', '0', '0', '0', '0', '0', '0', '0', '0', '0', '0', '0', '0', '0', '0', '0', '0', '0', '0', '0', '0', '0', '0', '0', '0', '0', '0', '0', '0', '0', '0', '0', '0', '0', '0', '0', '0', '0', '0', '0', '0', '0', '0', '0', '0', '0', '0', '0', '0', '0', '0', '0', '0', '0', '0', '0', '0', '0', '0', '0', '0', '0', '0', '0', '0', '0', '0', '0', '0', '0', '0', '0', '0', '0', '0', '0', '0', '0', '0', '0', '0', '0', '0', '0', '0', '0', '0', '0', '0', '0', '0', '0', '0', '0', '0', '0', '0', '0', '0', '0', '0', '0', '0', '0', '0', '0', '0', '0', '0', '0', '0', '0', '0', '0', '0', '0', '0', '0', '0', '0', '0', '0', '0', '0', '0', '0', '0', '0', '0', '0', '0', '0', '0', '0', '0', '0', '0', '0', '0', '0', '0', '0', '0', '0', '0', '0', '0', '0', '0', '0', '0', '0', '0', '0', '0', '0', '0', '0', '0', '0', '0', '0', '0', '0', '0', '0', '0', '0', '0', '0', '0', '0', '0', '0', '0', '0', '0', '0', '0', '0', '0', '0', '0', '0', '0', '0', '0', '0', '0', '0', '0', '0', '0', '0', '0', '0', '0', '0', '0', '0', '0', '0', '0', '0', '0', '0', '0', '0', '0', '0', '0', '0', '0', '0', '0', '0', '0', '0', '0', '0', '0', '0', '0', '0', '0', '0', '0', '0', '0', '0', '0', '0', '0', '0', '0', '0', '0', '0', '0', '0', '0', '0', '0', '0', '0', '0', '0', '0', '0', '0', '0', '0', '0', '0', '0', '0', '0', '0', '0', '0', '0', '0', '0', '0', '0', '0', '0', '0', '0', '0', '0', '0', '0', '0', '0', '0', '0', '0', '0', '0', '0', '0', '0', '0', '0', '0', '0', '0', '0', '0', '0', '0', '0', '0', '0', '0', '0', '0', '0', '0', '0', '0', '0', '0', '0', '0', '0', '0', '0', '0', '0', '0', '0', '0', '0', '0', '0', '0', '0', '0', '0', '0', '0', '0', '0', '0', '0', '0', '0', '0', '0', '0', '0', '0', '0', '0', '0', '0', '0', '0', '0', '0', '0', '0', '0', '0', '0', '0', '0', '0', '0', '0', '0', '0', '0', '0', '0', '0', '0', '0', '0', '0', '0', '0', '0', '0', '0', '0', '0', '0', '0', '0', '0', '0', '0', '0', '0', '0', '0', '0', '0', '0', '0', '0', '0', '0', '0', '0', '0', '0', '0', '0', '0', '0', '0', '0', '0', '0', '0', '0', '0', '0', '0', '0', '0', '0', '0', '0', '0', '0', '0', '0', '0', '0', '0', '0', '0', '0', '0', '0', '0', '0', '0', '0', '0', '0', '0', '0', '0', '0', '0', '0', '0', '0', '0', '0', '0', '0', '0', '0', '0', '0', '0', '0', '0', '0', '0', '0', '0', '0', '0', '0', '0', '0', '0', '0', '0', '0', '0', '0', '0', '0', '0', '0', '0', '0', '0', '0', '0', '0', '0', '0', '0', '0', '0', '0', '0', '0', '0', '0', '0', '0', '0', '0', '0', '0', '0', '0', '0', '0', '0', '0', '0', '0', '0', '0', '0', '0', '0', '0', '0', '0', '0', '0', '0', '0', '0', '0', '0', '0', '0', '0', '0', '0', '0', '0', '0', '0', '0', '0', '0', '0', '0', '0', '0', '0', '0', '0', '0', '0', '0', '0', '0', '0', '0', '0', '0', '0', '0', '0', '0', '0', '0', '0', '0', '0', '0', '0', '0', '0', '0', '0', '0', '0', '0', '0', '0', '0', '0', '0', '0', '0', '0', '0', '0', '0', '0', '0', '0', '0', '0', '0', '0', '0', '0', '0', '0', '0', '0', '0', '0', '0', '0', '0', '0', '0', '0', '0', '0', '0', '0', '0', '0', '0', '0', '0', '0', '0', '0', '0', '0', '0', '0', '0', '0', '0', '0', '0', '0', '0', '0', '0', '0', '0', '0', '0', '0', '0', '0', '0', '0', '0', '0', '0', '0', '0', '0', '0', '0', '0', '0', '0', '0', '0', '0', '0', '0', '0', '0', '0', '0', '0', '0', '0', '0', '0', '0', '0', '0', '0', '0', '0', '0', '0', '0', '0', '0', '0', '0', '0', '0', '0', '0', '0', '0', '0', '0', '0', '0', '0', '0', '0', '0', '0', '0', '0', '0', '0', '0', '0', '0', '0', '0', '0', '0', '0', '0', '0', '0', '0', '0', '0', '0', '0', '0', '0', '0', '0', '0', '0', '0', '0', '0', '0', '0', '0', '0', '0', '0', '0', '0', '0', '0', '0', '0', '0', '0', '0', '0', '0', '0', '0', '0', '0', '0', '0', '0', '0', '0', '0', '0', '0', '0', '0', '0', '0', '0', '0', '0', '0', '0', '0', '0', '0', '0', '0', '0', '0', '0', '0', '0', '0', '0', '0', '0', '0', '0', '0', '0', '0', '0', '0', '0', '0', '0', '0', '0', '0', '0', '0', '0', '0', '0', '0', '0', '0', '0', '0', '0', '0', '0', '0', '0', '0', '0', '0', '0', '0', '0', '0', '0', '0', '0', '0', '0', '0', '0', '0', '0', '0', '0', '0', '0', '0', '0', '0', '0', '0', '0', '0', '0', '0', '0', '0', '0', '0', '0', '0', '0', '0', '0', '0', '0', '0', '0', '0', '0', '0', '0', '0', '0', '0', '0', '0', '0', '0', '0', '0', '0', '0', '0', '0', '0', '0', '0', '0', '0', '0', '0', '0', '0', '0', '0', '0', '0', '0', '0', '0', '0', '0', '0', '0', '0', '0', '0', '0', '0', '0', '0', '0', '0', '0', '0', '0', '0', '0', '0', '0', '0', '0', '0', '0', '0', '0', '0', '0', '0', '0', '0', '0', '0', '0', '0', '0', '0', '0', '0', '0', '0', '0', '0', '0', '0', '0', '0', '0', '0', '0', '0', '0', '0', '0', '0', '0', '0', '0', '0', '0', '0', '0', '0', '0', '0', '0', '0', '0', '0', '0', '0', '0', '0', '0', '0', '0', '0', '0', '0', '0', '0', '0', '0', '0', '0', '0', '0', '0', '0', '0', '0', '0', '0', '0', '0', '0', '0', '0', '0', '0', '0', '0', '0', '0', '0', '0', '0', '0', '0', '0', '0', '0', '0', '0', '0', '0', '0', '0', '0']","['Innocent', 'Innocent', 'Innocent', 'Innocent', 'Innocent', 'Innocent', 'Innocent', 'Innocent', 'Innocent', 'Innocent', 'Innocent', 'Innocent', 'Innocent', 'Innocent', 'Innocent', 'Innocent', 'Innocent', 'Innocent', 'Innocent', 'Innocent', 'Innocent', 'Innocent', 'Innocent', 'Innocent', 'Innocent', 'Innocent', 'Innocent', 'Innocent', 'Innocent', 'Innocent', 'Innocent', 'Innocent', 'Innocent', 'Innocent', 'Innocent', 'Innocent', 'Innocent', 'Innocent', 'Innocent', 'Innocent', 'Innocent', 'Innocent', 'Innocent', 'Innocent', 'Innocent', 'Innocent', 'Innocent', 'Innocent', 'Innocent', 'Innocent', 'Innocent', 'Innocent', 'Innocent', 'Innocent', 'Innocent', 'Innocent', 'Innocent', 'Innocent', 'Innocent', 'Innocent', 'Innocent', 'Innocent', 'Innocent', 'Innocent', 'Innocent', 'Innocent', 'Innocent', 'Innocent', 'Innocent', 'Innocent', 'Innocent', 'Innocent', 'Innocent', 'Innocent', 'Innocent', 'Innocent', 'Innocent', 'Innocent', 'Innocent', 'Innocent', 'Innocent', 'Innocent', 'Innocent', 'Innocent', 'Innocent', 'Innocent', 'Innocent', 'Innocent', 'Innocent', 'Innocent', 'Innocent', 'Innocent', 'Innocent', 'Innocent', 'Innocent', 'Innocent', 'Innocent', 'Innocent', 'Innocent', 'Innocent', 'Innocent', 'Innocent', 'Innocent', 'Innocent', 'Innocent', 'Innocent', 'Innocent', 'Innocent', 'Innocent', 'Innocent', 'Innocent', 'Innocent', 'Innocent', 'Innocent', 'Innocent', 'Innocent', 'Innocent', 'Innocent', 'Innocent', 'Innocent', 'Innocent', 'Innocent', 'Innocent', 'Innocent', 'Innocent', 'Innocent', 'Innocent', 'Innocent', 'Innocent', 'Innocent', 'Innocent', 'Innocent', 'Innocent', 'Innocent', 'Innocent', 'Innocent', 'Innocent', 'Innocent', 'Innocent', 'Innocent', 'Innocent', 'Innocent', 'Innocent', 'Innocent', 'Innocent', 'Innocent', 'Innocent', 'Innocent', 'Innocent', 'Innocent', 'Innocent', 'Innocent', 'Innocent', 'Innocent', 'Innocent', 'Innocent', 'Innocent', 'Innocent', 'Innocent', 'Innocent', 'Innocent', 'Innocent', 'Innocent', 'Innocent', 'Innocent', 'Innocent', 'Innocent', 'Innocent', 'Innocent', 'Innocent', 'Innocent', 'Innocent', 'Innocent', 'Innocent', 'Innocent', 'Innocent', 'Innocent', 'Innocent', 'Innocent', 'Innocent', 'Innocent', 'Innocent', 'Innocent', 'Innocent', 'Innocent', 'Innocent', 'Innocent', 'Innocent', 'Innocent', 'Innocent', 'Innocent', 'Innocent', 'Innocent', 'Innocent', 'Innocent', 'Innocent', 'Innocent', 'Innocent', 'Innocent', 'Innocent', 'Innocent', 'Innocent', 'Innocent', 'Innocent', 'Innocent', 'Innocent', 'Innocent', 'Innocent', 'Innocent', 'Innocent', 'Innocent', 'Innocent', 'Innocent', 'Innocent', 'Innocent', 'Innocent', 'Innocent', 'Innocent', 'Innocent', 'Innocent', 'Innocent', 'Innocent', 'Innocent', 'Innocent', 'Innocent', 'Innocent', 'Innocent', 'Innocent', 'Innocent', 'Innocent', 'Innocent', 'Innocent', 'Innocent', 'Innocent', 'Innocent', 'Innocent', 'Innocent', 'Innocent', 'Innocent', 'Innocent', 'Innocent', 'Innocent', 'Innocent', 'Innocent', 'Innocent', 'Innocent', 'Innocent', 'Innocent', 'Innocent', 'Innocent', 'Innocent', 'Innocent', 'Innocent', 'Innocent', 'Innocent', 'Innocent', 'Innocent', 'Innocent', 'Innocent', 'Innocent', 'Innocent', 'Innocent', 'Innocent', 'Innocent', 'Innocent', 'Innocent', 'Innocent', 'Innocent', 'Innocent', 'Innocent', 'Innocent', 'Innocent', 'Innocent', 'Innocent', 'Innocent', 'Innocent', 'Innocent', 'Innocent', 'Innocent', 'Innocent', 'Innocent', 'Innocent', 'Innocent', 'Innocent', 'Innocent', 'Innocent', 'Innocent', 'Innocent', 'Innocent', 'Innocent', 'Innocent', 'Innocent', 'Innocent', 'Innocent', 'Innocent', 'Innocent', 'Innocent', 'Innocent', 'Innocent', 'Innocent', 'Innocent', 'Innocent', 'Innocent', 'Innocent', 'Innocent', 'Innocent', 'Innocent', 'Innocent', 'Innocent', 'Innocent', 'Innocent', 'Innocent', 'Innocent', 'Innocent', 'Innocent', 'Innocent', 'Innocent', 'Innocent', 'Innocent', 'Innocent', 'Innocent', 'Innocent', 'Innocent', 'Innocent', 'Innocent', 'Innocent', 'Innocent', 'Innocent', 'Innocent', 'Innocent', 'Innocent', 'Innocent', 'Innocent', 'Innocent', 'Innocent', 'Innocent', 'Innocent', 'Innocent', 'Innocent', 'Innocent', 'Innocent', 'Innocent', 'Innocent', 'Innocent', 'Innocent', 'Innocent', 'Innocent', 'Innocent', 'Innocent', 'Innocent', 'Innocent', 'Innocent', 'Innocent', 'Innocent', 'Innocent', 'Innocent', 'Innocent', 'Innocent', 'Innocent', 'Innocent', 'Innocent', 'Innocent', 'Innocent', 'Innocent', 'Innocent', 'Innocent', 'Innocent', 'Innocent', 'Innocent', 'Innocent', 'Innocent', 'Innocent', 'Innocent', 'Innocent', 'Innocent', 'Innocent', 'Innocent', 'Innocent', 'Innocent', 'Innocent', 'Innocent', 'Innocent', 'Innocent', 'Innocent', 'Innocent', 'Innocent', 'Innocent', 'Innocent', 'Innocent', 'Innocent', 'Innocent', 'Innocent', 'Innocent', 'Innocent', 'Innocent', 'Innocent', 'Innocent', 'Innocent', 'Innocent', 'Innocent', 'Innocent', 'Innocent', 'Innocent', 'Innocent', 'Innocent', 'Innocent', 'Innocent', 'Innocent', 'Innocent', 'Innocent', 'Innocent', 'Innocent', 'Innocent', 'Innocent', 'Innocent', 'Innocent', 'Innocent', 'Innocent', 'Innocent', 'Innocent', 'Innocent', 'Innocent', 'Innocent', 'Innocent', 'Innocent', 'Innocent', 'Innocent', 'Innocent', 'Innocent', 'Innocent', 'Innocent', 'Innocent', 'Innocent', 'Innocent', 'Innocent', 'Innocent', 'Innocent', 'Innocent', 'Innocent', 'Innocent', 'Innocent', 'Innocent', 'Innocent', 'Innocent', 'Innocent', 'Innocent', 'Innocent', 'Innocent', 'Innocent', 'Innocent', 'Innocent', 'Innocent', 'Innocent', 'Innocent', 'Innocent', 'Innocent', 'Innocent', 'Innocent', 'Innocent', 'Innocent', 'Innocent', 'Innocent', 'Innocent', 'Innocent', 'Innocent', 'Innocent', 'Innocent', 'Innocent', 'Innocent', 'Innocent', 'Innocent', 'Innocent', 'Innocent', 'Innocent', 'Innocent', 'Innocent', 'Innocent', 'Innocent', 'Innocent', 'Innocent', 'Innocent', 'Innocent', 'Innocent', 'Innocent', 'Innocent', 'Innocent', 'Innocent', 'Innocent', 'Innocent', 'Innocent', 'Innocent', 'Innocent', 'Innocent', 'Innocent', 'Innocent', 'Innocent', 'Innocent', 'Innocent', 'Innocent', 'Innocent', 'Innocent', 'Innocent', 'Innocent', 'Innocent', 'Innocent', 'Innocent', 'Innocent', 'Innocent', 'Innocent', 'Innocent', 'Innocent', 'Innocent', 'Innocent', 'Innocent', 'Innocent', 'Innocent', 'Innocent', 'Innocent', 'Innocent', 'Innocent', 'Innocent', 'Innocent', 'Innocent', 'Innocent', 'Innocent', 'Innocent', 'Innocent', 'Innocent', 'Innocent', 'Innocent', 'Innocent', 'Innocent', 'Innocent', 'Innocent', 'Innocent', 'Innocent', 'Innocent', 'Innocent', 'Innocent', 'Innocent', 'Innocent', 'Innocent', 'Innocent', 'Innocent', 'Innocent', 'Innocent', 'Innocent', 'Innocent', 'Innocent', 'Innocent', 'Innocent', 'Innocent', 'Innocent', 'Innocent', 'Innocent', 'Innocent', 'Innocent', 'Innocent', 'Innocent', 'Innocent', 'Innocent', 'Innocent', 'Innocent', 'Innocent', 'Innocent', 'Innocent', 'Innocent', 'Innocent', 'Innocent', 'Innocent', 'Innocent', 'Innocent', 'Innocent', 'Innocent', 'Innocent', 'Innocent', 'Innocent', 'Innocent', 'Innocent', 'Innocent', 'Innocent', 'Innocent', 'Innocent', 'Innocent', 'Innocent', 'Innocent', 'Innocent', 'Innocent', 'Innocent', 'Innocent', 'Innocent', 'Innocent', 'Innocent', 'Innocent', 'Innocent', 'Innocent', 'Innocent', 'Innocent', 'Innocent', 'Innocent', 'Innocent', 'Innocent', 'Innocent', 'Innocent', 'Innocent', 'Innocent', 'Innocent', 'Innocent', 'Innocent', 'Innocent', 'Innocent', 'Innocent', 'Innocent', 'Innocent', 'Innocent', 'Innocent', 'Innocent', 'Innocent', 'Innocent', 'Innocent', 'Innocent', 'Innocent', 'Innocent', 'Innocent', 'Innocent', 'Innocent', 'Innocent', 'Innocent', 'Innocent', 'Innocent', 'Innocent', 'Innocent', 'Innocent', 'Innocent', 'Innocent', 'Innocent', 'Innocent', 'Innocent', 'Innocent', 'Innocent', 'Innocent', 'Innocent', 'Innocent', 'Innocent', 'Innocent', 'Innocent', 'Innocent', 'Innocent', 'Innocent', 'Innocent', 'Innocent', 'Innocent', 'Innocent', 'Innocent', 'Innocent', 'Innocent', 'Innocent', 'Innocent', 'Innocent', 'Innocent', 'Innocent', 'Innocent', 'Innocent', 'Innocent', 'Innocent', 'Innocent', 'Innocent', 'Innocent', 'Innocent', 'Innocent', 'Innocent', 'Innocent', 'Innocent', 'Innocent', 'Innocent', 'Innocent', 'Innocent', 'Innocent', 'Innocent', 'Innocent', 'Innocent', 'Innocent', 'Innocent', 'Innocent', 'Innocent', 'Innocent', 'Innocent', 'Innocent', 'Innocent', 'Innocent', 'Innocent', 'Innocent', 'Innocent', 'Innocent', 'Innocent', 'Innocent', 'Innocent', 'Innocent', 'Innocent', 'Innocent', 'Innocent', 'Innocent', 'Innocent', 'Innocent', 'Innocent', 'Innocent', 'Innocent', 'Innocent', 'Innocent', 'Innocent', 'Innocent', 'Innocent', 'Innocent', 'Innocent', 'Innocent', 'Innocent', 'Innocent', 'Innocent', 'Innocent', 'Innocent', 'Innocent', 'Innocent', 'Innocent', 'Innocent', 'Innocent', 'Innocent', 'Innocent', 'Innocent', 'Innocent', 'Innocent', 'Innocent', 'Innocent', 'Innocent', 'Innocent', 'Innocent', 'Innocent', 'Innocent', 'Innocent', 'Innocent', 'Innocent', 'Innocent', 'Innocent', 'Innocent', 'Innocent', 'Innocent', 'Innocent', 'Innocent', 'Innocent', 'Innocent', 'Innocent', 'Innocent', 'Innocent', 'Innocent', 'Innocent', 'Innocent', 'Innocent', 'Innocent', 'Innocent', 'Innocent', 'Innocent', 'Innocent', 'Innocent', 'Innocent', 'Innocent', 'Innocent', 'Innocent', 'Innocent', 'Innocent', 'Innocent', 'Innocent', 'Innocent', 'Innocent', 'Innocent', 'Innocent', 'Innocent', 'Innocent', 'Innocent', 'Innocent', 'Innocent', 'Innocent', 'Innocent', 'Innocent', 'Innocent', 'Innocent', 'Innocent', 'Innocent', 'Innocent', 'Innocent', 'Innocent', 'Innocent', 'Innocent', 'Innocent', 'Innocent', 'Innocent', 'Innocent', 'Innocent', 'Innocent', 'Innocent', 'Innocent', 'Innocent', 'Innocent', 'Innocent', 'Innocent', 'Innocent', 'Innocent', 'Innocent', 'Innocent', 'Innocent', 'Innocent', 'Innocent', 'Innocent', 'Innocent', 'Innocent', 'Innocent', 'Innocent', 'Innocent', 'Innocent', 'Innocent', 'Innocent', 'Innocent', 'Innocent', 'Innocent', 'Innocent', 'Innocent', 'Innocent', 'Innocent', 'Innocent', 'Innocent', 'Innocent', 'Innocent', 'Innocent', 'Innocent', 'Innocent', 'Innocent', 'Innocent', 'Innocent', 'Innocent', 'Innocent', 'Innocent', 'Innocent', 'Innocent', 'Innocent', 'Innocent', 'Innocent', 'Innocent', 'Innocent', 'Innocent', 'Innocent', 'Innocent', 'Innocent', 'Innocent', 'Innocent', 'Innocent', 'Innocent', 'Innocent', 'Innocent', 'Innocent', 'Innocent', 'Innocent', 'Innocent', 'Innocent', 'Innocent', 'Innocent', 'Innocent', 'Innocent', 'Innocent', 'Innocent', 'Innocent', 'Innocent', 'Innocent', 'Innocent', 'Innocent', 'Innocent', 'Innocent', 'Innocent', 'Innocent', 'Innocent', 'Innocent', 'Innocent', 'Innocent', 'Innocent', 'Innocent', 'Innocent', 'Innocent', 'Innocent', 'Innocent', 'Innocent', 'Innocent', 'Innocent', 'Innocent', 'Innocent', 'Innocent', 'Innocent', 'Innocent', 'Innocent', 'Innocent', 'Innocent', 'Innocent', 'Innocent', 'Innocent', 'Innocent', 'Innocent', 'Innocent', 'Innocent', 'Innocent', 'Innocent', 'Innocent', 'Innocent', 'Innocent', 'Innocent', 'Innocent', 'Innocent', 'Innocent', 'Innocent', 'Innocent', 'Innocent', 'Innocent', 'Innocent', 'Innocent', 'Innocent', 'Innocent', 'Innocent', 'Innocent', 'Innocent', 'Innocent', 'Innocent', 'Innocent', 'Innocent', 'Innocent', 'Innocent', 'Innocent', 'Innocent', 'Innocent', 'Innocent', 'Innocent', 'Innocent', 'Innocent', 'Innocent', 'Innocent', 'Innocent', 'Innocent', 'Innocent', 'Innocent', 'Innocent', 'Innocent', 'Innocent', 'Innocent', 'Innocent', 'Innocent', 'Innocent', 'Innocent', 'Innocent', 'Innocent', 'Innocent', 'Innocent', 'Innocent', 'Innocent', 'Innocent', 'Innocent', 'Innocent', 'Innocent', 'Innocent', 'Innocent', 'Innocent', 'Innocent', 'Innocent', 'Innocent', 'Innocent', 'Innocent', 'Innocent', 'Innocent', 'Innocent', 'Innocent', 'Innocent', 'Innocent', 'Innocent', 'Innocent', 'Innocent', 'Innocent', 'Innocent', 'Innocent', 'Innocent', 'Innocent', 'Innocent', 'Innocent', 'Innocent', 'Innocent', 'Innocent', 'Innocent', 'Innocent', 'Innocent', 'Innocent', 'Innocent', 'Innocent', 'Innocent', 'Innocent', 'Innocent', 'Innocent', 'Innocent', 'Innocent', 'Innocent', 'Innocent', 'Innocent', 'Innocent', 'Innocent', 'Innocent', 'Innocent', 'Innocent', 'Innocent', 'Innocent', 'Innocent', 'Innocent', 'Innocent', 'Innocent', 'Innocent', 'Innocent', 'Innocent', 'Innocent', 'Innocent', 'Innocent', 'Innocent', 'Innocent', 'Innocent', 'Innocent', 'Innocent', 'Innocent', 'Innocent', 'Innocent', 'Innocent', 'Innocent', 'Innocent', 'Innocent', 'Innocent', 'Innocent', 'Innocent', 'Innocent', 'Innocent', 'Innocent', 'Innocent', 'Innocent', 'Innocent', 'Innocent', 'Innocent', 'Innocent', 'Innocent', 'Innocent', 'Innocent', 'Innocent', 'Innocent', 'Innocent', 'Innocent', 'Innocent', 'Innocent', 'Innocent', 'Innocent', 'Innocent', 'Innocent', 'Innocent', 'Innocent', 'Innocent', 'Innocent', 'Innocent', 'Innocent', 'Innocent', 'Innocent', 'Innocent', 'Innocent', 'Innocent', 'Innocent', 'Innocent', 'Innocent', 'Innocent', 'Innocent', 'Innocent', 'Innocent', 'Innocent', 'Innocent', 'Innocent', 'Innocent', 'Innocent', 'Innocent', 'Innocent', 'Innocent', 'Innocent', 'Innocent', 'Innocent', 'Innocent', 'Innocent', 'Innocent', 'Innocent', 'Innocent', 'Innocent', 'Innocent', 'Innocent', 'Innocent', 'Innocent', 'Innocent', 'Innocent', 'Innocent', 'Innocent', 'Innocent', 'Innocent', 'Innocent', 'Innocent', 'Innocent', 'Innocent', 'Innocent', 'Innocent', 'Innocent', 'Innocent', 'Innocent', 'Innocent', 'Innocent', 'Innocent', 'Innocent', 'Innocent', 'Innocent', 'Innocent', 'Innocent', 'Innocent', 'Innocent', 'Innocent', 'Innocent', 'Innocent', 'Innocent', 'Innocent', 'Innocent', 'Innocent', 'Innocent', 'Innocent', 'Innocent', 'Innocent', 'Innocent', 'Innocent', 'Innocent', 'Innocent', 'Innocent', 'Innocent', 'Innocent', 'Innocent', 'Innocent', 'Innocent', 'Innocent', 'Innocent', 'Innocent', 'Innocent', 'Innocent', 'Innocent', 'Innocent', 'Innocent', 'Innocent', 'Innocent', 'Innocent', 'Innocent', 'Innocent', 'Innocent', 'Innocent', 'Innocent', 'Innocent', 'Innocent', 'Innocent', 'Innocent', 'Innocent', 'Innocent', 'Innocent', 'Innocent', 'Innocent', 'Innocent', 'Innocent', 'Innocent', 'Innocent', 'Innocent', 'Innocent', 'Innocent', 'Innocent', 'Innocent', 'Innocent', 'Innocent', 'Innocent', 'Innocent', 'Innocent', 'Innocent', 'Innocent', 'Innocent', 'Innocent', 'Innocent', 'Innocent', 'Innocent', 'Innocent', 'Innocent', 'Innocent', 'Innocent', 'Innocent', 'Innocent', 'Innocent', 'Innocent', 'Innocent', 'Innocent', 'Innocent', 'Innocent', 'Innocent', 'Innocent', 'Innocent', 'Innocent', 'Innocent', 'Innocent', 'Innocent', 'Innocent', 'Innocent', 'Innocent', 'Innocent', 'Innocent', 'Innocent', 'Innocent', 'Innocent', 'Innocent', 'Innocent', 'Innocent', 'Innocent', 'Innocent', 'Innocent', 'Innocent', 'Innocent', 'Innocent', 'Innocent', 'Innocent', 'Innocent', 'Innocent', 'Innocent', 'Innocent', 'Innocent', 'Innocent', 'Innocent', 'Innocent', 'Innocent', 'Innocent', 'Innocent', 'Innocent', 'Innocent', 'Innocent', 'Innocent', 'Innocent', 'Innocent', 'Innocent', 'Innocent', 'Innocent', 'Innocent', 'Innocent', 'Innocent', 'Innocent', 'Innocent', 'Innocent', 'Innocent', 'Innocent', 'Innocent', 'Innocent', 'Innocent', 'Innocent', 'Innocent', 'Innocent', 'Innocent', 'Innocent', 'Innocent', 'Innocent', 'Innocent', 'Innocent', 'Innocent', 'Innocent', 'Innocent', 'Innocent', 'Innocent', 'Innocent', 'Innocent', 'Innocent', 'Innocent', 'Innocent', 'Innocent', 'Innocent', 'Innocent', 'Innocent', 'Innocent', 'Innocent', 'Innocent', 'Innocent', 'Innocent', 'Innocent', 'Innocent', 'Innocent', 'Innocent', 'Innocent', 'Innocent', 'Innocent', 'Innocent', 'Innocent', 'Innocent', 'Innocent', 'Innocent', 'Innocent', 'Innocent', 'Innocent', 'Innocent', 'Innocent', 'Innocent', 'Innocent', 'Innocent', 'Innocent', 'Innocent', 'Innocent', 'Innocent', 'Innocent', 'Innocent', 'Innocent', 'Innocent', 'Innocent', 'Innocent', 'Innocent', 'Innocent', 'Innocent', 'Innocent', 'Innocent', 'Innocent', 'Innocent', 'Innocent', 'Innocent', 'Innocent', 'Innocent', 'Innocent', 'Innocent', 'Innocent', 'Innocent', 'Innocent', 'Innocent', 'Innocent', 'Innocent', 'Innocent', 'Innocent', 'Innocent', 'Innocent', 'Innocent', 'Innocent', 'Innocent', 'Innocent', 'Innocent', 'Innocent', 'Innocent', 'Innocent', 'Innocent', 'Innocent', 'Innocent', 'Innocent', 'Innocent', 'Innocent', 'Innocent', 'Innocent', 'Innocent', 'Innocent', 'Innocent', 'Innocent', 'Innocent', 'Innocent', 'Innocent', 'Innocent', 'Innocent', 'Innocent', 'Innocent', 'Innocent', 'Innocent', 'Innocent', 'Innocent', 'Innocent', 'Innocent', 'Innocent', 'Innocent', 'Innocent', 'Innocent', 'Innocent', 'Innocent', 'Innocent', 'Innocent', 'Innocent', 'Innocent', 'Innocent', 'Innocent', 'Innocent', 'Innocent', 'Innocent', 'Innocent', 'Innocent', 'Innocent', 'Innocent', 'Innocent', 'Innocent', 'Innocent', 'Innocent', 'Innocent', 'Innocent', 'Innocent', 'Innocent', 'Innocent', 'Innocent', 'Innocent', 'Innocent', 'Innocent', 'Innocent', 'Innocent', 'Innocent', 'Innocent', 'Innocent', 'Innocent', 'Innocent', 'Innocent', 'Innocent', 'Innocent', 'Innocent', 'Innocent', 'Innocent', 'Innocent', 'Innocent', 'Innocent', 'Innocent', 'Innocent', 'Innocent', 'Innocent', 'Innocent', 'Innocent', 'Innocent', 'Innocent', 'Innocent', 'Innocent', 'Innocent', 'Innocent', 'Innocent', 'Innocent', 'Innocent', 'Innocent', 'Innocent', 'Innocent', 'Innocent', 'Innocent', 'Innocent', 'Innocent', 'Innocent', 'Innocent', 'Innocent', 'Innocent', 'Innocent', 'Innocent', 'Innocent', 'Innocent', 'Innocent', 'Innocent', 'Innocent', 'Innocent', 'Innocent', 'Innocent', 'Innocent', 'Innocent', 'Innocent', 'Innocent', 'Innocent', 'Innocent', 'Innocent', 'Innocent', 'Innocent', 'Innocent', 'Innocent', 'Innocent', 'Innocent', 'Innocent', 'Innocent', 'Innocent', 'Innocent', 'Innocent', 'Innocent', 'Innocent', 'Innocent', 'Innocent', 'Innocent', 'Innocent', 'Innocent', 'Innocent', 'Innocent', 'Innocent', 'Innocent', 'Innocent', 'Innocent', 'Innocent', 'Innocent', 'Innocent', 'Innocent', 'Innocent', 'Innocent', 'Innocent', 'Innocent', 'Innocent', 'Innocent', 'Innocent', 'Innocent', 'Innocent', 'Innocent', 'Innocent', 'Innocent', 'Innocent', 'Innocent', 'Innocent', 'Innocent', 'Innocent', 'Innocent', 'Innocent', 'Innocent', 'Innocent', 'Innocent', 'Innocent', 'Innocent', 'Innocent', 'Innocent', 'Innocent', 'Innocent', 'Innocent', 'Innocent', 'Innocent', 'Innocent', 'Innocent', 'Innocent', 'Innocent', 'Innocent', 'Innocent', 'Innocent', 'Innocent', 'Innocent', 'Innocent', 'Innocent', 'Innocent', 'Innocent', 'Innocent', 'Innocent', 'Innocent', 'Innocent', 'Innocent', 'Innocent', 'Innocent', 'Innocent', 'Innocent', 'Innocent', 'Innocent', 'Innocent', 'Innocent', 'Innocent', 'Innocent', 'Innocent', 'Innocent', 'Innocent', 'Innocent', 'Innocent', 'Innocent', 'Innocent', 'Innocent', 'Innocent', 'Innocent', 'Innocent', 'Innocent', 'Innocent', 'Innocent', 'Innocent', 'Innocent', 'Innocent', 'Innocent', 'Innocent', 'Innocent', 'Innocent', 'Innocent', 'Innocent', 'Innocent', 'Innocent', 'Innocent', 'Innocent', 'Innocent', 'Innocent', 'Innocent', 'Innocent', 'Innocent', 'Innocent', 'Innocent', 'Innocent', 'Innocent', 'Innocent', 'Innocent', 'Innocent', 'Innocent', 'Innocent', 'Innocent', 'Innocent', 'Innocent', 'Innocent', 'Innocent', 'Innocent', 'Innocent', 'Innocent', 'Innocent', 'Innocent', 'Innocent', 'Innocent', 'Innocent', 'Innocent', 'Innocent', 'Innocent', 'Innocent', 'Innocent', 'Innocent', 'Innocent', 'Innocent', 'Innocent', 'Innocent', 'Innocent', 'Innocent', 'Innocent', 'Innocent', 'Innocent', 'Innocent', 'Innocent', 'Innocent', 'Innocent', 'Innocent', 'Innocent', 'Innocent', 'Innocent', 'Innocent', 'Innocent', 'Innocent', 'Innocent', 'Innocent', 'Innocent', 'Innocent', 'Innocent', 'Innocent', 'Innocent', 'Innocent', 'Innocent', 'Innocent', 'Innocent', 'Innocent', 'Innocent', 'Innocent', 'Innocent', 'Innocent', 'Innocent', 'Innocent', 'Innocent', 'Innocent', 'Innocent', 'Innocent', 'Innocent', 'Innocent', 'Innocent', 'Innocent', 'Innocent', 'Innocent', 'Innocent', 'Innocent', 'Innocent', 'Innocent', 'Innocent', 'Innocent', 'Innocent', 'Innocent', 'Innocent', 'Innocent', 'Innocent', 'Innocent', 'Innocent', 'Innocent', 'Innocent', 'Innocent', 'Innocent', 'Innocent', 'Innocent', 'Innocent', 'Innocent', 'Innocent', 'Innocent', 'Innocent', 'Innocent', 'Innocent', 'Innocent', 'Innocent', 'Innocent', 'Innocent', 'Innocent', 'Innocent', 'Innocent', 'Innocent', 'Innocent', 'Innocent', 'Innocent', 'Innocent', 'Innocent', 'Innocent', 'Innocent', 'Innocent', 'Innocent', 'Innocent', 'Innocent', 'Innocent', 'Innocent', 'Innocent', 'Innocent', 'Innocent', 'Innocent', 'Innocent', 'Innocent', 'Innocent', 'Innocent', 'Innocent', 'Innocent', 'Innocent', 'Innocent', 'Innocent', 'Innocent', 'Innocent', 'Innocent', 'Innocent', 'Innocent', 'Innocent', 'Innocent', 'Innocent', 'Innocent', 'Innocent', 'Innocent', 'Innocent', 'Innocent', 'Innocent', 'Innocent', 'Innocent', 'Innocent', 'Innocent', 'Innocent', 'Innocent', 'Innocent', 'Innocent', 'Innocent', 'Innocent', 'Innocent', 'Innocent', 'Innocent', 'Innocent', 'Innocent', 'Innocent', 'Innocent', 'Innocent', 'Innocent', 'Innocent', 'Innocent', 'Innocent', 'Innocent', 'Innocent', 'Innocent', 'Innocent', 'Innocent', 'Innocent', 'Innocent', 'Innocent', 'Innocent', 'Innocent', 'Innocent', 'Innocent', 'Innocent', 'Innocent', 'Innocent', 'Innocent', 'Innocent', 'Innocent', 'Innocent', 'Innocent', 'Innocent', 'Innocent', 'Innocent', 'Innocent', 'Innocent', 'Innocent', 'Innocent', 'Innocent', 'Innocent', 'Innocent', 'Innocent', 'Innocent', 'Innocent', 'Innocent', 'Innocent', 'Innocent', 'Innocent', 'Innocent', 'Innocent', 'Innocent', 'Innocent', 'Innocent', 'Innocent', 'Innocent', 'Innocent', 'Innocent', 'Innocent', 'Innocent', 'Innocent', 'Innocent', 'Innocent', 'Innocent', 'Innocent', 'Innocent', 'Innocent', 'Innocent', 'Innocent', 'Innocent', 'Innocent', 'Innocent', 'Innocent', 'Innocent', 'Innocent', 'Innocent', 'Innocent', 'Innocent', 'Innocent', 'Innocent', 'Innocent', 'Innocent', 'Innocent', 'Innocent', 'Innocent', 'Innocent', 'Innocent', 'Innocent', 'Innocent', 'Innocent', 'Innocent', 'Innocent', 'Innocent', 'Innocent', 'Innocent', 'Innocent', 'Innocent', 'Innocent', 'Innocent', 'Innocent', 'Innocent', 'Innocent', 'Innocent', 'Innocent', 'Innocent', 'Innocent', 'Innocent', 'Innocent', 'Innocent', 'Innocent', 'Innocent', 'Innocent', 'Innocent', 'Innocent', 'Innocent', 'Innocent', 'Innocent', 'Innocent', 'Innocent', 'Innocent', 'Innocent', 'Innocent', 'Innocent', 'Innocent', 'Innocent', 'Innocent', 'Innocent', 'Innocent', 'Innocent', 'Innocent', 'Innocent', 'Innocent', 'Innocent', 'Innocent', 'Innocent', 'Innocent', 'Innocent', 'Innocent', 'Innocent', 'Innocent', 'Innocent', 'Innocent', 'Innocent', 'Innocent', 'Innocent', 'Innocent', 'Innocent', 'Innocent', 'Innocent', 'Innocent', 'Innocent', 'Innocent', 'Innocent', 'Innocent', 'Innocent', 'Innocent', 'Innocent', 'Innocent', 'Innocent', 'Innocent', 'Innocent', 'Innocent', 'Innocent', 'Innocent', 'Innocent', 'Innocent', 'Innocent', 'Innocent', 'Innocent', 'Innocent', 'Innocent', 'Innocent', 'Innocent', 'Innocent', 'Innocent', 'Innocent', 'Innocent', 'Innocent', 'Innocent', 'Innocent', 'Innocent', 'Innocent', 'Innocent', 'Innocent', 'Innocent', 'Innocent', 'Innocent', 'Innocent', 'Innocent', 'Innocent', 'Innocent', 'Innocent', 'Innocent', 'Innocent', 'Innocent', 'Innocent', 'Innocent', 'Innocent', 'Innocent', 'Innocent', 'Innocent', 'Innocent', 'Innocent', 'Innocent', 'Innocent', 'Innocent', 'Innocent', 'Innocent', 'Innocent', 'Innocent', 'Innocent', 'Innocent', 'Innocent', 'Innocent', 'Innocent', 'Innocent', 'Innocent', 'Innocent', 'Innocent', 'Innocent', 'Innocent', 'Innocent', 'Innocent', 'Innocent', 'Innocent', 'Innocent', 'Innocent', 'Innocent', 'Innocent', 'Innocent', 'Innocent', 'Innocent', 'Innocent', 'Innocent', 'Innocent', 'Innocent', 'Innocent', 'Innocent', 'Innocent', 'Innocent', 'Innocent', 'Innocent', 'Innocent', 'Innocent', 'Innocent', 'Innocent', 'Innocent', 'Innocent', 'Innocent', 'Innocent', 'Innocent', 'Innocent', 'Innocent', 'Innocent', 'Innocent', 'Innocent', 'Innocent', 'Innocent', 'Innocent', 'Innocent', 'Innocent', 'Innocent', 'Innocent', 'Innocent', 'Innocent', 'Innocent', 'Innocent', 'Innocent', 'Innocent', 'Innocent', 'Innocent', 'Innocent', 'Innocent', 'Innocent', 'Innocent', 'Innocent', 'Innocent', 'Innocent', 'Innocent', 'Innocent', 'Innocent', 'Innocent', 'Innocent', 'Innocent', 'Innocent', 'Innocent', 'Innocent', 'Innocent', 'Innocent', 'Innocent', 'Innocent', 'Innocent', 'Innocent', 'Innocent', 'Innocent', 'Innocent', 'Innocent', 'Innocent', 'Innocent', 'Innocent', 'Innocent', 'Innocent', 'Innocent', 'Innocent', 'Innocent', 'Innocent', 'Innocent', 'Innocent', 'Innocent', 'Innocent', 'Innocent', 'Innocent', 'Innocent', 'Innocent', 'Innocent', 'Innocent', 'Innocent', 'Innocent', 'Innocent', 'Innocent', 'Innocent', 'Innocent', 'Innocent', 'Innocent', 'Innocent', 'Innocent', 'Innocent', 'Innocent', 'Innocent', 'Innocent', 'Innocent', 'Innocent', 'Innocent', 'Innocent', 'Innocent', 'Innocent', 'Innocent', 'Innocent', 'Innocent', 'Innocent', 'Innocent', 'Innocent', 'Innocent', 'Innocent', 'Innocent', 'Innocent', 'Innocent', 'Innocent', 'Innocent', 'Innocent', 'Innocent', 'Innocent', 'Innocent', 'Innocent', 'Innocent', 'Innocent', 'Innocent', 'Innocent', 'Innocent', 'Innocent', 'Innocent', 'Innocent', 'Innocent', 'Innocent', 'Innocent', 'Innocent', 'Innocent', 'Innocent', 'Innocent', 'Innocent', 'Innocent', 'Innocent', 'Innocent', 'Innocent', 'Innocent', 'Innocent', 'Innocent', 'Innocent', 'Innocent', 'Innocent', 'Innocent', 'Innocent', 'Innocent', 'Innocent', 'Innocent', 'Innocent', 'Innocent', 'Innocent', 'Innocent', 'Innocent', 'Innocent', 'Innocent', 'Innocent', 'Innocent', 'Innocent', 'Innocent', 'Innocent', 'Innocent', 'Innocent', 'Innocent', 'Innocent', 'Innocent', 'Innocent', 'Innocent', 'Innocent', 'Innocent', 'Innocent', 'Innocent', 'Innocent', 'Innocent', 'Innocent', 'Innocent', 'Innocent', 'Innocent', 'Innocent', 'Innocent', 'Innocent', 'Innocent', 'Innocent', 'Innocent', 'Innocent', 'Innocent', 'Innocent', 'Innocent', 'Innocent', 'Innocent', 'Innocent', 'Innocent', 'Innocent', 'Innocent', 'Innocent', 'Innocent', 'Innocent', 'Innocent', 'Innocent', 'Innocent', 'Innocent', 'Innocent', 'Innocent', 'Innocent', 'Innocent', 'Innocent', 'Innocent', 'Innocent', 'Innocent', 'Innocent', 'Innocent', 'Innocent', 'Innocent', 'Innocent', 'Innocent', 'Innocent', 'Innocent', 'Innocent', 'Innocent', 'Innocent', 'Innocent', 'Innocent', 'Innocent', 'Innocent', 'Innocent', 'Innocent', 'Innocent', 'Innocent', 'Innocent', 'Innocent', 'Innocent', 'Innocent', 'Innocent', 'Innocent', 'Innocent', 'Innocent', 'Innocent', 'Innocent', 'Innocent', 'Innocent', 'Innocent', 'Innocent', 'Innocent', 'Innocent', 'Innocent', 'Innocent', 'Innocent', 'Innocent', 'Innocent', 'Innocent', 'Innocent', 'Innocent', 'Innocent', 'Innocent', 'Innocent', 'Innocent', 'Innocent', 'Innocent', 'Innocent', 'Innocent', 'Innocent', 'Innocent', 'Innocent', 'Innocent', 'Innocent', 'Innocent', 'Innocent', 'Innocent', 'Innocent', 'Innocent', 'Innocent', 'Innocent', 'Innocent', 'Innocent', 'Innocent', 'Innocent', 'Innocent', 'Innocent', 'Innocent', 'Innocent', 'Innocent', 'Innocent', 'Innocent', 'Innocent', 'Innocent', 'Innocent', 'Innocent', 'Innocent', 'Innocent', 'Innocent', 'Innocent', 'Innocent', 'Innocent', 'Innocent', 'Innocent', 'Innocent', 'Innocent', 'Innocent', 'Innocent', 'Innocent', 'Innocent', 'Innocent', 'Innocent', 'Innocent', 'Innocent', 'Innocent', 'Innocent', 'Innocent', 'Innocent', 'Innocent', 'Innocent', 'Innocent', 'Innocent', 'Innocent', 'Innocent', 'Innocent', 'Innocent', 'Innocent', 'Innocent', 'Innocent', 'Innocent', 'Innocent', 'Innocent', 'Innocent', 'Innocent', 'Innocent', 'Innocent', 'Innocent', 'Innocent', 'Innocent', 'Innocent', 'Innocent', 'Innocent', 'Innocent', 'Innocent', 'Innocent', 'Innocent', 'Innocent', 'Innocent', 'Innocent', 'Innocent', 'Innocent', 'Innocent', 'Innocent', 'Innocent', 'Innocent', 'Innocent', 'Innocent', 'Innocent', 'Innocent', 'Innocent', 'Innocent', 'Innocent', 'Innocent', 'Innocent', 'Innocent', 'Innocent', 'Innocent', 'Innocent', 'Innocent', 'Innocent', 'Innocent', 'Innocent', 'Innocent', 'Innocent', 'Innocent', 'Innocent', 'Innocent', 'Innocent', 'Innocent', 'Innocent', 'Innocent', 'Innocent', 'Innocent', 'Innocent', 'Innocent', 'Innocent', 'Innocent', 'Innocent', 'Innocent', 'Innocent', 'Innocent', 'Innocent', 'Innocent', 'Innocent', 'Innocent', 'Innocent', 'Innocent', 'Innocent', 'Innocent', 'Innocent', 'Innocent', 'Innocent', 'Innocent', 'Innocent', 'Innocent', 'Innocent', 'Innocent', 'Innocent', 'Innocent', 'Innocent', 'Innocent', 'Innocent', 'Innocent', 'Innocent', 'Innocent', 'Innocent', 'Innocent', 'Innocent', 'Innocent', 'Innocent', 'Innocent', 'Innocent', 'Innocent', 'Innocent', 'Innocent', 'Innocent', 'Innocent', 'Innocent', 'Innocent', 'Innocent', 'Innocent', 'Innocent', 'Innocent', 'Innocent', 'Innocent', 'Innocent', 'Innocent', 'Innocent', 'Innocent', 'Innocent', 'Innocent', 'Innocent', 'Innocent', 'Innocent', 'Innocent', 'Innocent', 'Innocent', 'Innocent', 'Innocent', 'Innocent', 'Innocent', 'Innocent', 'Innocent', 'Innocent', 'Innocent', 'Innocent', 'Innocent', 'Innocent', 'Innocent', 'Innocent', 'Innocent', 'Innocent', 'Innocent', 'Innocent', 'Innocent', 'Innocent', 'Innocent', 'Innocent', 'Innocent', 'Innocent', 'Innocent', 'Innocent', 'Innocent', 'Innocent', 'Innocent', 'Innocent', 'Innocent', 'Innocent', 'Innocent', 'Innocent', 'Innocent', 'Innocent', 'Innocent', 'Innocent', 'Innocent', 'Innocent', 'Innocent', 'Innocent', 'Innocent', 'Innocent', 'Innocent', 'Innocent', 'Innocent', 'Innocent', 'Innocent', 'Innocent', 'Innocent', 'Innocent', 'Innocent', 'Innocent', 'Innocent', 'Innocent', 'Innocent', 'Innocent', 'Innocent', 'Innocent', 'Innocent', 'Innocent', 'Innocent', 'Innocent', 'Innocent', 'Innocent', 'Innocent', 'Innocent', 'Innocent', 'Innocent', 'Innocent', 'Innocent', 'Innocent', 'Innocent', 'Innocent', 'Innocent', 'Innocent', 'Innocent', 'Innocent', 'Innocent', 'Innocent', 'Innocent', 'Innocent', 'Innocent', 'Innocent', 'Innocent', 'Innocent', 'Innocent', 'Innocent', 'Innocent', 'Innocent', 'Innocent', 'Innocent', 'Innocent', 'Innocent', 'Innocent', 'Innocent', 'Innocent', 'Innocent', 'Innocent', 'Innocent', 'Innocent', 'Innocent', 'Innocent', 'Innocent', 'Innocent', 'Innocent', 'Innocent', 'Innocent', 'Innocent', 'Innocent', 'Innocent', 'Innocent', 'Innocent', 'Innocent', 'Innocent', 'Innocent', 'Innocent', 'Innocent', 'Innocent', 'Innocent', 'Innocent', 'Innocent', 'Innocent', 'Innocent', 'Innocent', 'Innocent', 'Innocent', 'Innocent', 'Innocent', 'Innocent', 'Innocent', 'Innocent', 'Innocent', 'Innocent', 'Innocent', 'Innocent', 'Innocent', 'Innocent', 'Innocent', 'Innocent', 'Innocent', 'Innocent', 'Innocent', 'Innocent', 'Innocent', 'Innocent', 'Innocent', 'Innocent', 'Innocent', 'Innocent', 'Innocent', 'Innocent', 'Innocent', 'Innocent', 'Innocent', 'Innocent', 'Innocent', 'Innocent', 'Innocent', 'Innocent', 'Innocent', 'Innocent', 'Innocent', 'Innocent', 'Innocent', 'Innocent', 'Innocent', 'Innocent', 'Innocent', 'Innocent', 'Innocent', 'Innocent', 'Innocent', 'Innocent', 'Innocent', 'Innocent', 'Innocent', 'Innocent', 'Innocent', 'Innocent', 'Innocent', 'Innocent', 'Innocent', 'Innocent', 'Innocent', 'Innocent', 'Innocent', 'Innocent', 'Innocent', 'Innocent', 'Innocent', 'Innocent', 'Innocent', 'Innocent', 'Innocent', 'Innocent', 'Innocent', 'Innocent', 'Innocent', 'Innocent', 'Innocent', 'Innocent', 'Innocent', 'Innocent', 'Innocent', 'Innocent', 'Innocent', 'Innocent', 'Innocent', 'Innocent', 'Innocent', 'Innocent', 'Innocent', 'Innocent', 'Innocent', 'Innocent', 'Innocent', 'Innocent', 'Innocent', 'Innocent', 'Innocent', 'Innocent', 'Innocent', 'Innocent', 'Innocent', 'Innocent', 'Innocent', 'Innocent', 'Innocent', 'Innocent', 'Innocent', 'Innocent', 'Innocent', 'Innocent', 'Innocent', 'Innocent', 'Innocent', 'Innocent', 'Innocent', 'Innocent', 'Innocent', 'Innocent', 'Innocent', 'Innocent', 'Innocent', 'Innocent', 'Innocent', 'Innocent', 'Innocent', 'Innocent', 'Innocent', 'Innocent', 'Innocent', 'Innocent', 'Innocent', 'Innocent', 'Innocent', 'Innocent', 'Innocent', 'Innocent', 'Innocent', 'Innocent', 'Innocent', 'Innocent', 'Innocent', 'Innocent', 'Innocent', 'Innocent', 'Innocent', 'Innocent', 'Innocent', 'Innocent', 'Innocent', 'Innocent', 'Innocent', 'Innocent', 'Innocent', 'Innocent', 'Innocent', 'Innocent', 'Innocent', 'Innocent', 'Innocent', 'Innocent', 'Innocent', 'Innocent', 'Innocent', 'Innocent', 'Innocent', 'Innocent', 'Innocent', 'Innocent', 'Innocent', 'Innocent', 'Innocent', 'Innocent', 'Innocent', 'Innocent', 'Innocent', 'Innocent', 'Innocent', 'Innocent', 'Innocent', 'Innocent', 'Innocent', 'Innocent', 'Innocent', 'Innocent', 'Innocent', 'Innocent', 'Innocent', 'Innocent', 'Innocent', 'Innocent', 'Innocent', 'Innocent', 'Innocent', 'Innocent', 'Innocent', 'Innocent', 'Innocent', 'Innocent', 'Innocent', 'Innocent', 'Innocent', 'Innocent', 'Innocent', 'Innocent', 'Innocent', 'Innocent', 'Innocent', 'Innocent', 'Innocent', 'Innocent', 'Innocent', 'Innocent', 'Innocent', 'Innocent', 'Innocent', 'Innocent', 'Innocent', 'Innocent', 'Innocent', 'Innocent', 'Innocent', 'Innocent', 'Innocent', 'Innocent', 'Innocent', 'Innocent', 'Innocent', 'Innocent', 'Innocent', 'Innocent', 'Innocent', 'Innocent', 'Innocent', 'Innocent', 'Innocent', 'Innocent', 'Innocent', 'Innocent', 'Innocent', 'Innocent', 'Innocent', 'Innocent', 'Innocent', 'Innocent', 'Innocent', 'Innocent', 'Innocent', 'Innocent', 'Innocent', 'Innocent', 'Innocent', 'Innocent', 'Innocent', 'Innocent', 'Innocent', 'Innocent', 'Innocent', 'Innocent', 'Innocent', 'Innocent', 'Innocent', 'Innocent', 'Innocent', 'Innocent', 'Innocent', 'Innocent', 'Innocent', 'Innocent', 'Innocent', 'Innocent', 'Innocent', 'Innocent', 'Innocent', 'Innocent', 'Innocent', 'Innocent', 'Innocent', 'Innocent', 'Innocent', 'Innocent', 'Innocent', 'Innocent', 'Innocent', 'Innocent', 'Innocent', 'Innocent', 'Innocent', 'Innocent', 'Innocent', 'Innocent', 'Innocent', 'Innocent', 'Innocent', 'Innocent', 'Innocent', 'Innocent', 'Innocent', 'Innocent', 'Innocent', 'Innocent', 'Innocent', 'Innocent', 'Innocent', 'Innocent', 'Innocent', 'Innocent', 'Innocent', 'Innocent', 'Innocent', 'Innocent', 'Innocent', 'Innocent', 'Innocent', 'Innocent', 'Innocent', 'Innocent', 'Innocent', 'Innocent', 'Innocent', 'Innocent', 'Innocent', 'Innocent', 'Innocent', 'Innocent', 'Innocent', 'Innocent', 'Innocent', 'Innocent', 'Innocent', 'Innocent', 'Innocent', 'Innocent', 'Innocent', 'Innocent', 'Innocent', 'Innocent', 'Innocent', 'Innocent', 'Innocent', 'Innocent', 'Innocent', 'Innocent', 'Innocent', 'Innocent', 'Innocent', 'Innocent', 'Innocent', 'Innocent', 'Innocent', 'Innocent', 'Innocent', 'Innocent', 'Innocent', 'Innocent', 'Innocent', 'Innocent', 'Innocent', 'Innocent', 'Innocent', 'Innocent', 'Innocent', 'Innocent', 'Innocent', 'Innocent', 'Innocent', 'Innocent', 'Innocent', 'Innocent', 'Innocent', 'Innocent', 'Innocent', 'Innocent', 'Innocent', 'Innocent', 'Innocent', 'Innocent', 'Innocent', 'Innocent', 'Innocent', 'Innocent', 'Innocent', 'Innocent', 'Innocent', 'Innocent', 'Innocent', 'Innocent', 'Innocent', 'Innocent', 'Innocent', 'Innocent', 'Innocent', 'Innocent', 'Innocent', 'Innocent', 'Innocent', 'Innocent', 'Innocent', 'Innocent', 'Innocent', 'Innocent', 'Innocent', 'Innocent', 'Innocent', 'Innocent', 'Innocent', 'Innocent', 'Innocent', 'Innocent', 'Innocent', 'Innocent', 'Innocent', 'Innocent', 'Innocent', 'Innocent', 'Innocent', 'Innocent', 'Innocent', 'Innocent', 'Innocent', 'Innocent', 'Innocent', 'Innocent', 'Innocent', 'Innocent', 'Innocent', 'Innocent', 'Innocent', 'Innocent', 'Innocent', 'Innocent', 'Innocent', 'Innocent', 'Innocent', 'Innocent', 'Innocent', 'Innocent', 'Innocent', 'Innocent', 'Innocent', 'Innocent', 'Innocent', 'Innocent', 'Innocent', 'Innocent', 'Innocent', 'Innocent', 'Innocent', 'Innocent', 'Innocent', 'Innocent', 'Innocent', 'Innocent', 'Innocent', 'Innocent', 'Innocent', 'Innocent', 'Innocent', 'Innocent', 'Innocent', 'Innocent', 'Innocent', 'Innocent', 'Innocent', 'Innocent', 'Innocent', 'Innocent', 'Innocent', 'Innocent', 'Innocent', 'Innocent', 'Innocent', 'Innocent', 'Innocent', 'Innocent', 'Innocent', 'Innocent', 'Innocent', 'Innocent', 'Innocent', 'Innocent', 'Innocent', 'Innocent', 'Innocent', 'Innocent', 'Innocent', 'Innocent', 'Innocent', 'Innocent', 'Innocent', 'Innocent', 'Innocent', 'Innocent', 'Innocent', 'Innocent', 'Innocent', 'Innocent', 'Innocent', 'Innocent', 'Innocent', 'Innocent', 'Innocent', 'Innocent', 'Innocent', 'Innocent', 'Innocent', 'Innocent', 'Innocent', 'Innocent', 'Innocent', 'Innocent', 'Innocent', 'Innocent', 'Innocent', 'Innocent', 'Innocent', 'Innocent', 'Innocent', 'Innocent', 'Innocent', 'Innocent', 'Innocent', 'Innocent', 'Innocent', 'Innocent', 'Innocent', 'Innocent', 'Innocent', 'Innocent', 'Innocent', 'Innocent', 'Innocent', 'Innocent', 'Innocent', 'Innocent', 'Innocent', 'Innocent', 'Innocent', 'Innocent', 'Innocent', 'Innocent', 'Innocent', 'Innocent', 'Innocent', 'Innocent', 'Innocent', 'Innocent', 'Innocent', 'Innocent', 'Innocent', 'Innocent', 'Innocent', 'Innocent', 'Innocent', 'Innocent', 'Innocent', 'Innocent', 'Innocent', 'Innocent', 'Innocent', 'Innocent', 'Innocent', 'Innocent', 'Innocent', 'Innocent', 'Innocent', 'Innocent', 'Innocent', 'Innocent', 'Innocent', 'Innocent', 'Innocent', 'Innocent', 'Innocent', 'Innocent', 'Innocent', 'Innocent', 'Innocent', 'Innocent', 'Innocent', 'Innocent', 'Innocent', 'Innocent', 'Innocent', 'Innocent', 'Innocent', 'Innocent', 'Innocent', 'Innocent', 'Innocent', 'Innocent', 'Innocent', 'Innocent', 'Innocent', 'Innocent', 'Innocent', 'Innocent', 'Innocent', 'Innocent', 'Innocent', 'Innocent', 'Innocent', 'Innocent', 'Innocent', 'Innocent', 'Innocent', 'Innocent', 'Innocent', 'Innocent', 'Innocent', 'Innocent', 'Innocent', 'Innocent', 'Innocent', 'Innocent', 'Innocent', 'Innocent', 'Innocent', 'Innocent', 'Innocent', 'Innocent', 'Innocent', 'Innocent', 'Innocent', 'Innocent', 'Innocent', 'Innocent', 'Innocent', 'Innocent', 'Innocent', 'Innocent', 'Innocent', 'Innocent', 'Innocent', 'Innocent', 'Innocent', 'Innocent', 'Innocent', 'Innocent', 'Innocent', 'Innocent', 'Innocent', 'Innocent', 'Innocent', 'Innocent', 'Innocent', 'Innocent', 'Innocent', 'Innocent', 'Innocent', 'Innocent', 'Innocent', 'Innocent', 'Innocent', 'Innocent', 'Innocent', 'Innocent', 'Innocent', 'Innocent', 'Innocent', 'Innocent', 'Innocent', 'Innocent', 'Innocent', 'Innocent', 'Innocent', 'Innocent', 'Innocent', 'Innocent', 'Innocent', 'Innocent', 'Innocent', 'Innocent', 'Innocent', 'Innocent', 'Innocent', 'Innocent', 'Innocent', 'Innocent', 'Innocent', 'Innocent', 'Innocent', 'Innocent', 'Innocent', 'Innocent', 'Innocent', 'Innocent', 'Innocent', 'Innocent', 'Innocent', 'Innocent', 'Innocent', 'Innocent', 'Innocent', 'Innocent', 'Innocent', 'Innocent', 'Innocent', 'Innocent', 'Innocent', 'Innocent', 'Innocent', 'Innocent', 'Innocent', 'Innocent', 'Innocent', 'Innocent', 'Innocent', 'Innocent', 'Innocent', 'Innocent', 'Innocent', 'Innocent', 'Innocent', 'Innocent', 'Innocent', 'Innocent', 'Innocent', 'Innocent', 'Innocent', 'Innocent', 'Innocent', 'Innocent', 'Innocent', 'Innocent', 'Innocent', 'Innocent', 'Innocent', 'Innocent', 'Innocent', 'Innocent', 'Innocent', 'Innocent', 'Innocent', 'Innocent', 'Innocent', 'Innocent', 'Innocent', 'Innocent', 'Innocent', 'Innocent', 'Innocent', 'Innocent', 'Innocent', 'Innocent', 'Innocent', 'Innocent', 'Innocent', 'Innocent', 'Innocent', 'Innocent', 'Innocent', 'Innocent', 'Innocent', 'Innocent', 'Innocent', 'Innocent', 'Innocent', 'Innocent', 'Innocent', 'Innocent', 'Innocent', 'Innocent', 'Innocent', 'Innocent', 'Innocent', 'Innocent', 'Innocent', 'Innocent', 'Innocent', 'Innocent', 'Innocent', 'Innocent', 'Innocent', 'Innocent', 'Innocent', 'Innocent', 'Innocent', 'Innocent', 'Innocent', 'Innocent', 'Innocent', 'Innocent', 'Innocent', 'Innocent', 'Innocent', 'Innocent', 'Innocent', 'Innocent', 'Innocent', 'Innocent', 'Innocent', 'Innocent', 'Innocent', 'Innocent', 'Innocent', 'Innocent', 'Innocent', 'Innocent', 'Innocent', 'Innocent', 'Innocent', 'Innocent', 'Innocent', 'Innocent', 'Innocent', 'Innocent', 'Innocent', 'Innocent', 'Innocent', 'Innocent', 'Innocent', 'Innocent', 'Innocent', 'Innocent', 'Innocent', 'Innocent', 'Innocent', 'Innocent', 'Innocent', 'Innocent', 'Innocent', 'Innocent', 'Innocent', 'Innocent', 'Innocent', 'Innocent', 'Innocent', 'Innocent', 'Innocent', 'Innocent', 'Innocent', 'Innocent', 'Innocent', 'Innocent', 'Innocent', 'Innocent', 'Innocent', 'Innocent', 'Innocent', 'Innocent', 'Innocent', 'Innocent', 'Innocent', 'Innocent', 'Innocent', 'Innocent', 'Innocent', 'Innocent', 'Innocent', 'Innocent', 'Innocent', 'Innocent', 'Innocent', 'Innocent', 'Innocent', 'Innocent', 'Innocent', 'Innocent', 'Innocent', 'Innocent', 'Innocent', 'Innocent', 'Innocent', 'Innocent', 'Innocent', 'Innocent', 'Innocent', 'Innocent', 'Innocent', 'Innocent', 'Innocent', 'Innocent', 'Innocent', 'Innocent', 'Innocent', 'Innocent', 'Innocent', 'Innocent', 'Innocent', 'Innocent', 'Innocent', 'Innocent', 'Innocent', 'Innocent', 'Innocent', 'Innocent', 'Innocent', 'Innocent', 'Innocent', 'Innocent', 'Innocent', 'Innocent', 'Innocent', 'Innocent', 'Innocent', 'Innocent', 'Innocent', 'Innocent', 'Innocent', 'Innocent', 'Innocent', 'Innocent', 'Innocent', 'Innocent', 'Innocent', 'Innocent', 'Innocent', 'Innocent', 'Innocent', 'Innocent', 'Innocent', 'Innocent', 'Innocent', 'Innocent', 'Innocent', 'Innocent', 'Innocent', 'Innocent', 'Innocent', 'Innocent', 'Innocent', 'Innocent', 'Innocent', 'Innocent', 'Innocent', 'Innocent', 'Innocent', 'Innocent', 'Innocent', 'Innocent', 'Innocent', 'Innocent', 'Innocent', 'Innocent', 'Innocent', 'Innocent', 'Innocent', 'Innocent', 'Innocent', 'Innocent', 'Innocent', 'Innocent', 'Innocent', 'Innocent', 'Innocent', 'Innocent', 'Innocent', 'Innocent', 'Innocent', 'Innocent', 'Innocent', 'Innocent', 'Innocent', 'Innocent', 'Innocent', 'Innocent', 'Innocent', 'Innocent', 'Innocent', 'Innocent', 'Innocent', 'Innocent', 'Innocent', 'Innocent', 'Innocent', 'Innocent', 'Innocent', 'Innocent', 'Innocent', 'Innocent', 'Innocent', 'Innocent', 'Innocent', 'Innocent', 'Innocent', 'Innocent', 'Innocent', 'Innocent', 'Innocent', 'Innocent', 'Innocent', 'Innocent', 'Innocent', 'Innocent', 'Innocent', 'Innocent', 'Innocent', 'Innocent', 'Innocent', 'Innocent', 'Innocent', 'Innocent', 'Innocent', 'Innocent', 'Innocent', 'Innocent', 'Innocent', 'Innocent', 'Innocent', 'Innocent', 'Innocent', 'Innocent', 'Innocent', 'Innocent', 'Innocent', 'Innocent', 'Innocent', 'Innocent', 'Innocent', 'Innocent', 'Innocent', 'Innocent', 'Innocent', 'Innocent', 'Innocent', 'Innocent', 'Innocent', 'Innocent', 'Innocent', 'Innocent', 'Innocent', 'Innocent', 'Innocent', 'Innocent', 'Innocent', 'Innocent', 'Innocent', 'Innocent', 'Innocent', 'Innocent', 'Innocent', 'Innocent', 'Innocent', 'Innocent', 'Innocent', 'Innocent', 'Innocent', 'Innocent', 'Innocent', 'Innocent', 'Innocent', 'Innocent', 'Innocent', 'Innocent', 'Innocent', 'Innocent', 'Innocent', 'Innocent', 'Innocent', 'Innocent', 'Innocent', 'Innocent', 'Innocent', 'Innocent', 'Innocent', 'Innocent', 'Innocent', 'Innocent', 'Innocent', 'Innocent', 'Innocent', 'Innocent', 'Innocent', 'Innocent', 'Innocent', 'Innocent', 'Innocent', 'Innocent', 'Innocent', 'Innocent', 'Innocent', 'Innocent', 'Innocent', 'Innocent', 'Innocent', 'Innocent', 'Innocent', 'Innocent', 'Innocent', 'Innocent', 'Innocent', 'Innocent', 'Innocent', 'Innocent', 'Innocent', 'Innocent', 'Innocent', 'Innocent', 'Innocent', 'Innocent', 'Innocent', 'Innocent', 'Innocent', 'Innocent', 'Innocent', 'Innocent', 'Innocent', 'Innocent', 'Innocent', 'Innocent', 'Innocent', 'Innocent', 'Innocent', 'Innocent', 'Innocent', 'Innocent', 'Innocent', 'Innocent', 'Innocent', 'Innocent', 'Innocent', 'Innocent', 'Innocent', 'Innocent', 'Innocent', 'Innocent', 'Innocent', 'Innocent', 'Innocent', 'Innocent', 'Innocent', 'Innocent', 'Innocent', 'Innocent', 'Innocent', 'Innocent', 'Innocent', 'Innocent', 'Innocent', 'Innocent', 'Innocent', 'Innocent', 'Innocent', 'Innocent', 'Innocent', 'Innocent', 'Innocent', 'Innocent', 'Innocent', 'Innocent', 'Innocent', 'Innocent', 'Innocent', 'Innocent', 'Innocent', 'Innocent', 'Innocent', 'Innocent', 'Innocent', 'Innocent', 'Innocent', 'Innocent', 'Innocent', 'Innocent', 'Innocent', 'Innocent', 'Innocent', 'Innocent', 'Innocent', 'Innocent', 'Innocent', 'Innocent', 'Innocent', 'Innocent', 'Innocent', 'Innocent', 'Innocent', 'Innocent', 'Innocent', 'Innocent', 'Innocent', 'Innocent', 'Innocent', 'Innocent', 'Innocent', 'Innocent', 'Innocent', 'Innocent', 'Innocent', 'Innocent', 'Innocent', 'Innocent', 'Innocent', 'Innocent', 'Innocent', 'Innocent', 'Innocent', 'Innocent', 'Innocent', 'Innocent', 'Innocent', 'Innocent', 'Innocent', 'Innocent', 'Innocent', 'Innocent', 'Innocent', 'Innocent', 'Innocent', 'Innocent', 'Innocent', 'Innocent', 'Innocent', 'Innocent', 'Innocent', 'Innocent', 'Innocent', 'Innocent', 'Innocent', 'Innocent', 'Innocent', 'Innocent', 'Innocent', 'Innocent', 'Innocent', 'Innocent', 'Innocent', 'Innocent', 'Innocent', 'Innocent', 'Innocent', 'Innocent', 'Innocent', 'Innocent', 'Innocent', 'Innocent', 'Innocent', 'Innocent', 'Innocent', 'Innocent', 'Innocent', 'Innocent', 'Innocent', 'Innocent', 'Innocent', 'Innocent', 'Innocent', 'Innocent', 'Innocent', 'Innocent', 'Innocent', 'Innocent', 'Innocent', 'Innocent', 'Innocent', 'Innocent', 'Innocent', 'Innocent', 'Innocent', 'Innocent', 'Innocent', 'Innocent', 'Innocent', 'Innocent', 'Innocent', 'Innocent', 'Innocent', 'Innocent', 'Innocent', 'Innocent', 'Innocent', 'Innocent', 'Innocent', 'Innocent', 'Innocent', 'Innocent', 'Innocent', 'Innocent', 'Innocent', 'Innocent', 'Innocent', 'Innocent', 'Innocent', 'Innocent', 'Innocent', 'Innocent', 'Innocent', 'Innocent', 'Innocent', 'Innocent', 'Innocent', 'Innocent', 'Innocent', 'Innocent', 'Innocent', 'Innocent', 'Innocent', 'Innocent', 'Innocent', 'Innocent', 'Innocent', 'Innocent', 'Innocent', 'Innocent', 'Innocent', 'Innocent', 'Innocent', 'Innocent', 'Innocent', 'Innocent', 'Innocent', 'Innocent', 'Innocent', 'Innocent', 'Innocent', 'Innocent', 'Innocent', 'Innocent', 'Innocent', 'Innocent', 'Innocent', 'Innocent', 'Innocent', 'Innocent', 'Innocent', 'Innocent', 'Innocent', 'Innocent', 'Innocent', 'Innocent', 'Innocent', 'Innocent', 'Innocent', 'Innocent', 'Innocent', 'Innocent', 'Innocent', 'Innocent', 'Innocent', 'Innocent', 'Innocent', 'Innocent', 'Innocent', 'Innocent', 'Innocent', 'Innocent', 'Innocent', 'Innocent', 'Innocent', 'Innocent', 'Innocent', 'Innocent', 'Innocent', 'Innocent', 'Innocent', 'Innocent', 'Innocent', 'Innocent', 'Innocent', 'Innocent', 'Innocent', 'Innocent', 'Innocent', 'Innocent', 'Innocent', 'Innocent', 'Innocent', 'Innocent', 'Innocent', 'Innocent', 'Innocent', 'Innocent', 'Innocent', 'Innocent', 'Innocent', 'Innocent', 'Innocent', 'Innocent', 'Innocent', 'Innocent', 'Innocent', 'Innocent', 'Innocent', 'Innocent', 'Innocent', 'Innocent', 'Innocent', 'Innocent', 'Innocent', 'Innocent', 'Innocent', 'Innocent', 'Innocent', 'Innocent', 'Innocent', 'Innocent', 'Innocent', 'Innocent', 'Innocent', 'Innocent', 'Innocent', 'Innocent', 'Innocent', 'Innocent', 'Innocent', 'Innocent', 'Innocent', 'Innocent', 'Innocent', 'Innocent', 'Innocent', 'Innocent', 'Innocent', 'Innocent', 'Innocent', 'Innocent', 'Innocent', 'Innocent', 'Innocent', 'Innocent', 'Innocent', 'Innocent', 'Innocent', 'Innocent', 'Innocent', 'Innocent', 'Innocent', 'Innocent', 'Innocent', 'Innocent', 'Innocent', 'Innocent', 'Innocent', 'Innocent', 'Innocent', 'Innocent', 'Innocent', 'Innocent', 'Innocent', 'Innocent', 'Innocent', 'Innocent', 'Innocent', 'Innocent', 'Innocent', 'Innocent', 'Innocent', 'Innocent', 'Innocent', 'Innocent', 'Innocent', 'Innocent', 'Innocent', 'Innocent', 'Innocent', 'Innocent', 'Innocent', 'Innocent', 'Innocent', 'Innocent', 'Innocent', 'Innocent', 'Innocent', 'Innocent', 'Innocent', 'Innocent', 'Innocent', 'Innocent', 'Innocent', 'Innocent', 'Innocent', 'Innocent', 'Innocent', 'Innocent', 'Innocent', 'Innocent', 'Innocent', 'Innocent', 'Innocent', 'Innocent', 'Innocent', 'Innocent', 'Innocent', 'Innocent', 'Innocent', 'Innocent', 'Innocent', 'Innocent', 'Innocent', 'Innocent', 'Innocent', 'Innocent', 'Innocent', 'Innocent', 'Innocent', 'Innocent', 'Innocent', 'Innocent', 'Innocent', 'Innocent', 'Innocent', 'Innocent', 'Innocent', 'Innocent', 'Innocent', 'Innocent', 'Innocent', 'Innocent', 'Innocent', 'Innocent', 'Innocent', 'Innocent', 'Innocent', 'Innocent', 'Innocent', 'Innocent', 'Innocent', 'Innocent', 'Innocent', 'Innocent', 'Innocent', 'Innocent', 'Innocent', 'Innocent', 'Innocent', 'Innocent', 'Innocent', 'Innocent', 'Innocent', 'Innocent', 'Innocent', 'Innocent', 'Innocent', 'Innocent', 'Innocent', 'Innocent', 'Innocent', 'Innocent', 'Innocent', 'Innocent', 'Innocent', 'Innocent', 'Innocent', 'Innocent', 'Innocent', 'Innocent', 'Innocent', 'Innocent', 'Innocent', 'Innocent', 'Innocent', 'Innocent', 'Innocent', 'Innocent', 'Innocent', 'Innocent', 'Innocent', 'Innocent', 'Innocent', 'Innocent', 'Innocent', 'Innocent', 'Innocent', 'Innocent', 'Innocent', 'Innocent', 'Innocent', 'Innocent', 'Innocent', 'Innocent', 'Innocent', 'Innocent', 'Innocent', 'Innocent', 'Innocent', 'Innocent', 'Innocent', 'Innocent', 'Innocent', 'Innocent', 'Innocent', 'Innocent', 'Innocent', 'Innocent', 'Innocent', 'Innocent', 'Innocent', 'Innocent', 'Innocent', 'Innocent', 'Innocent', 'Innocent', 'Innocent', 'Innocent', 'Innocent', 'Innocent', 'Innocent', 'Innocent', 'Innocent', 'Innocent', 'Innocent', 'Innocent', 'Innocent', 'Innocent', 'Innocent', 'Innocent', 'Innocent', 'Innocent', 'Innocent', 'Innocent', 'Innocent', 'Innocent', 'Innocent', 'Innocent', 'Innocent', 'Innocent', 'Innocent', 'Innocent', 'Innocent', 'Innocent', 'Innocent', 'Innocent', 'Innocent', 'Innocent', 'Innocent', 'Innocent', 'Innocent', 'Innocent', 'Innocent', 'Innocent', 'Innocent', 'Innocent', 'Innocent', 'Innocent', 'Innocent', 'Innocent', 'Innocent', 'Innocent', 'Innocent', 'Innocent', 'Innocent', 'Innocent', 'Innocent', 'Innocent', 'Innocent', 'Innocent', 'Innocent', 'Innocent', 'Innocent', 'Innocent', 'Innocent', 'Innocent', 'Innocent', 'Innocent', 'Innocent', 'Innocent', 'Innocent', 'Innocent', 'Innocent', 'Innocent', 'Innocent', 'Innocent', 'Innocent', 'Innocent', 'Innocent', 'Innocent', 'Innocent', 'Innocent', 'Innocent', 'Innocent', 'Innocent', 'Innocent', 'Innocent', 'Innocent', 'Innocent', 'Innocent', 'Innocent', 'Innocent', 'Innocent', 'Innocent', 'Innocent', 'Innocent', 'Innocent', 'Innocent', 'Innocent', 'Innocent', 'Innocent', 'Innocent', 'Innocent', 'Innocent', 'Innocent', 'Innocent', 'Innocent', 'Innocent', 'Innocent', 'Innocent', 'Innocent', 'Innocent', 'Innocent', 'Innocent', 'Innocent', 'Innocent', 'Innocent', 'Innocent', 'Innocent', 'Innocent', 'Innocent', 'Innocent', 'Innocent', 'Innocent', 'Innocent', 'Innocent', 'Innocent', 'Innocent', 'Innocent', 'Innocent', 'Innocent', 'Innocent', 'Innocent', 'Innocent', 'Innocent', 'Innocent', 'Innocent', 'Innocent', 'Innocent', 'Innocent', 'Innocent', 'Innocent', 'Innocent', 'Innocent', 'Innocent', 'Innocent', 'Innocent', 'Innocent', 'Innocent', 'Innocent', 'Innocent', 'Innocent', 'Innocent', 'Innocent', 'Innocent', 'Innocent', 'Innocent', 'Innocent', 'Innocent', 'Innocent', 'Innocent', 'Innocent', 'Innocent', 'Innocent', 'Innocent', 'Innocent', 'Innocent', 'Innocent', 'Innocent', 'Innocent', 'Innocent', 'Innocent', 'Innocent', 'Innocent', 'Innocent', 'Innocent', 'Innocent', 'Innocent', 'Innocent', 'Innocent', 'Innocent', 'Innocent', 'Innocent', 'Innocent', 'Innocent', 'Innocent', 'Innocent', 'Innocent', 'Innocent', 'Innocent', 'Innocent', 'Innocent', 'Innocent', 'Innocent', 'Innocent', 'Innocent', 'Innocent', 'Innocent', 'Innocent', 'Innocent', 'Innocent', 'Innocent', 'Innocent', 'Innocent', 'Innocent', 'Innocent', 'Innocent', 'Innocent', 'Innocent', 'Innocent', 'Innocent', 'Innocent', 'Innocent', 'Innocent', 'Innocent', 'Innocent', 'Innocent', 'Innocent', 'Innocent', 'Innocent', 'Innocent', 'Innocent', 'Innocent', 'Innocent', 'Innocent', 'Innocent', 'Innocent', 'Innocent', 'Innocent', 'Innocent', 'Innocent', 'Innocent', 'Innocent', 'Innocent', 'Innocent', 'Innocent', 'Innocent', 'Innocent', 'Innocent', 'Innocent', 'Innocent', 'Innocent', 'Innocent', 'Innocent', 'Innocent', 'Innocent', 'Innocent', 'Innocent', 'Innocent', 'Innocent', 'Innocent', 'Innocent', 'Innocent', 'Innocent', 'Innocent', 'Innocent', 'Innocent', 'Innocent', 'Innocent', 'Innocent', 'Innocent', 'Innocent', 'Innocent', 'Innocent', 'Innocent', 'Innocent', 'Innocent', 'Innocent', 'Innocent', 'Innocent', 'Innocent', 'Innocent', 'Innocent', 'Innocent', 'Innocent', 'Innocent', 'Innocent', 'Innocent', 'Innocent', 'Innocent', 'Innocent', 'Innocent', 'Innocent', 'Innocent', 'Innocent', 'Innocent', 'Innocent', 'Innocent', 'Innocent', 'Innocent', 'Innocent', 'Innocent', 'Innocent', 'Innocent', 'Innocent', 'Innocent', 'Innocent', 'Innocent', 'Innocent', 'Innocent', 'Innocent', 'Innocent', 'Innocent', 'Innocent', 'Innocent', 'Innocent', 'Innocent', 'Innocent', 'Innocent', 'Innocent', 'Innocent', 'Innocent', 'Innocent', 'Innocent', 'Innocent', 'Innocent', 'Innocent', 'Innocent', 'Innocent', 'Innocent', 'Innocent', 'Innocent', 'Innocent', 'Innocent', 'Innocent', 'Innocent', 'Innocent', 'Innocent', 'Innocent', 'Innocent', 'Innocent', 'Innocent', 'Innocent', 'Innocent', 'Innocent', 'Innocent', 'Innocent', 'Innocent', 'Innocent', 'Innocent', 'Innocent', 'Innocent', 'Innocent', 'Innocent', 'Innocent', 'Innocent', 'Innocent', 'Innocent', 'Innocent', 'Innocent', 'Innocent', 'Innocent', 'Innocent', 'Innocent', 'Innocent', 'Innocent', 'Innocent', 'Innocent', 'Innocent', 'Innocent', 'Innocent', 'Innocent', 'Innocent', 'Innocent', 'Innocent', 'Innocent', 'Innocent', 'Innocent', 'Innocent', 'Innocent', 'Innocent', 'Innocent', 'Innocent', 'Innocent', 'Innocent', 'Innocent', 'Innocent', 'Innocent', 'Innocent', 'Innocent', 'Innocent', 'Innocent', 'Innocent', 'Innocent', 'Innocent', 'Innocent', 'Innocent', 'Innocent', 'Innocent', 'Innocent', 'Innocent', 'Innocent', 'Innocent', 'Innocent', 'Innocent', 'Innocent', 'Innocent', 'Innocent', 'Innocent', 'Innocent', 'Innocent', 'Innocent', 'Innocent', 'Innocent', 'Innocent', 'Innocent', 'Innocent', 'Innocent', 'Innocent', 'Innocent', 'Innocent', 'Innocent', 'Innocent', 'Innocent', 'Innocent', 'Innocent', 'Innocent', 'Innocent', 'Innocent', 'Innocent', 'Innocent', 'Innocent', 'Innocent', 'Innocent', 'Innocent', 'Innocent', 'Innocent', 'Innocent', 'Innocent', 'Innocent', 'Innocent', 'Innocent', 'Innocent', 'Innocent', 'Innocent', 'Innocent', 'Innocent', 'Innocent', 'Innocent', 'Innocent', 'Innocent', 'Innocent', 'Innocent', 'Innocent', 'Innocent', 'Innocent', 'Innocent', 'Innocent', 'Innocent', 'Innocent', 'Innocent', 'Innocent', 'Innocent', 'Innocent', 'Innocent', 'Innocent', 'Innocent', 'Innocent', 'Innocent', 'Innocent', 'Innocent', 'Innocent', 'Innocent', 'Innocent', 'Innocent', 'Innocent', 'Innocent', 'Innocent', 'Innocent', 'Innocent', 'Innocent', 'Innocent', 'Innocent', 'Innocent', 'Innocent', 'Innocent', 'Innocent', 'Innocent', 'Innocent', 'Innocent', 'Innocent', 'Innocent', 'Innocent', 'Innocent', 'Innocent', 'Innocent', 'Innocent', 'Innocent', 'Innocent', 'Innocent', 'Innocent', 'Innocent', 'Innocent', 'Innocent', 'Innocent', 'Innocent', 'Innocent', 'Innocent', 'Innocent', 'Innocent', 'Innocent', 'Innocent', 'Innocent', 'Innocent', 'Innocent', 'Innocent', 'Innocent', 'Innocent', 'Innocent', 'Innocent', 'Innocent', 'Innocent', 'Innocent', 'Innocent', 'Innocent', 'Innocent', 'Innocent', 'Innocent', 'Innocent', 'Innocent', 'Innocent', 'Innocent', 'Innocent', 'Innocent', 'Innocent', 'Innocent', 'Innocent', 'Innocent', 'Innocent', 'Innocent', 'Innocent', 'Innocent', 'Innocent', 'Innocent', 'Innocent', 'Innocent', 'Innocent', 'Innocent', 'Innocent', 'Innocent', 'Innocent', 'Innocent', 'Innocent', 'Innocent', 'Innocent', 'Innocent', 'Innocent', 'Innocent', 'Innocent', 'Innocent', 'Innocent', 'Innocent', 'Innocent', 'Innocent', 'Innocent', 'Innocent', 'Innocent', 'Innocent', 'Innocent', 'Innocent', 'Innocent', 'Innocent', 'Innocent', 'Innocent', 'Innocent', 'Innocent', 'Innocent', 'Innocent', 'Innocent', 'Innocent', 'Innocent', 'Innocent', 'Innocent', 'Innocent', 'Innocent', 'Innocent', 'Innocent', 'Innocent', 'Innocent', 'Innocent', 'Innocent', 'Innocent', 'Innocent', 'Innocent', 'Innocent', 'Innocent', 'Innocent', 'Innocent', 'Innocent', 'Innocent', 'Innocent', 'Innocent', 'Innocent', 'Innocent', 'Innocent', 'Innocent', 'Innocent', 'Innocent', 'Innocent', 'Innocent', 'Innocent', 'Innocent', 'Innocent', 'Innocent', 'Innocent', 'Innocent', 'Innocent', 'Innocent', 'Innocent', 'Innocent', 'Innocent', 'Innocent', 'Innocent', 'Innocent', 'Innocent', 'Innocent', 'Innocent', 'Innocent', 'Innocent', 'Innocent', 'Innocent', 'Innocent', 'Innocent', 'Innocent', 'Innocent', 'Innocent', 'Innocent', 'Innocent', 'Innocent', 'Innocent', 'Innocent', 'Innocent', 'Innocent', 'Innocent', 'Innocent', 'Innocent', 'Innocent', 'Innocent', 'Innocent', 'Innocent', 'Innocent', 'Innocent', 'Innocent', 'Innocent', 'Innocent', 'Innocent', 'Innocent', 'Innocent', 'Innocent', 'Innocent', 'Innocent', 'Innocent', 'Innocent', 'Innocent', 'Innocent', 'Innocent', 'Innocent', 'Innocent', 'Innocent', 'Innocent', 'Innocent', 'Innocent', 'Innocent', 'Innocent', 'Innocent', 'Innocent', 'Innocent', 'Innocent', 'Innocent', 'Innocent', 'Innocent', 'Innocent', 'Innocent', 'Innocent', 'Innocent', 'Innocent', 'Innocent', 'Innocent', 'Innocent', 'Innocent', 'Innocent', 'Innocent', 'Innocent', 'Innocent', 'Innocent', 'Innocent', 'Innocent', 'Innocent', 'Innocent', 'Innocent', 'Innocent', 'Innocent', 'Innocent', 'Innocent', 'Innocent', 'Innocent', 'Innocent', 'Innocent', 'Innocent', 'Innocent', 'Innocent', 'Innocent', 'Innocent', 'Innocent', 'Innocent', 'Innocent', 'Innocent', 'Innocent', 'Innocent', 'Innocent', 'Innocent', 'Innocent', 'Innocent', 'Innocent', 'Innocent', 'Innocent', 'Innocent', 'Innocent', 'Innocent', 'Innocent', 'Innocent', 'Innocent', 'Innocent', 'Innocent', 'Innocent', 'Innocent', 'Innocent', 'Innocent', 'Innocent', 'Innocent', 'Innocent', 'Innocent', 'Innocent', 'Innocent', 'Innocent', 'Innocent', 'Innocent', 'Innocent', 'Innocent', 'Innocent', 'Innocent', 'Innocent', 'Innocent', 'Innocent', 'Innocent', 'Innocent', 'Innocent', 'Innocent', 'Innocent', 'Innocent', 'Innocent', 'Innocent', 'Innocent', 'Innocent', 'Innocent', 'Innocent', 'Innocent', 'Innocent', 'Innocent', 'Innocent', 'Innocent', 'Innocent', 'Innocent', 'Innocent', 'Innocent', 'Innocent', 'Innocent', 'Innocent', 'Innocent', 'Innocent', 'Innocent', 'Innocent', 'Innocent', 'Innocent', 'Innocent', 'Innocent', 'Innocent', 'Innocent', 'Innocent', 'Innocent', 'Innocent', 'Innocent', 'Innocent', 'Innocent', 'Innocent', 'Innocent', 'Innocent', 'Innocent', 'Innocent', 'Innocent', 'Innocent', 'Innocent', 'Innocent', 'Innocent', 'Innocent', 'Innocent', 'Innocent', 'Innocent', 'Innocent', 'Innocent', 'Innocent', 'Innocent', 'Innocent', 'Innocent', 'Innocent', 'Innocent', 'Innocent', 'Innocent', 'Innocent', 'Innocent', 'Innocent', 'Innocent', 'Innocent', 'Innocent', 'Innocent', 'Innocent', 'Innocent', 'Innocent', 'Innocent', 'Innocent', 'Innocent', 'Innocent', 'Innocent', 'Innocent', 'Innocent', 'Innocent', 'Innocent', 'Innocent', 'Innocent', 'Innocent', 'Innocent', 'Innocent', 'Innocent', 'Innocent', 'Innocent', 'Innocent', 'Innocent', 'Innocent', 'Innocent', 'Innocent', 'Innocent', 'Innocent', 'Innocent', 'Innocent', 'Innocent', 'Innocent', 'Innocent', 'Innocent', 'Innocent', 'Innocent', 'Innocent', 'Innocent', 'Innocent', 'Innocent', 'Innocent', 'Innocent', 'Innocent', 'Innocent', 'Innocent', 'Innocent', 'Innocent', 'Innocent', 'Innocent', 'Innocent', 'Innocent', 'Innocent', 'Innocent', 'Innocent', 'Innocent', 'Innocent', 'Innocent', 'Innocent', 'Innocent', 'Innocent', 'Innocent', 'Innocent', 'Innocent', 'Innocent', 'Innocent', 'Innocent', 'Innocent', 'Innocent', 'Innocent', 'Innocent', 'Innocent', 'Innocent', 'Innocent', 'Innocent', 'Innocent', 'Innocent', 'Innocent', 'Innocent', 'Innocent', 'Innocent', 'Innocent', 'Innocent', 'Innocent', 'Innocent', 'Innocent', 'Innocent', 'Innocent', 'Innocent', 'Innocent', 'Innocent', 'Innocent', 'Innocent', 'Innocent', 'Innocent', 'Innocent', 'Innocent', 'Innocent', 'Innocent', 'Innocent', 'Innocent', 'Innocent', 'Innocent', 'Innocent', 'Innocent', 'Innocent', 'Innocent', 'Innocent', 'Innocent', 'Innocent', 'Innocent', 'Innocent', 'Innocent', 'Innocent', 'Innocent', 'Innocent', 'Innocent', 'Innocent', 'Innocent', 'Innocent', 'Innocent', 'Innocent', 'Innocent', 'Innocent', 'Innocent', 'Innocent', 'Innocent', 'Innocent', 'Innocent', 'Innocent', 'Innocent', 'Innocent', 'Innocent', 'Innocent', 'Innocent', 'Innocent', 'Innocent', 'Innocent', 'Innocent', 'Innocent', 'Innocent', 'Innocent', 'Innocent', 'Innocent', 'Innocent', 'Innocent', 'Innocent', 'Innocent', 'Innocent', 'Innocent', 'Innocent', 'Innocent', 'Innocent', 'Innocent', 'Innocent', 'Innocent', 'Innocent', 'Innocent', 'Innocent', 'Innocent', 'Innocent', 'Innocent', 'Innocent', 'Innocent', 'Innocent', 'Innocent', 'Innocent', 'Innocent', 'Innocent', 'Innocent', 'Innocent', 'Innocent', 'Innocent', 'Innocent', 'Innocent', 'Innocent', 'Innocent', 'Innocent', 'Innocent', 'Innocent', 'Innocent', 'Innocent', 'Innocent', 'Innocent', 'Innocent', 'Innocent', 'Innocent', 'Innocent', 'Innocent', 'Innocent', 'Innocent', 'Innocent', 'Innocent', 'Innocent', 'Innocent', 'Innocent', 'Innocent', 'Innocent', 'Innocent', 'Innocent', 'Innocent', 'Innocent', 'Innocent', 'Innocent', 'Innocent', 'Innocent', 'Innocent', 'Innocent', 'Innocent', 'Innocent', 'Innocent', 'Innocent', 'Innocent', 'Innocent', 'Innocent', 'Innocent', 'Innocent', 'Innocent', 'Innocent', 'Innocent', 'Innocent', 'Innocent', 'Innocent', 'Innocent', 'Innocent', 'Innocent', 'Innocent', 'Innocent', 'Innocent', 'Innocent', 'Innocent', 'Innocent', 'Innocent', 'Innocent', 'Innocent', 'Innocent', 'Innocent', 'Innocent', 'Innocent', 'Innocent', 'Innocent', 'Innocent', 'Innocent', 'Innocent', 'Innocent', 'Innocent', 'Innocent', 'Innocent', 'Innocent', 'Innocent', 'Innocent', 'Innocent', 'Innocent', 'Innocent', 'Innocent', 'Innocent', 'Innocent', 'Innocent', 'Innocent', 'Innocent', 'Innocent', 'Innocent', 'Innocent', 'Innocent', 'Innocent', 'Innocent', 'Innocent', 'Innocent', 'Innocent', 'Innocent', 'Innocent', 'Innocent', 'Innocent', 'Innocent', 'Innocent', 'Innocent', 'Innocent', 'Innocent', 'Innocent', 'Innocent', 'Innocent', 'Innocent', 'Innocent', 'Innocent', 'Innocent', 'Innocent', 'Innocent', 'Innocent', 'Innocent', 'Innocent', 'Innocent', 'Innocent', 'Innocent', 'Innocent', 'Innocent', 'Innocent', 'Innocent', 'Innocent', 'Innocent', 'Innocent', 'Innocent', 'Innocent', 'Innocent', 'Innocent', 'Innocent', 'Innocent', 'Innocent', 'Innocent', 'Innocent', 'Innocent', 'Innocent', 'Innocent', 'Innocent', 'Innocent', 'Innocent', 'Innocent', 'Innocent', 'Innocent', 'Innocent', 'Innocent', 'Innocent', 'Innocent', 'Innocent', 'Innocent', 'Innocent', 'Innocent', 'Innocent', 'Innocent', 'Innocent', 'Innocent', 'Innocent', 'Innocent', 'Innocent', 'Innocent', 'Innocent', 'Innocent', 'Innocent', 'Innocent', 'Innocent', 'Innocent', 'Innocent', 'Innocent', 'Innocent', 'Innocent', 'Innocent', 'Innocent', 'Innocent', 'Innocent', 'Innocent', 'Innocent', 'Innocent', 'Innocent', 'Innocent', 'Innocent', 'Innocent', 'Innocent', 'Innocent', 'Innocent', 'Innocent', 'Innocent', 'Innocent', 'Innocent', 'Innocent', 'Innocent', 'Innocent', 'Innocent', 'Innocent', 'Innocent', 'Innocent', 'Innocent', 'Innocent', 'Innocent', 'Innocent', 'Innocent', 'Innocent', 'Innocent', 'Innocent', 'Innocent', 'Innocent', 'Innocent', 'Innocent', 'Innocent', 'Innocent', 'Innocent', 'Innocent', 'Innocent', 'Innocent', 'Innocent', 'Innocent', 'Innocent', 'Innocent', 'Innocent', 'Innocent', 'Innocent', 'Innocent', 'Innocent', 'Innocent', 'Innocent', 'Innocent', 'Innocent', 'Innocent', 'Innocent', 'Innocent', 'Innocent', 'Innocent', 'Innocent', 'Innocent', 'Innocent', 'Innocent', 'Innocent', 'Innocent', 'Innocent', 'Innocent', 'Innocent', 'Innocent', 'Innocent', 'Innocent', 'Innocent', 'Innocent', 'Innocent', 'Innocent', 'Innocent', 'Innocent', 'Innocent', 'Innocent', 'Innocent', 'Innocent', 'Innocent', 'Innocent', 'Innocent', 'Innocent', 'Innocent', 'Innocent', 'Innocent', 'Innocent', 'Innocent', 'Innocent', 'Innocent', 'Innocent', 'Innocent', 'Innocent', 'Innocent', 'Innocent', 'Innocent', 'Innocent', 'Innocent', 'Innocent', 'Innocent', 'Innocent', 'Innocent', 'Innocent', 'Innocent', 'Innocent', 'Innocent', 'Innocent', 'Innocent', 'Innocent', 'Innocent', 'Innocent', 'Innocent', 'Innocent', 'Innocent', 'Innocent', 'Innocent', 'Innocent', 'Innocent', 'Innocent', 'Innocent', 'Innocent', 'Innocent', 'Innocent', 'Innocent', 'Innocent', 'Innocent', 'Innocent', 'Innocent', 'Innocent', 'Innocent', 'Innocent', 'Innocent', 'Innocent', 'Innocent', 'Innocent', 'Innocent', 'Innocent', 'Innocent', 'Innocent', 'Innocent', 'Innocent', 'Innocent', 'Innocent', 'Innocent', 'Innocent', 'Innocent', 'Innocent', 'Innocent', 'Innocent', 'Innocent', 'Innocent', 'Innocent', 'Innocent', 'Innocent', 'Innocent', 'Innocent', 'Innocent', 'Innocent', 'Innocent', 'Innocent', 'Innocent', 'Innocent', 'Innocent', 'Innocent', 'Innocent', 'Innocent', 'Innocent', 'Innocent', 'Innocent', 'Innocent', 'Innocent', 'Innocent', 'Innocent', 'Innocent', 'Innocent', 'Innocent', 'Innocent', 'Innocent', 'Innocent', 'Innocent', 'Innocent', 'Innocent', 'Innocent', 'Innocent', 'Innocent', 'Innocent', 'Innocent', 'Innocent', 'Innocent', 'Innocent', 'Innocent', 'Innocent', 'Innocent', 'Innocent', 'Innocent', 'Innocent', 'Innocent', 'Innocent', 'Innocent', 'Innocent', 'Innocent', 'Innocent', 'Innocent', 'Innocent', 'Innocent', 'Innocent', 'Innocent', 'Innocent', 'Innocent', 'Innocent', 'Innocent', 'Innocent', 'Innocent', 'Innocent', 'Innocent', 'Innocent', 'Innocent', 'Innocent', 'Innocent', 'Innocent', 'Innocent', 'Innocent', 'Innocent', 'Innocent', 'Innocent', 'Innocent', 'Innocent', 'Innocent', 'Innocent', 'Innocent', 'Innocent', 'Innocent', 'Innocent', 'Innocent', 'Innocent', 'Innocent', 'Innocent', 'Innocent', 'Innocent', 'Innocent', 'Innocent', 'Innocent', 'Innocent', 'Innocent', 'Innocent', 'Innocent', 'Innocent', 'Innocent', 'Innocent', 'Innocent', 'Innocent', 'Innocent', 'Innocent', 'Innocent', 'Innocent', 'Innocent', 'Innocent', 'Innocent', 'Innocent', 'Innocent', 'Innocent', 'Innocent', 'Innocent', 'Innocent', 'Innocent', 'Innocent', 'Innocent', 'Innocent', 'Innocent', 'Innocent', 'Innocent', 'Innocent', 'Innocent', 'Innocent', 'Innocent', 'Innocent', 'Innocent', 'Innocent', 'Innocent', 'Innocent', 'Innocent', 'Innocent', 'Innocent', 'Innocent', 'Innocent', 'Innocent', 'Innocent', 'Innocent', 'Innocent', 'Innocent', 'Innocent', 'Innocent', 'Innocent', 'Innocent', 'Innocent', 'Innocent', 'Innocent', 'Innocent', 'Innocent', 'Innocent', 'Innocent', 'Innocent', 'Innocent', 'Innocent', 'Innocent', 'Innocent', 'Innocent', 'Innocent', 'Innocent', 'Innocent', 'Innocent', 'Innocent', 'Innocent', 'Innocent', 'Innocent', 'Innocent', 'Innocent', 'Innocent', 'Innocent', 'Innocent', 'Innocent', 'Innocent', 'Innocent', 'Innocent', 'Innocent', 'Innocent', 'Innocent', 'Innocent', 'Innocent', 'Innocent', 'Innocent', 'Innocent', 'Innocent', 'Innocent', 'Innocent', 'Innocent', 'Innocent', 'Innocent', 'Innocent', 'Innocent', 'Innocent', 'Innocent', 'Innocent', 'Innocent', 'Innocent', 'Innocent', 'Innocent', 'Innocent', 'Innocent', 'Innocent', 'Innocent', 'Innocent', 'Innocent', 'Innocent', 'Innocent', 'Innocent', 'Innocent', 'Innocent', 'Innocent', 'Innocent', 'Innocent', 'Innocent', 'Innocent', 'Innocent', 'Innocent', 'Innocent', 'Innocent', 'Innocent', 'Innocent', 'Innocent', 'Innocent', 'Innocent', 'Innocent', 'Innocent', 'Innocent', 'Innocent', 'Innocent', 'Innocent', 'Innocent', 'Innocent', 'Innocent', 'Innocent', 'Innocent', 'Innocent', 'Innocent', 'Innocent', 'Innocent', 'Innocent', 'Innocent', 'Innocent', 'Innocent', 'Innocent', 'Innocent', 'Innocent', 'Innocent', 'Innocent', 'Innocent', 'Innocent', 'Innocent', 'Innocent', 'Innocent', 'Innocent', 'Innocent', 'Innocent', 'Innocent', 'Innocent', 'Innocent', 'Innocent', 'Innocent', 'Innocent', 'Innocent', 'Innocent', 'Innocent', 'Innocent', 'Innocent', 'Innocent', 'Innocent', 'Innocent', 'Innocent', 'Innocent', 'Innocent', 'Innocent', 'Innocent', 'Innocent', 'Innocent', 'Innocent', 'Innocent', 'Innocent', 'Innocent', 'Innocent', 'Innocent', 'Innocent', 'Innocent', 'Innocent', 'Innocent', 'Innocent', 'Innocent', 'Innocent', 'Innocent', 'Innocent', 'Innocent', 'Innocent', 'Innocent', 'Innocent', 'Innocent', 'Innocent', 'Innocent', 'Innocent', 'Innocent', 'Innocent', 'Innocent', 'Innocent', 'Innocent', 'Innocent', 'Innocent', 'Innocent', 'Innocent', 'Innocent', 'Innocent', 'Innocent', 'Innocent', 'Innocent', 'Innocent', 'Innocent', 'Innocent', 'Innocent', 'Innocent', 'Innocent', 'Innocent', 'Innocent', 'Innocent', 'Innocent', 'Innocent', 'Innocent', 'Innocent', 'Innocent', 'Innocent', 'Innocent', 'Innocent', 'Innocent', 'Innocent', 'Innocent', 'Innocent', 'Innocent', 'Innocent', 'Innocent', 'Innocent', 'Innocent', 'Innocent', 'Innocent', 'Innocent', 'Innocent', 'Innocent', 'Innocent', 'Innocent', 'Innocent', 'Innocent', 'Innocent', 'Innocent', 'Innocent', 'Innocent', 'Innocent', 'Innocent', 'Innocent', 'Innocent', 'Innocent', 'Innocent', 'Innocent', 'Innocent', 'Innocent', 'Innocent', 'Innocent', 'Innocent', 'Innocent', 'Innocent', 'Innocent', 'Innocent', 'Innocent', 'Innocent', 'Innocent', 'Innocent', 'Innocent', 'Innocent', 'Innocent', 'Innocent', 'Innocent', 'Innocent', 'Innocent', 'Innocent', 'Innocent', 'Innocent', 'Innocent', 'Innocent', 'Innocent', 'Innocent', 'Innocent', 'Innocent', 'Innocent', 'Innocent', 'Innocent', 'Innocent', 'Innocent', 'Innocent', 'Innocent', 'Innocent', 'Innocent', 'Innocent', 'Innocent', 'Innocent', 'Innocent', 'Innocent', 'Innocent', 'Innocent', 'Innocent', 'Innocent', 'Innocent', 'Innocent', 'Innocent', 'Innocent', 'Innocent', 'Innocent', 'Innocent', 'Innocent', 'Innocent', 'Innocent', 'Innocent', 'Innocent', 'Innocent', 'Innocent', 'Innocent', 'Innocent', 'Innocent', 'Innocent', 'Innocent', 'Innocent', 'Innocent', 'Innocent', 'Innocent', 'Innocent', 'Innocent', 'Innocent', 'Innocent', 'Innocent', 'Innocent', 'Innocent', 'Innocent', 'Innocent', 'Innocent', 'Innocent', 'Innocent', 'Innocent', 'Innocent', 'Innocent', 'Innocent', 'Innocent', 'Innocent', 'Innocent', 'Innocent', 'Innocent', 'Innocent', 'Innocent', 'Innocent', 'Innocent', 'Innocent', 'Innocent', 'Innocent', 'Innocent', 'Innocent', 'Innocent', 'Innocent', 'Innocent', 'Innocent', 'Innocent', 'Innocent', 'Innocent', 'Innocent', 'Innocent', 'Innocent', 'Innocent', 'Innocent', 'Innocent', 'Innocent', 'Innocent', 'Innocent', 'Innocent', 'Innocent', 'Innocent', 'Innocent', 'Innocent', 'Innocent', 'Innocent', 'Innocent', 'Innocent', 'Innocent', 'Innocent', 'Innocent', 'Innocent', 'Innocent', 'Innocent', 'Innocent', 'Innocent', 'Innocent', 'Innocent', 'Innocent', 'Innocent', 'Innocent', 'Innocent', 'Innocent', 'Innocent', 'Innocent', 'Innocent', 'Innocent', 'Innocent', 'Innocent', 'Innocent', 'Innocent', 'Innocent', 'Innocent', 'Innocent', 'Innocent', 'Innocent', 'Innocent', 'Innocent', 'Innocent', 'Innocent', 'Innocent', 'Innocent', 'Innocent', 'Innocent', 'Innocent', 'Innocent', 'Innocent', 'Innocent', 'Innocent', 'Innocent', 'Innocent', 'Innocent', 'Innocent', 'Innocent', 'Innocent', 'Innocent', 'Innocent', 'Innocent', 'Innocent', 'Innocent', 'Innocent', 'Innocent', 'Innocent', 'Innocent', 'Innocent', 'Innocent', 'Innocent', 'Innocent', 'Innocent', 'Innocent', 'Innocent', 'Innocent', 'Innocent', 'Innocent', 'Innocent', 'Innocent', 'Innocent', 'Innocent', 'Innocent', 'Innocent', 'Innocent', 'Innocent', 'Innocent', 'Innocent', 'Innocent', 'Innocent', 'Innocent', 'Innocent', 'Innocent', 'Innocent', 'Innocent', 'Innocent', 'Innocent', 'Innocent', 'Innocent', 'Innocent', 'Innocent', 'Innocent', 'Innocent', 'Innocent', 'Innocent', 'Innocent', 'Innocent', 'Innocent', 'Innocent', 'Innocent', 'Innocent', 'Innocent', 'Innocent', 'Innocent', 'Innocent', 'Innocent', 'Innocent', 'Innocent', 'Innocent', 'Innocent', 'Innocent', 'Innocent', 'Innocent', 'Innocent', 'Innocent', 'Innocent', 'Innocent', 'Innocent', 'Innocent', 'Innocent', 'Innocent', 'Innocent', 'Innocent', 'Innocent', 'Innocent', 'Innocent', 'Innocent', 'Innocent', 'Innocent', 'Innocent', 'Innocent', 'Innocent', 'Innocent', 'Innocent', 'Innocent', 'Innocent', 'Innocent', 'Innocent', 'Innocent', 'Innocent', 'Innocent', 'Innocent', 'Innocent', 'Innocent', 'Innocent', 'Innocent', 'Innocent', 'Innocent', 'Innocent', 'Innocent', 'Innocent', 'Innocent', 'Innocent', 'Innocent', 'Innocent', 'Innocent', 'Innocent', 'Innocent', 'Innocent', 'Innocent', 'Innocent', 'Innocent', 'Innocent', 'Innocent', 'Innocent', 'Innocent', 'Innocent', 'Innocent', 'Innocent', 'Innocent', 'Innocent', 'Innocent', 'Innocent', 'Innocent', 'Innocent', 'Innocent', 'Innocent', 'Innocent', 'Innocent', 'Innocent', 'Innocent', 'Innocent', 'Innocent', 'Innocent', 'Innocent', 'Innocent', 'Innocent', 'Innocent', 'Innocent', 'Innocent', 'Innocent', 'Innocent', 'Innocent', 'Innocent', 'Innocent', 'Innocent', 'Innocent', 'Innocent', 'Innocent', 'Innocent', 'Innocent', 'Innocent', 'Innocent', 'Innocent', 'Innocent', 'Innocent', 'Innocent', 'Innocent', 'Innocent', 'Innocent', 'Innocent', 'Innocent', 'Innocent', 'Innocent', 'Innocent', 'Innocent', 'Innocent', 'Innocent', 'Innocent', 'Innocent', 'Innocent', 'Innocent', 'Innocent', 'Innocent', 'Innocent', 'Innocent', 'Innocent', 'Innocent', 'Innocent', 'Innocent', 'Innocent', 'Innocent', 'Innocent', 'Innocent', 'Innocent', 'Innocent', 'Innocent', 'Innocent', 'Innocent', 'Innocent', 'Innocent', 'Innocent', 'Innocent', 'Innocent', 'Innocent', 'Innocent', 'Innocent', 'Innocent', 'Innocent', 'Innocent', 'Innocent', 'Innocent', 'Innocent', 'Innocent', 'Innocent', 'Innocent', 'Innocent', 'Innocent', 'Innocent', 'Innocent', 'Innocent', 'Innocent', 'Innocent', 'Innocent', 'Innocent', 'Innocent', 'Innocent', 'Innocent', 'Innocent', 'Innocent', 'Innocent', 'Innocent', 'Innocent', 'Innocent', 'Innocent', 'Innocent', 'Innocent', 'Innocent', 'Innocent', 'Innocent', 'Innocent', 'Innocent', 'Innocent', 'Innocent', 'Innocent', 'Innocent', 'Innocent', 'Innocent', 'Innocent', 'Innocent', 'Innocent', 'Innocent', 'Innocent', 'Innocent', 'Innocent', 'Innocent', 'Innocent', 'Innocent', 'Innocent', 'Innocent', 'Innocent', 'Innocent', 'Innocent', 'Innocent', 'Innocent', 'Innocent', 'Innocent', 'Innocent', 'Innocent', 'Innocent', 'Innocent', 'Innocent', 'Innocent', 'Innocent', 'Innocent', 'Innocent', 'Innocent', 'Innocent', 'Innocent', 'Innocent', 'Innocent', 'Innocent', 'Innocent', 'Innocent', 'Innocent', 'Innocent', 'Innocent', 'Innocent', 'Innocent', 'Innocent', 'Innocent', 'Innocent', 'Innocent', 'Innocent', 'Innocent', 'Innocent', 'Innocent', 'Innocent', 'Innocent', 'Innocent', 'Innocent', 'Innocent', 'Innocent', 'Innocent', 'Innocent', 'Innocent', 'Innocent', 'Innocent', 'Innocent', 'Innocent', 'Innocent', 'Innocent', 'Innocent', 'Innocent', 'Innocent', 'Innocent', 'Innocent', 'Innocent', 'Innocent', 'Innocent', 'Innocent', 'Innocent', 'Innocent', 'Innocent', 'Innocent', 'Innocent', 'Innocent', 'Innocent', 'Innocent', 'Innocent', 'Innocent', 'Innocent', 'Innocent', 'Innocent', 'Innocent', 'Innocent', 'Innocent', 'Innocent', 'Innocent', 'Innocent', 'Innocent', 'Innocent', 'Innocent', 'Innocent', 'Innocent', 'Innocent', 'Innocent', 'Innocent', 'Innocent', 'Innocent', 'Innocent', 'Innocent', 'Innocent', 'Innocent', 'Innocent', 'Innocent', 'Innocent', 'Innocent', 'Innocent', 'Innocent', 'Innocent', 'Innocent', 'Innocent', 'Innocent', 'Innocent', 'Innocent', 'Innocent', 'Innocent', 'Innocent', 'Innocent', 'Innocent', 'Innocent', 'Innocent', 'Innocent', 'Innocent', 'Innocent', 'Innocent', 'Innocent', 'Innocent', 'Innocent', 'Innocent', 'Innocent', 'Innocent', 'Innocent', 'Innocent', 'Innocent', 'Innocent', 'Innocent', 'Innocent', 'Innocent', 'Innocent', 'Innocent', 'Innocent', 'Innocent', 'Innocent', 'Innocent', 'Innocent', 'Innocent', 'Innocent', 'Innocent', 'Innocent', 'Innocent', 'Innocent', 'Innocent', 'Innocent', 'Innocent', 'Innocent', 'Innocent', 'Innocent', 'Innocent', 'Innocent', 'Innocent', 'Innocent', 'Innocent', 'Innocent', 'Innocent', 'Innocent', 'Innocent', 'Innocent', 'Innocent', 'Innocent', 'Innocent', 'Innocent', 'Innocent', 'Innocent', 'Innocent', 'Innocent', 'Innocent', 'Innocent', 'Innocent', 'Innocent', 'Innocent', 'Innocent', 'Innocent', 'Innocent', 'Innocent', 'Innocent', 'Innocent', 'Innocent', 'Innocent', 'Innocent', 'Innocent', 'Innocent', 'Innocent', 'Innocent', 'Innocent', 'Innocent', 'Innocent', 'Innocent', 'Innocent', 'Innocent', 'Innocent', 'Innocent', 'Innocent', 'Innocent', 'Innocent', 'Innocent', 'Innocent', 'Innocent', 'Innocent', 'Innocent', 'Innocent', 'Innocent', 'Innocent', 'Innocent', 'Innocent', 'Innocent', 'Innocent', 'Innocent', 'Innocent', 'Innocent', 'Innocent', 'Innocent', 'Innocent', 'Innocent', 'Innocent', 'Innocent', 'Innocent', 'Innocent', 'Innocent', 'Innocent', 'Innocent', 'Innocent', 'Innocent', 'Innocent', 'Innocent', 'Innocent', 'Innocent', 'Innocent', 'Innocent', 'Innocent', 'Innocent', 'Innocent', 'Innocent', 'Innocent', 'Innocent', 'Innocent', 'Innocent', 'Innocent', 'Innocent', 'Innocent', 'Innocent', 'Innocent', 'Innocent', 'Innocent', 'Innocent', 'Innocent', 'Innocent', 'Innocent', 'Innocent', 'Innocent', 'Innocent', 'Innocent', 'Innocent', 'Innocent', 'Innocent', 'Innocent', 'Innocent', 'Innocent', 'Innocent', 'Innocent', 'Innocent', 'Innocent', 'Innocent', 'Innocent', 'Innocent', 'Innocent', 'Innocent', 'Innocent', 'Innocent', 'Innocent', 'Innocent', 'Innocent', 'Innocent', 'Innocent', 'Innocent', 'Innocent', 'Innocent', 'Innocent', 'Innocent', 'Innocent', 'Innocent', 'Innocent', 'Innocent', 'Innocent', 'Innocent', 'Innocent', 'Innocent', 'Innocent', 'Innocent', 'Innocent', 'Innocent', 'Innocent', 'Innocent', 'Innocent', 'Innocent', 'Innocent', 'Innocent', 'Innocent', 'Innocent', 'Innocent', 'Innocent', 'Innocent', 'Innocent', 'Innocent', 'Innocent', 'Innocent', 'Innocent', 'Innocent', 'Innocent', 'Innocent', 'Innocent', 'Innocent', 'Innocent', 'Innocent', 'Innocent', 'Innocent', 'Innocent', 'Innocent', 'Innocent', 'Innocent', 'Innocent', 'Innocent', 'Innocent', 'Innocent', 'Innocent', 'Innocent', 'Innocent', 'Innocent', 'Innocent', 'Innocent', 'Innocent', 'Innocent', 'Innocent', 'Innocent', 'Innocent', 'Innocent', 'Innocent', 'Innocent', 'Innocent', 'Innocent', 'Innocent', 'Innocent', 'Innocent', 'Innocent', 'Innocent', 'Innocent', 'Innocent', 'Innocent', 'Innocent', 'Innocent', 'Innocent', 'Innocent', 'Innocent', 'Innocent', 'Innocent', 'Innocent', 'Innocent', 'Innocent', 'Innocent', 'Innocent', 'Innocent', 'Innocent', 'Innocent', 'Innocent', 'Innocent', 'Innocent', 'Innocent', 'Innocent', 'Innocent', 'Innocent', 'Innocent', 'Innocent', 'Innocent', 'Innocent', 'Innocent', 'Innocent', 'Innocent', 'Innocent', 'Innocent', 'Innocent', 'Innocent', 'Innocent', 'Innocent', 'Innocent', 'Innocent', 'Innocent', 'Innocent', 'Innocent', 'Innocent', 'Innocent', 'Innocent', 'Innocent', 'Innocent', 'Innocent', 'Innocent', 'Innocent', 'Innocent', 'Innocent', 'Innocent', 'Innocent', 'Innocent', 'Innocent', 'Innocent', 'Innocent', 'Innocent', 'Innocent', 'Innocent', 'Innocent', 'Innocent', 'Innocent', 'Innocent', 'Innocent', 'Innocent', 'Innocent', 'Innocent', 'Innocent', 'Innocent', 'Innocent', 'Innocent', 'Innocent', 'Innocent', 'Innocent', 'Innocent', 'Innocent', 'Innocent', 'Innocent', 'Innocent', 'Innocent', 'Innocent', 'Innocent', 'Innocent', 'Innocent', 'Innocent', 'Innocent', 'Innocent', 'Innocent', 'Innocent', 'Innocent', 'Innocent', 'Innocent', 'Innocent', 'Innocent', 'Innocent', 'Innocent', 'Innocent', 'Innocent', 'Innocent', 'Innocent', 'Innocent', 'Innocent', 'Innocent', 'Innocent', 'Innocent', 'Innocent', 'Innocent', 'Innocent', 'Innocent', 'Innocent', 'Innocent', 'Innocent', 'Innocent', 'Innocent', 'Innocent', 'Innocent', 'Innocent', 'Innocent', 'Innocent', 'Innocent', 'Innocent', 'Innocent', 'Innocent', 'Innocent', 'Innocent', 'Innocent', 'Innocent', 'Innocent', 'Innocent', 'Innocent', 'Innocent', 'Innocent', 'Innocent', 'Innocent', 'Innocent', 'Innocent', 'Innocent', 'Innocent', 'Innocent', 'Innocent', 'Innocent', 'Innocent', 'Innocent', 'Innocent', 'Innocent', 'Innocent', 'Innocent', 'Innocent', 'Innocent', 'Innocent', 'Innocent', 'Innocent', 'Innocent', 'Innocent', 'Innocent', 'Innocent', 'Innocent', 'Innocent', 'Innocent', 'Innocent', 'Innocent', 'Innocent', 'Innocent', 'Innocent', 'Innocent', 'Innocent', 'Innocent', 'Innocent', 'Innocent', 'Innocent', 'Innocent', 'Innocent', 'Innocent', 'Innocent', 'Innocent', 'Innocent', 'Innocent', 'Innocent', 'Innocent', 'Innocent', 'Innocent', 'Innocent', 'Innocent', 'Innocent', 'Innocent', 'Innocent', 'Innocent', 'Innocent', 'Innocent', 'Innocent', 'Innocent', 'Innocent', 'Innocent', 'Innocent', 'Innocent', 'Innocent', 'Innocent', 'Innocent', 'Innocent', 'Innocent', 'Innocent', 'Innocent', 'Innocent', 'Innocent', 'Innocent', 'Innocent', 'Innocent', 'Innocent', 'Innocent', 'Innocent', 'Innocent', 'Innocent', 'Innocent', 'Innocent', 'Innocent', 'Innocent', 'Innocent', 'Innocent', 'Innocent', 'Innocent', 'Innocent', 'Innocent', 'Innocent', 'Innocent', 'Innocent', 'Innocent', 'Innocent', 'Innocent', 'Innocent', 'Innocent', 'Innocent', 'Innocent', 'Innocent', 'Innocent', 'Innocent', 'Innocent', 'Innocent', 'Innocent', 'Innocent', 'Innocent', 'Innocent', 'Innocent', 'Innocent', 'Innocent', 'Innocent', 'Innocent', 'Innocent', 'Innocent', 'Innocent', 'Innocent', 'Innocent', 'Innocent', 'Innocent', 'Innocent', 'Innocent', 'Innocent', 'Innocent', 'Innocent', 'Innocent', 'Innocent', 'Innocent', 'Innocent', 'Innocent', 'Innocent', 'Innocent', 'Innocent', 'Innocent', 'Innocent', 'Innocent', 'Innocent', 'Innocent', 'Innocent', 'Innocent', 'Innocent', 'Innocent', 'Innocent', 'Innocent', 'Innocent', 'Innocent', 'Innocent', 'Innocent', 'Innocent', 'Innocent', 'Innocent', 'Innocent', 'Innocent', 'Innocent', 'Innocent', 'Innocent', 'Innocent', 'Innocent', 'Innocent', 'Innocent', 'Innocent', 'Innocent', 'Innocent', 'Innocent', 'Innocent', 'Innocent', 'Innocent', 'Innocent', 'Innocent', 'Innocent', 'Innocent', 'Innocent', 'Innocent', 'Innocent', 'Innocent', 'Innocent', 'Innocent', 'Innocent', 'Innocent', 'Innocent', 'Innocent', 'Innocent', 'Innocent', 'Innocent', 'Innocent', 'Innocent', 'Innocent', 'Innocent', 'Innocent', 'Innocent', 'Innocent', 'Innocent', 'Innocent', 'Innocent', 'Innocent', 'Innocent', 'Innocent', 'Innocent', 'Innocent', 'Innocent', 'Innocent', 'Innocent', 'Innocent', 'Innocent', 'Innocent', 'Innocent', 'Innocent', 'Innocent', 'Innocent', 'Innocent', 'Innocent', 'Innocent', 'Innocent', 'Innocent', 'Innocent', 'Innocent', 'Innocent', 'Innocent', 'Innocent', 'Innocent', 'Innocent', 'Innocent', 'Innocent', 'Innocent', 'Innocent', 'Innocent', 'Innocent', 'Innocent', 'Innocent', 'Innocent', 'Innocent', 'Innocent', 'Innocent', 'Innocent', 'Innocent', 'Innocent', 'Innocent', 'Innocent', 'Innocent', 'Innocent', 'Innocent', 'Innocent', 'Innocent', 'Innocent', 'Innocent', 'Innocent', 'Innocent', 'Innocent', 'Innocent', 'Innocent', 'Innocent', 'Innocent', 'Innocent', 'Innocent', 'Innocent', 'Innocent', 'Innocent', 'Innocent', 'Innocent', 'Innocent', 'Innocent', 'Innocent', 'Innocent', 'Innocent', 'Innocent', 'Innocent', 'Innocent', 'Innocent', 'Innocent', 'Innocent', 'Innocent', 'Innocent', 'Innocent', 'Innocent', 'Innocent', 'Innocent', 'Innocent', 'Innocent', 'Innocent', 'Innocent', 'Innocent', 'Innocent', 'Innocent', 'Innocent', 'Innocent', 'Innocent', 'Innocent', 'Innocent', 'Innocent', 'Innocent', 'Innocent', 'Innocent', 'Innocent', 'Innocent', 'Innocent', 'Innocent', 'Innocent', 'Innocent', 'Innocent', 'Innocent', 'Innocent', 'Innocent', 'Innocent', 'Innocent', 'Innocent', 'Innocent', 'Innocent', 'Innocent', 'Innocent', 'Innocent', 'Innocent', 'Innocent', 'Innocent', 'Innocent', 'Innocent', 'Innocent', 'Innocent', 'Innocent', 'Innocent', 'Innocent', 'Innocent', 'Innocent', 'Innocent', 'Innocent', 'Innocent', 'Innocent', 'Innocent', 'Innocent', 'Innocent', 'Innocent', 'Innocent', 'Innocent', 'Innocent', 'Innocent', 'Innocent', 'Innocent', 'Innocent', 'Innocent', 'Innocent', 'Innocent', 'Innocent', 'Innocent', 'Innocent', 'Innocent', 'Innocent', 'Innocent', 'Innocent', 'Innocent', 'Innocent', 'Innocent', 'Innocent', 'Innocent', 'Innocent', 'Innocent', 'Innocent', 'Innocent', 'Innocent', 'Innocent', 'Innocent', 'Innocent', 'Innocent', 'Innocent', 'Innocent', 'Innocent', 'Innocent', 'Innocent', 'Innocent', 'Innocent', 'Innocent', 'Innocent', 'Innocent', 'Innocent', 'Innocent', 'Innocent', 'Innocent', 'Innocent', 'Innocent', 'Innocent', 'Innocent', 'Innocent', 'Innocent', 'Innocent', 'Innocent', 'Innocent', 'Innocent', 'Innocent', 'Innocent', 'Innocent', 'Innocent', 'Innocent', 'Innocent', 'Innocent', 'Innocent', 'Innocent', 'Innocent', 'Innocent', 'Innocent', 'Innocent', 'Innocent', 'Innocent', 'Innocent', 'Innocent', 'Innocent', 'Innocent', 'Innocent', 'Innocent', 'Innocent', 'Innocent', 'Innocent', 'Innocent', 'Innocent', 'Innocent', 'Innocent', 'Innocent', 'Innocent', 'Innocent', 'Innocent', 'Innocent', 'Innocent', 'Innocent', 'Innocent', 'Innocent', 'Innocent', 'Innocent', 'Innocent', 'Innocent', 'Innocent', 'Innocent', 'Innocent', 'Innocent', 'Innocent', 'Innocent', 'Innocent', 'Innocent', 'Innocent', 'Innocent', 'Innocent', 'Innocent', 'Innocent', 'Innocent', 'Innocent', 'Innocent', 'Innocent', 'Innocent', 'Innocent', 'Innocent', 'Innocent', 'Innocent', 'Innocent', 'Innocent', 'Innocent', 'Innocent', 'Innocent', 'Innocent', 'Innocent', 'Innocent', 'Innocent', 'Innocent', 'Innocent', 'Innocent', 'Innocent', 'Innocent', 'Innocent', 'Innocent', 'Innocent', 'Innocent', 'Innocent', 'Innocent', 'Innocent', 'Innocent', 'Innocent', 'Innocent', 'Innocent', 'Innocent', 'Innocent', 'Innocent', 'Innocent', 'Innocent', 'Innocent', 'Innocent', 'Innocent', 'Innocent', 'Innocent', 'Innocent', 'Innocent', 'Innocent', 'Innocent', 'Innocent', 'Innocent', 'Innocent', 'Innocent', 'Innocent', 'Innocent', 'Innocent', 'Innocent', 'Innocent', 'Innocent', 'Innocent', 'Innocent', 'Innocent', 'Innocent', 'Innocent', 'Innocent', 'Innocent', 'Innocent', 'Innocent', 'Innocent', 'Innocent', 'Innocent', 'Innocent', 'Innocent', 'Innocent', 'Innocent', 'Innocent', 'Innocent', 'Innocent', 'Innocent', 'Innocent', 'Innocent', 'Innocent', 'Innocent', 'Innocent', 'Innocent', 'Innocent', 'Innocent', 'Innocent', 'Innocent', 'Innocent', 'Innocent', 'Innocent', 'Innocent', 'Innocent', 'Innocent', 'Innocent', 'Innocent', 'Innocent', 'Innocent', 'Innocent', 'Innocent', 'Innocent', 'Innocent', 'Innocent', 'Innocent', 'Innocent', 'Innocent', 'Innocent', 'Innocent', 'Innocent', 'Innocent', 'Innocent', 'Innocent', 'Innocent', 'Innocent', 'Innocent', 'Innocent', 'Innocent', 'Innocent', 'Innocent', 'Innocent', 'Innocent', 'Innocent', 'Innocent', 'Innocent', 'Innocent', 'Innocent', 'Innocent', 'Innocent', 'Innocent', 'Innocent', 'Innocent', 'Innocent', 'Innocent', 'Innocent', 'Innocent', 'Innocent', 'Innocent', 'Innocent', 'Innocent', 'Innocent', 'Innocent', 'Innocent', 'Innocent', 'Innocent', 'Innocent', 'Innocent', 'Innocent', 'Innocent', 'Innocent', 'Innocent', 'Innocent', 'Innocent', 'Innocent', 'Innocent', 'Innocent', 'Innocent', 'Innocent', 'Innocent', 'Innocent', 'Innocent', 'Innocent', 'Innocent', 'Innocent', 'Innocent', 'Innocent', 'Innocent', 'Innocent', 'Innocent', 'Innocent', 'Innocent', 'Innocent', 'Innocent', 'Innocent', 'Innocent', 'Innocent', 'Innocent', 'Innocent', 'Innocent', 'Innocent', 'Innocent', 'Innocent', 'Innocent', 'Innocent', 'Innocent', 'Innocent', 'Innocent', 'Innocent', 'Innocent', 'Innocent', 'Innocent', 'Innocent', 'Innocent', 'Innocent', 'Innocent', 'Innocent', 'Innocent', 'Innocent', 'Innocent', 'Innocent', 'Innocent', 'Innocent', 'Innocent', 'Innocent', 'Innocent', 'Innocent', 'Innocent', 'Innocent', 'Innocent', 'Innocent', 'Innocent', 'Innocent', 'Innocent', 'Innocent', 'Innocent', 'Innocent', 'Innocent', 'Innocent', 'Innocent', 'Innocent', 'Innocent', 'Innocent', 'Innocent', 'Innocent', 'Innocent', 'Innocent', 'Innocent', 'Innocent', 'Innocent', 'Innocent', 'Innocent', 'Innocent', 'Innocent', 'Innocent', 'Innocent', 'Innocent', 'Innocent', 'Innocent', 'Innocent', 'Innocent', 'Innocent', 'Innocent', 'Innocent', 'Innocent', 'Innocent', 'Innocent', 'Innocent', 'Innocent', 'Innocent', 'Innocent', 'Innocent', 'Innocent', 'Innocent', 'Innocent', 'Innocent', 'Innocent', 'Innocent', 'Innocent', 'Innocent', 'Innocent', 'Innocent', 'Innocent', 'Innocent', 'Innocent', 'Innocent', 'Innocent', 'Innocent', 'Innocent', 'Innocent', 'Innocent', 'Innocent', 'Innocent', 'Innocent', 'Innocent', 'Innocent', 'Innocent', 'Innocent', 'Innocent', 'Innocent', 'Innocent', 'Innocent', 'Innocent', 'Innocent', 'Innocent', 'Innocent', 'Innocent', 'Innocent', 'Innocent', 'Innocent', 'Innocent', 'Innocent', 'Innocent', 'Innocent', 'Innocent', 'Innocent', 'Innocent', 'Innocent', 'Innocent', 'Innocent', 'Innocent', 'Innocent', 'Innocent', 'Innocent', 'Innocent', 'Innocent', 'Innocent', 'Innocent', 'Innocent', 'Innocent', 'Innocent', 'Innocent', 'Innocent', 'Innocent', 'Innocent', 'Innocent', 'Innocent', 'Innocent', 'Innocent', 'Innocent', 'Innocent', 'Innocent', 'Innocent', 'Innocent', 'Innocent', 'Innocent', 'Innocent', 'Innocent', 'Innocent', 'Innocent', 'Innocent', 'Innocent', 'Innocent', 'Innocent', 'Innocent', 'Innocent', 'Innocent', 'Innocent', 'Innocent', 'Innocent', 'Innocent', 'Innocent', 'Innocent', 'Innocent', 'Innocent', 'Innocent', 'Innocent', 'Innocent', 'Innocent', 'Innocent', 'Innocent', 'Innocent', 'Innocent', 'Innocent', 'Innocent', 'Innocent', 'Innocent', 'Innocent', 'Innocent', 'Innocent', 'Innocent', 'Innocent', 'Innocent', 'Innocent', 'Innocent', 'Innocent', 'Innocent', 'Innocent', 'Innocent', 'Innocent', 'Innocent', 'Innocent', 'Innocent', 'Innocent', 'Innocent', 'Innocent', 'Innocent', 'Innocent', 'Innocent', 'Innocent', 'Innocent', 'Innocent', 'Innocent', 'Innocent', 'Innocent', 'Innocent', 'Innocent', 'Innocent', 'Innocent', 'Innocent', 'Innocent', 'Innocent', 'Innocent', 'Innocent', 'Innocent', 'Innocent', 'Innocent', 'Innocent', 'Innocent', 'Innocent', 'Innocent', 'Innocent', 'Innocent', 'Innocent', 'Innocent', 'Innocent', 'Innocent', 'Innocent', 'Innocent', 'Innocent', 'Innocent', 'Innocent', 'Innocent', 'Innocent', 'Innocent', 'Innocent', 'Innocent', 'Innocent', 'Innocent', 'Innocent', 'Innocent', 'Innocent', 'Innocent', 'Innocent', 'Innocent', 'Innocent', 'Innocent', 'Innocent', 'Innocent', 'Innocent', 'Innocent', 'Innocent', 'Innocent', 'Innocent', 'Innocent', 'Innocent', 'Innocent', 'Innocent', 'Innocent', 'Innocent', 'Innocent', 'Innocent', 'Innocent', 'Innocent', 'Innocent', 'Innocent', 'Innocent', 'Innocent', 'Innocent', 'Innocent', 'Innocent', 'Innocent', 'Innocent', 'Innocent', 'Innocent', 'Innocent', 'Innocent', 'Innocent', 'Innocent', 'Innocent', 'Innocent', 'Innocent', 'Innocent', 'Innocent', 'Innocent', 'Innocent', 'Innocent', 'Innocent', 'Innocent', 'Innocent', 'Innocent', 'Innocent', 'Innocent', 'Innocent', 'Innocent', 'Innocent', 'Innocent', 'Innocent', 'Innocent', 'Innocent', 'Innocent', 'Innocent', 'Innocent', 'Innocent', 'Innocent', 'Innocent', 'Innocent', 'Innocent', 'Innocent', 'Innocent', 'Innocent', 'Innocent', 'Innocent', 'Innocent', 'Innocent', 'Innocent', 'Innocent', 'Innocent', 'Innocent', 'Innocent', 'Innocent', 'Innocent', 'Innocent', 'Innocent', 'Innocent', 'Innocent', 'Innocent', 'Innocent', 'Innocent', 'Innocent', 'Innocent', 'Innocent', 'Innocent', 'Innocent', 'Innocent', 'Innocent', 'Innocent', 'Innocent', 'Innocent', 'Innocent', 'Innocent', 'Innocent', 'Innocent', 'Innocent', 'Innocent', 'Innocent', 'Innocent', 'Innocent', 'Innocent', 'Innocent', 'Innocent', 'Innocent', 'Innocent', 'Innocent', 'Innocent', 'Innocent', 'Innocent', 'Innocent', 'Innocent', 'Innocent', 'Innocent', 'Innocent', 'Innocent', 'Innocent', 'Innocent', 'Innocent', 'Innocent', 'Innocent', 'Innocent', 'Innocent', 'Innocent', 'Innocent', 'Innocent', 'Innocent', 'Innocent', 'Innocent', 'Innocent', 'Innocent', 'Innocent', 'Innocent', 'Innocent', 'Innocent', 'Innocent', 'Innocent', 'Innocent', 'Innocent', 'Innocent', 'Innocent', 'Innocent', 'Innocent', 'Innocent', 'Innocent', 'Innocent', 'Innocent', 'Innocent', 'Innocent', 'Innocent', 'Innocent', 'Innocent', 'Innocent', 'Innocent', 'Innocent', 'Innocent', 'Innocent', 'Innocent', 'Innocent', 'Innocent', 'Innocent', 'Innocent', 'Innocent', 'Innocent', 'Innocent', 'Innocent', 'Innocent', 'Innocent', 'Innocent', 'Innocent', 'Innocent', 'Innocent', 'Innocent', 'Innocent', 'Innocent', 'Innocent', 'Innocent', 'Innocent', 'Innocent', 'Innocent', 'Innocent', 'Innocent', 'Innocent', 'Innocent', 'Innocent', 'Innocent', 'Innocent', 'Innocent', 'Innocent', 'Innocent', 'Innocent', 'Innocent', 'Innocent', 'Innocent', 'Innocent', 'Innocent', 'Innocent', 'Innocent', 'Innocent', 'Innocent', 'Innocent', 'Innocent', 'Innocent', 'Innocent', 'Innocent', 'Innocent', 'Innocent', 'Innocent', 'Innocent', 'Innocent', 'Innocent', 'Innocent', 'Innocent', 'Innocent', 'Innocent', 'Innocent', 'Innocent', 'Innocent', 'Innocent', 'Innocent', 'Innocent', 'Innocent', 'Innocent', 'Innocent', 'Innocent', 'Innocent', 'Innocent', 'Innocent', 'Innocent', 'Innocent', 'Innocent', 'Innocent', 'Innocent', 'Innocent', 'Innocent', 'Innocent', 'Innocent', 'Innocent', 'Innocent', 'Innocent', 'Innocent', 'Innocent', 'Innocent', 'Innocent', 'Innocent', 'Innocent', 'Innocent', 'Innocent', 'Innocent', 'Innocent', 'Innocent', 'Innocent', 'Innocent', 'Innocent', 'Innocent', 'Innocent', 'Innocent', 'Innocent', 'Innocent', 'Innocent', 'Innocent', 'Innocent', 'Innocent', 'Innocent', 'Innocent', 'Innocent', 'Innocent', 'Innocent', 'Innocent', 'Innocent', 'Innocent', 'Innocent', 'Innocent', 'Innocent', 'Innocent', 'Innocent', 'Innocent', 'Innocent', 'Innocent', 'Innocent', 'Innocent', 'Innocent', 'Innocent', 'Innocent', 'Innocent', 'Innocent', 'Innocent', 'Innocent', 'Innocent', 'Innocent', 'Innocent', 'Innocent', 'Innocent', 'Innocent', 'Innocent', 'Innocent', 'Innocent', 'Innocent', 'Innocent', 'Innocent', 'Innocent', 'Innocent', 'Innocent', 'Innocent', 'Innocent', 'Innocent', 'Innocent', 'Innocent', 'Innocent', 'Innocent', 'Innocent', 'Innocent', 'Innocent', 'Innocent', 'Innocent', 'Innocent', 'Innocent', 'Innocent', 'Innocent', 'Innocent', 'Innocent', 'Innocent', 'Innocent', 'Innocent', 'Innocent', 'Innocent', 'Innocent', 'Innocent', 'Innocent', 'Innocent', 'Innocent', 'Innocent', 'Innocent', 'Innocent', 'Innocent', 'Innocent', 'Innocent', 'Innocent', 'Innocent', 'Innocent', 'Innocent', 'Innocent', 'Innocent', 'Innocent', 'Innocent', 'Innocent', 'Innocent', 'Innocent', 'Innocent', 'Innocent', 'Innocent', 'Innocent', 'Innocent', 'Innocent', 'Innocent', 'Innocent', 'Innocent', 'Innocent', 'Innocent', 'Innocent', 'Innocent', 'Innocent', 'Innocent', 'Innocent', 'Innocent', 'Innocent', 'Innocent', 'Innocent', 'Innocent', 'Innocent', 'Innocent', 'Innocent', 'Innocent', 'Innocent', 'Innocent', 'Innocent', 'Innocent', 'Innocent', 'Innocent', 'Innocent', 'Innocent', 'Innocent', 'Innocent', 'Innocent', 'Innocent', 'Innocent', 'Innocent', 'Innocent', 'Innocent', 'Innocent', 'Innocent', 'Innocent', 'Innocent', 'Innocent', 'Innocent', 'Innocent', 'Innocent', 'Innocent', 'Innocent', 'Innocent', 'Innocent', 'Innocent', 'Innocent', 'Innocent', 'Innocent', 'Innocent', 'Innocent', 'Innocent', 'Innocent', 'Innocent', 'Innocent', 'Innocent', 'Innocent', 'Innocent', 'Innocent', 'Innocent', 'Innocent', 'Innocent', 'Innocent', 'Innocent', 'Innocent', 'Innocent', 'Innocent', 'Innocent', 'Innocent', 'Innocent', 'Innocent', 'Innocent', 'Innocent', 'Innocent', 'Innocent', 'Innocent', 'Innocent', 'Innocent', 'Innocent', 'Innocent', 'Innocent', 'Innocent', 'Innocent', 'Innocent', 'Innocent', 'Innocent', 'Innocent', 'Innocent', 'Innocent', 'Innocent', 'Innocent', 'Innocent', 'Innocent', 'Innocent', 'Innocent', 'Innocent', 'Innocent', 'Innocent', 'Innocent', 'Innocent', 'Innocent', 'Innocent', 'Innocent', 'Innocent', 'Innocent', 'Innocent', 'Innocent', 'Innocent', 'Innocent', 'Innocent', 'Innocent', 'Innocent', 'Innocent', 'Innocent', 'Innocent', 'Innocent', 'Innocent', 'Innocent', 'Innocent', 'Innocent', 'Innocent', 'Innocent', 'Innocent', 'Innocent', 'Innocent', 'Innocent', 'Innocent', 'Innocent', 'Innocent', 'Innocent', 'Innocent', 'Innocent', 'Innocent', 'Innocent', 'Innocent', 'Innocent', 'Innocent', 'Innocent', 'Innocent', 'Innocent', 'Innocent', 'Innocent', 'Innocent', 'Innocent', 'Innocent', 'Innocent', 'Innocent', 'Innocent', 'Innocent', 'Innocent', 'Innocent', 'Innocent', 'Innocent', 'Innocent', 'Innocent', 'Innocent', 'Innocent', 'Innocent', 'Innocent', 'Innocent', 'Innocent', 'Innocent', 'Innocent', 'Innocent', 'Innocent', 'Innocent', 'Innocent', 'Innocent', 'Innocent', 'Innocent', 'Innocent', 'Innocent', 'Innocent', 'Innocent', 'Innocent', 'Innocent', 'Innocent', 'Innocent', 'Innocent', 'Innocent', 'Innocent', 'Innocent', 'Innocent', 'Innocent', 'Innocent', 'Innocent', 'Innocent', 'Innocent', 'Innocent', 'Innocent', 'Innocent', 'Innocent', 'Innocent', 'Innocent', 'Innocent', 'Innocent', 'Innocent', 'Innocent', 'Innocent', 'Innocent', 'Innocent', 'Innocent', 'Innocent', 'Innocent', 'Innocent', 'Innocent', 'Innocent', 'Innocent', 'Innocent', 'Innocent', 'Innocent', 'Innocent', 'Innocent', 'Innocent', 'Innocent', 'Innocent', 'Innocent', 'Innocent', 'Innocent', 'Innocent', 'Innocent', 'Innocent', 'Innocent', 'Innocent', 'Innocent', 'Innocent', 'Innocent', 'Innocent', 'Innocent', 'Innocent', 'Innocent', 'Innocent', 'Innocent', 'Innocent', 'Innocent', 'Innocent', 'Innocent', 'Innocent', 'Innocent', 'Innocent', 'Innocent', 'Innocent', 'Innocent', 'Innocent', 'Innocent', 'Innocent', 'Innocent', 'Innocent', 'Innocent', 'Innocent', 'Innocent', 'Innocent', 'Innocent', 'Innocent', 'Innocent', 'Innocent', 'Innocent', 'Innocent', 'Innocent', 'Innocent', 'Innocent', 'Innocent', 'Innocent', 'Innocent', 'Innocent', 'Innocent', 'Innocent', 'Innocent', 'Innocent', 'Innocent', 'Innocent', 'Innocent', 'Innocent', 'Innocent', 'Innocent', 'Innocent', 'Innocent', 'Innocent', 'Innocent', 'Innocent', 'Innocent', 'Innocent', 'Innocent', 'Innocent', 'Innocent', 'Innocent', 'Innocent', 'Innocent', 'Innocent', 'Innocent', 'Innocent', 'Innocent', 'Innocent', 'Innocent', 'Innocent', 'Innocent', 'Innocent', 'Innocent', 'Innocent', 'Innocent', 'Innocent', 'Innocent', 'Innocent', 'Innocent', 'Innocent', 'Innocent', 'Innocent', 'Innocent', 'Innocent', 'Innocent', 'Innocent', 'Innocent', 'Innocent', 'Innocent', 'Innocent', 'Innocent', 'Innocent', 'Innocent', 'Innocent', 'Innocent', 'Innocent', 'Innocent', 'Innocent', 'Innocent', 'Innocent', 'Innocent', 'Innocent', 'Innocent', 'Innocent', 'Innocent', 'Innocent', 'Innocent', 'Innocent', 'Innocent', 'Innocent', 'Innocent', 'Innocent', 'Innocent', 'Innocent', 'Innocent', 'Innocent', 'Innocent', 'Innocent', 'Innocent', 'Innocent', 'Innocent', 'Innocent', 'Innocent', 'Innocent', 'Innocent', 'Innocent', 'Innocent', 'Innocent', 'Innocent', 'Innocent', 'Innocent', 'Innocent', 'Innocent', 'Innocent', 'Innocent', 'Innocent', 'Innocent', 'Innocent', 'Innocent', 'Innocent', 'Innocent', 'Innocent', 'Innocent', 'Innocent', 'Innocent', 'Innocent', 'Innocent', 'Innocent', 'Innocent', 'Innocent', 'Innocent', 'Innocent', 'Innocent', 'Innocent', 'Innocent', 'Innocent', 'Innocent', 'Innocent', 'Innocent', 'Innocent', 'Innocent', 'Innocent', 'Innocent', 'Innocent', 'Innocent', 'Innocent', 'Innocent', 'Innocent', 'Innocent', 'Innocent', 'Innocent', 'Innocent', 'Innocent', 'Innocent', 'Innocent', 'Innocent', 'Innocent', 'Innocent', 'Innocent', 'Innocent', 'Innocent', 'Innocent', 'Innocent', 'Innocent', 'Innocent', 'Innocent', 'Innocent', 'Innocent', 'Innocent', 'Innocent', 'Innocent', 'Innocent', 'Innocent', 'Innocent', 'Innocent', 'Innocent', 'Innocent', 'Innocent', 'Innocent', 'Innocent', 'Innocent', 'Innocent', 'Innocent', 'Innocent', 'Innocent', 'Innocent', 'Innocent', 'Innocent', 'Innocent', 'Innocent', 'Innocent', 'Innocent', 'Innocent', 'Innocent', 'Innocent', 'Innocent', 'Innocent', 'Innocent', 'Innocent', 'Innocent', 'Innocent', 'Innocent', 'Innocent', 'Innocent', 'Innocent', 'Innocent', 'Innocent', 'Innocent', 'Innocent', 'Innocent', 'Innocent', 'Innocent', 'Innocent', 'Innocent', 'Innocent', 'Innocent', 'Innocent', 'Innocent', 'Innocent', 'Innocent', 'Innocent', 'Innocent', 'Innocent', 'Innocent', 'Innocent', 'Innocent', 'Innocent', 'Innocent', 'Innocent', 'Innocent', 'Innocent', 'Innocent', 'Innocent', 'Innocent', 'Innocent', 'Innocent', 'Innocent', 'Innocent', 'Innocent', 'Innocent', 'Innocent', 'Innocent', 'Innocent', 'Innocent', 'Innocent', 'Innocent', 'Innocent', 'Innocent', 'Innocent', 'Innocent', 'Innocent', 'Innocent', 'Innocent', 'Innocent', 'Innocent', 'Innocent', 'Innocent', 'Innocent', 'Innocent', 'Innocent', 'Innocent', 'Innocent', 'Innocent', 'Innocent', 'Innocent', 'Innocent', 'Innocent', 'Innocent', 'Innocent', 'Innocent', 'Innocent', 'Innocent', 'Innocent', 'Innocent', 'Innocent', 'Innocent', 'Innocent', 'Innocent', 'Innocent', 'Innocent', 'Innocent', 'Innocent', 'Innocent', 'Innocent', 'Innocent', 'Innocent', 'Innocent', 'Innocent', 'Innocent', 'Innocent', 'Innocent', 'Innocent', 'Innocent', 'Innocent', 'Innocent', 'Innocent', 'Innocent', 'Innocent', 'Innocent', 'Innocent', 'Innocent', 'Innocent', 'Innocent', 'Innocent', 'Innocent', 'Innocent', 'Innocent', 'Innocent', 'Innocent', 'Innocent', 'Innocent', 'Innocent', 'Innocent', 'Innocent', 'Innocent', 'Innocent', 'Innocent', 'Innocent', 'Innocent', 'Innocent', 'Innocent', 'Innocent', 'Innocent', 'Innocent', 'Innocent', 'Innocent', 'Innocent', 'Innocent', 'Innocent', 'Innocent', 'Innocent', 'Innocent', 'Innocent', 'Innocent', 'Innocent', 'Innocent', 'Innocent', 'Innocent', 'Innocent', 'Innocent', 'Innocent', 'Innocent', 'Innocent', 'Innocent', 'Innocent', 'Innocent', 'Innocent', 'Innocent', 'Innocent', 'Innocent', 'Innocent', 'Innocent', 'Innocent', 'Innocent', 'Innocent', 'Innocent', 'Innocent', 'Innocent', 'Innocent', 'Innocent', 'Innocent', 'Innocent', 'Innocent', 'Innocent', 'Innocent', 'Innocent', 'Innocent', 'Innocent', 'Innocent', 'Innocent', 'Innocent', 'Innocent', 'Innocent', 'Innocent', 'Innocent', 'Innocent', 'Innocent', 'Innocent', 'Innocent', 'Innocent', 'Innocent', 'Innocent', 'Innocent', 'Innocent', 'Innocent', 'Innocent', 'Innocent', 'Innocent', 'Innocent', 'Innocent', 'Innocent', 'Innocent', 'Innocent', 'Innocent', 'Innocent', 'Innocent', 'Innocent', 'Innocent', 'Innocent', 'Innocent', 'Innocent', 'Innocent', 'Innocent', 'Innocent', 'Innocent', 'Innocent', 'Innocent', 'Innocent', 'Innocent', 'Innocent', 'Innocent', 'Innocent', 'Innocent', 'Innocent', 'Innocent', 'Innocent', 'Innocent', 'Innocent', 'Innocent', 'Innocent', 'Innocent', 'Innocent', 'Innocent', 'Innocent', 'Innocent', 'Innocent', 'Innocent', 'Innocent', 'Innocent', 'Innocent', 'Innocent', 'Innocent', 'Innocent', 'Innocent', 'Innocent', 'Innocent', 'Innocent', 'Innocent', 'Innocent', 'Innocent', 'Innocent', 'Innocent', 'Innocent', 'Innocent', 'Innocent', 'Innocent', 'Innocent', 'Innocent', 'Innocent', 'Innocent', 'Innocent', 'Innocent', 'Innocent', 'Innocent', 'Innocent', 'Innocent', 'Innocent', 'Innocent', 'Innocent', 'Innocent', 'Innocent', 'Innocent', 'Innocent', 'Innocent', 'Innocent', 'Innocent', 'Innocent', 'Innocent', 'Innocent', 'Innocent', 'Innocent', 'Innocent', 'Innocent', 'Innocent', 'Innocent', 'Innocent', 'Innocent', 'Innocent', 'Innocent', 'Innocent', 'Innocent', 'Innocent', 'Innocent', 'Innocent', 'Innocent', 'Innocent', 'Innocent', 'Innocent', 'Innocent', 'Innocent', 'Innocent', 'Innocent', 'Innocent', 'Innocent', 'Innocent', 'Innocent', 'Innocent', 'Innocent', 'Innocent', 'Innocent', 'Innocent', 'Innocent', 'Innocent', 'Innocent', 'Innocent', 'Innocent', 'Innocent', 'Innocent', 'Innocent', 'Innocent', 'Innocent', 'Innocent', 'Innocent', 'Innocent', 'Innocent', 'Innocent', 'Innocent', 'Innocent', 'Innocent', 'Innocent', 'Innocent', 'Innocent', 'Innocent', 'Innocent', 'Innocent', 'Innocent', 'Innocent', 'Innocent', 'Innocent', 'Innocent', 'Innocent', 'Innocent', 'Innocent', 'Innocent', 'Innocent', 'Innocent', 'Innocent', 'Innocent', 'Innocent', 'Innocent', 'Innocent', 'Innocent', 'Innocent', 'Innocent', 'Innocent', 'Innocent', 'Innocent', 'Innocent', 'Innocent', 'Innocent', 'Innocent', 'Innocent', 'Innocent', 'Innocent', 'Innocent', 'Innocent', 'Innocent', 'Innocent', 'Innocent', 'Innocent', 'Innocent', 'Innocent', 'Innocent', 'Innocent', 'Innocent', 'Innocent', 'Innocent', 'Innocent', 'Innocent', 'Innocent', 'Innocent', 'Innocent', 'Innocent', 'Innocent', 'Innocent', 'Innocent', 'Innocent', 'Innocent', 'Innocent', 'Innocent', 'Innocent', 'Innocent', 'Innocent', 'Innocent', 'Innocent', 'Innocent', 'Innocent', 'Innocent', 'Innocent', 'Innocent', 'Innocent', 'Innocent', 'Innocent', 'Innocent', 'Innocent', 'Innocent', 'Innocent', 'Innocent', 'Innocent', 'Innocent', 'Innocent', 'Innocent', 'Innocent', 'Innocent', 'Innocent', 'Innocent', 'Innocent', 'Innocent', 'Innocent', 'Innocent', 'Innocent', 'Innocent', 'Innocent', 'Innocent', 'Innocent', 'Innocent', 'Innocent', 'Innocent', 'Innocent', 'Innocent', 'Innocent', 'Innocent', 'Innocent', 'Innocent', 'Innocent', 'Innocent', 'Innocent', 'Innocent', 'Innocent', 'Innocent', 'Innocent', 'Innocent', 'Innocent', 'Innocent', 'Innocent', 'Innocent', 'Innocent', 'Innocent', 'Innocent', 'Innocent', 'Innocent', 'Innocent', 'Innocent', 'Innocent', 'Innocent', 'Innocent', 'Innocent', 'Innocent', 'Innocent', 'Innocent', 'Innocent', 'Innocent', 'Innocent', 'Innocent', 'Innocent', 'Innocent', 'Innocent', 'Innocent', 'Innocent', 'Innocent', 'Innocent', 'Innocent', 'Innocent', 'Innocent', 'Innocent', 'Innocent', 'Innocent', 'Innocent', 'Innocent', 'Innocent', 'Innocent', 'Innocent', 'Innocent', 'Innocent', 'Innocent', 'Innocent', 'Innocent', 'Innocent', 'Innocent', 'Innocent', 'Innocent', 'Innocent', 'Innocent', 'Innocent', 'Innocent', 'Innocent', 'Innocent', 'Innocent', 'Innocent', 'Innocent', 'Innocent', 'Innocent', 'Innocent', 'Innocent', 'Innocent', 'Innocent', 'Innocent', 'Innocent', 'Innocent', 'Innocent', 'Innocent', 'Innocent', 'Innocent', 'Innocent', 'Innocent', 'Innocent', 'Innocent', 'Innocent', 'Innocent', 'Innocent', 'Innocent', 'Innocent', 'Innocent', 'Innocent', 'Innocent', 'Innocent', 'Innocent', 'Innocent', 'Innocent', 'Innocent', 'Innocent', 'Innocent', 'Innocent', 'Innocent', 'Innocent', 'Innocent', 'Innocent', 'Innocent', 'Innocent', 'Innocent', 'Innocent', 'Innocent', 'Innocent', 'Innocent', 'Innocent', 'Innocent', 'Innocent', 'Innocent', 'Innocent', 'Innocent', 'Innocent', 'Innocent', 'Innocent', 'Innocent', 'Innocent', 'Innocent', 'Innocent', 'Innocent', 'Innocent', 'Innocent', 'Innocent', 'Innocent', 'Innocent', 'Innocent', 'Innocent', 'Innocent', 'Innocent', 'Innocent', 'Innocent', 'Innocent', 'Innocent', 'Innocent', 'Innocent', 'Innocent', 'Innocent', 'Innocent', 'Innocent', 'Innocent', 'Innocent', 'Innocent', 'Innocent', 'Innocent', 'Innocent', 'Innocent', 'Innocent', 'Innocent', 'Innocent', 'Innocent', 'Innocent', 'Innocent', 'Innocent', 'Innocent', 'Innocent', 'Innocent', 'Innocent', 'Innocent', 'Innocent', 'Innocent', 'Innocent', 'Innocent', 'Innocent', 'Innocent', 'Innocent', 'Innocent', 'Innocent', 'Innocent', 'Innocent', 'Innocent', 'Innocent', 'Innocent', 'Innocent', 'Innocent', 'Innocent', 'Innocent', 'Innocent', 'Innocent', 'Innocent', 'Innocent', 'Innocent', 'Innocent', 'Innocent', 'Innocent', 'Innocent', 'Innocent', 'Innocent', 'Innocent', 'Innocent', 'Innocent', 'Innocent', 'Innocent', 'Innocent', 'Innocent', 'Innocent', 'Innocent', 'Innocent', 'Innocent', 'Innocent', 'Innocent', 'Innocent', 'Innocent', 'Innocent', 'Innocent', 'Innocent', 'Innocent', 'Innocent', 'Innocent', 'Innocent', 'Innocent', 'Innocent', 'Innocent', 'Innocent', 'Innocent', 'Innocent', 'Innocent', 'Innocent', 'Innocent', 'Innocent', 'Innocent', 'Innocent', 'Innocent', 'Innocent', 'Innocent', 'Innocent', 'Innocent', 'Innocent', 'Innocent', 'Innocent', 'Innocent', 'Innocent', 'Innocent', 'Innocent', 'Innocent', 'Innocent', 'Innocent', 'Innocent', 'Innocent', 'Innocent', 'Innocent', 'Innocent', 'Innocent', 'Innocent', 'Innocent', 'Innocent', 'Innocent', 'Innocent', 'Innocent', 'Innocent', 'Innocent', 'Innocent', 'Innocent', 'Innocent', 'Innocent', 'Innocent', 'Innocent', 'Innocent', 'Innocent', 'Innocent', 'Innocent', 'Innocent', 'Innocent', 'Innocent', 'Innocent', 'Innocent', 'Innocent', 'Innocent', 'Innocent', 'Innocent', 'Innocent', 'Innocent', 'Innocent', 'Innocent', 'Innocent', 'Innocent', 'Innocent', 'Innocent', 'Innocent', 'Innocent', 'Innocent', 'Innocent', 'Innocent', 'Innocent', 'Innocent', 'Innocent', 'Innocent', 'Innocent', 'Innocent', 'Innocent', 'Innocent', 'Innocent', 'Innocent', 'Innocent', 'Innocent', 'Innocent', 'Innocent', 'Innocent', 'Innocent', 'Innocent', 'Innocent', 'Innocent', 'Innocent', 'Innocent', 'Innocent', 'Innocent', 'Innocent', 'Innocent', 'Innocent', 'Innocent', 'Innocent', 'Innocent', 'Innocent', 'Innocent', 'Innocent', 'Innocent', 'Innocent', 'Innocent', 'Innocent', 'Innocent', 'Innocent', 'Innocent', 'Innocent', 'Innocent', 'Innocent', 'Innocent', 'Innocent', 'Innocent', 'Innocent', 'Innocent', 'Innocent', 'Innocent', 'Innocent', 'Innocent', 'Innocent', 'Innocent', 'Innocent', 'Innocent', 'Innocent', 'Innocent', 'Innocent', 'Innocent', 'Innocent', 'Innocent', 'Innocent', 'Innocent', 'Innocent', 'Innocent', 'Innocent', 'Innocent', 'Innocent', 'Innocent', 'Innocent', 'Innocent', 'Innocent', 'Innocent', 'Innocent', 'Innocent', 'Innocent', 'Innocent', 'Innocent', 'Innocent', 'Innocent', 'Innocent', 'Innocent', 'Innocent', 'Innocent', 'Innocent', 'Innocent', 'Innocent', 'Innocent', 'Innocent', 'Innocent', 'Innocent', 'Innocent', 'Innocent', 'Innocent', 'Innocent', 'Innocent', 'Innocent', 'Innocent', 'Innocent', 'Innocent', 'Innocent', 'Innocent', 'Innocent', 'Innocent', 'Innocent', 'Innocent', 'Innocent', 'Innocent', 'Innocent', 'Innocent', 'Innocent', 'Innocent', 'Innocent', 'Innocent', 'Innocent', 'Innocent', 'Innocent', 'Innocent', 'Innocent', 'Innocent', 'Innocent', 'Innocent', 'Innocent', 'Innocent', 'Innocent', 'Innocent', 'Innocent', 'Innocent', 'Innocent', 'Innocent', 'Innocent', 'Innocent', 'Innocent', 'Innocent', 'Innocent', 'Innocent', 'Innocent', 'Innocent', 'Innocent', 'Innocent', 'Innocent', 'Innocent', 'Innocent', 'Innocent', 'Innocent', 'Innocent', 'Innocent', 'Innocent', 'Innocent', 'Innocent', 'Innocent', 'Innocent', 'Innocent', 'Innocent', 'Innocent', 'Innocent', 'Innocent', 'Innocent', 'Innocent', 'Innocent', 'Innocent', 'Innocent', 'Innocent', 'Innocent', 'Innocent', 'Innocent', 'Innocent', 'Innocent', 'Innocent', 'Innocent', 'Innocent', 'Innocent', 'Innocent', 'Innocent', 'Innocent', 'Innocent', 'Innocent', 'Innocent', 'Innocent', 'Innocent', 'Innocent', 'Innocent', 'Innocent', 'Innocent', 'Innocent', 'Innocent', 'Innocent', 'Innocent', 'Innocent', 'Innocent', 'Innocent', 'Innocent', 'Innocent', 'Innocent', 'Innocent', 'Innocent', 'Innocent', 'Innocent', 'Innocent', 'Innocent', 'Innocent', 'Innocent', 'Innocent', 'Innocent', 'Innocent', 'Innocent', 'Innocent', 'Innocent', 'Innocent', 'Innocent', 'Innocent', 'Innocent', 'Innocent', 'Innocent', 'Innocent', 'Innocent', 'Innocent', 'Innocent', 'Innocent', 'Innocent', 'Innocent', 'Innocent', 'Innocent', 'Innocent', 'Innocent', 'Innocent', 'Innocent', 'Innocent', 'Innocent', 'Innocent', 'Innocent', 'Innocent', 'Innocent', 'Innocent', 'Innocent', 'Innocent', 'Innocent', 'Innocent', 'Innocent', 'Innocent', 'Innocent', 'Innocent', 'Innocent', 'Innocent', 'Innocent', 'Innocent', 'Innocent', 'Innocent', 'Innocent', 'Innocent', 'Innocent', 'Innocent', 'Innocent', 'Innocent', 'Innocent', 'Innocent', 'Innocent', 'Innocent', 'Innocent', 'Innocent', 'Innocent', 'Innocent', 'Innocent', 'Innocent', 'Innocent', 'Innocent', 'Innocent', 'Innocent', 'Innocent', 'Innocent', 'Innocent', 'Innocent', 'Innocent', 'Innocent', 'Innocent', 'Innocent', 'Innocent', 'Innocent', 'Innocent', 'Innocent', 'Innocent', 'Innocent', 'Innocent', 'Innocent', 'Innocent', 'Innocent', 'Innocent', 'Innocent', 'Innocent', 'Innocent', 'Innocent', 'Innocent', 'Innocent', 'Innocent', 'Innocent', 'Innocent', 'Innocent', 'Innocent', 'Innocent', 'Innocent', 'Innocent', 'Innocent', 'Innocent', 'Innocent', 'Innocent', 'Innocent', 'Innocent', 'Innocent', 'Innocent', 'Innocent', 'Innocent', 'Innocent', 'Innocent', 'Innocent', 'Innocent', 'Innocent', 'Innocent', 'Innocent', 'Innocent', 'Innocent', 'Innocent', 'Innocent', 'Innocent', 'Innocent', 'Innocent', 'Innocent', 'Innocent', 'Innocent', 'Innocent', 'Innocent', 'Innocent', 'Innocent', 'Innocent', 'Innocent', 'Innocent', 'Innocent', 'Innocent', 'Innocent', 'Innocent', 'Innocent', 'Innocent', 'Innocent', 'Innocent', 'Innocent', 'Innocent', 'Innocent', 'Innocent', 'Innocent', 'Innocent', 'Innocent', 'Innocent', 'Innocent', 'Innocent', 'Innocent', 'Innocent', 'Innocent', 'Innocent', 'Innocent', 'Innocent', 'Innocent', 'Innocent', 'Innocent', 'Innocent', 'Innocent', 'Innocent', 'Innocent', 'Innocent', 'Innocent', 'Innocent', 'Innocent', 'Innocent', 'Innocent', 'Innocent', 'Innocent', 'Innocent', 'Innocent', 'Innocent', 'Innocent', 'Innocent', 'Innocent', 'Innocent', 'Innocent', 'Innocent', 'Innocent', 'Innocent', 'Innocent', 'Innocent', 'Innocent', 'Innocent', 'Innocent', 'Innocent', 'Innocent', 'Innocent', 'Innocent', 'Innocent', 'Innocent', 'Innocent', 'Innocent', 'Innocent', 'Innocent', 'Innocent', 'Innocent', 'Innocent', 'Innocent', 'Innocent', 'Innocent', 'Innocent', 'Innocent', 'Innocent', 'Innocent', 'Innocent', 'Innocent', 'Innocent', 'Innocent', 'Innocent', 'Innocent', 'Innocent', 'Innocent', 'Innocent', 'Innocent', 'Innocent', 'Innocent', 'Innocent', 'Innocent', 'Innocent', 'Innocent', 'Innocent', 'Innocent', 'Innocent', 'Innocent', 'Innocent', 'Innocent', 'Innocent', 'Innocent', 'Innocent', 'Innocent', 'Innocent', 'Innocent', 'Innocent', 'Innocent', 'Innocent', 'Innocent', 'Innocent', 'Innocent', 'Innocent', 'Innocent', 'Innocent', 'Innocent', 'Innocent', 'Innocent', 'Innocent', 'Innocent', 'Innocent', 'Innocent', 'Innocent', 'Innocent', 'Innocent', 'Innocent', 'Innocent', 'Innocent', 'Innocent', 'Innocent', 'Innocent', 'Innocent', 'Innocent', 'Innocent', 'Innocent', 'Innocent', 'Innocent', 'Innocent', 'Innocent', 'Innocent', 'Innocent', 'Innocent', 'Innocent', 'Innocent', 'Innocent', 'Innocent', 'Innocent', 'Innocent', 'Innocent', 'Innocent', 'Innocent', 'Innocent', 'Innocent', 'Innocent', 'Innocent', 'Innocent', 'Innocent', 'Innocent', 'Innocent', 'Innocent', 'Innocent', 'Innocent', 'Innocent', 'Innocent', 'Innocent', 'Innocent', 'Innocent', 'Innocent', 'Innocent', 'Innocent', 'Innocent', 'Innocent', 'Innocent', 'Innocent', 'Innocent', 'Innocent', 'Innocent', 'Innocent', 'Innocent', 'Innocent', 'Innocent', 'Innocent', 'Innocent', 'Innocent', 'Innocent', 'Innocent', 'Innocent', 'Innocent', 'Innocent', 'Innocent', 'Innocent', 'Innocent', 'Innocent', 'Innocent', 'Innocent', 'Innocent', 'Innocent', 'Innocent', 'Innocent', 'Innocent', 'Innocent', 'Innocent', 'Innocent', 'Innocent', 'Innocent', 'Innocent', 'Innocent', 'Innocent', 'Innocent', 'Innocent', 'Innocent', 'Innocent', 'Innocent', 'Innocent', 'Innocent', 'Innocent', 'Innocent', 'Innocent', 'Innocent', 'Innocent', 'Innocent', 'Innocent', 'Innocent', 'Innocent', 'Innocent', 'Innocent', 'Innocent', 'Innocent', 'Innocent', 'Innocent', 'Innocent', 'Innocent', 'Innocent', 'Innocent', 'Innocent', 'Innocent', 'Innocent', 'Innocent', 'Innocent', 'Innocent', 'Innocent', 'Innocent', 'Innocent', 'Innocent', 'Innocent', 'Innocent', 'Innocent', 'Innocent', 'Innocent', 'Innocent', 'Innocent', 'Innocent', 'Innocent', 'Innocent', 'Innocent', 'Innocent', 'Innocent', 'Innocent', 'Innocent', 'Innocent', 'Innocent', 'Innocent', 'Innocent', 'Innocent', 'Innocent', 'Innocent', 'Innocent', 'Innocent', 'Innocent', 'Innocent', 'Innocent', 'Innocent', 'Innocent', 'Innocent', 'Innocent', 'Innocent', 'Innocent', 'Innocent', 'Innocent', 'Innocent', 'Innocent', 'Innocent', 'Innocent', 'Innocent', 'Innocent', 'Innocent', 'Innocent', 'Innocent', 'Innocent', 'Innocent', 'Innocent', 'Innocent', 'Innocent', 'Innocent', 'Innocent', 'Innocent', 'Innocent', 'Innocent', 'Innocent', 'Innocent', 'Innocent', 'Innocent', 'Innocent', 'Innocent', 'Innocent', 'Innocent', 'Innocent', 'Innocent', 'Innocent', 'Innocent', 'Innocent', 'Innocent', 'Innocent', 'Innocent', 'Innocent', 'Innocent', 'Innocent', 'Innocent', 'Innocent', 'Innocent', 'Innocent', 'Innocent', 'Innocent', 'Innocent', 'Innocent', 'Innocent', 'Innocent', 'Innocent', 'Innocent', 'Innocent', 'Innocent', 'Innocent', 'Innocent', 'Innocent', 'Innocent', 'Innocent', 'Innocent', 'Innocent', 'Innocent', 'Innocent', 'Innocent', 'Innocent', 'Innocent', 'Innocent', 'Innocent', 'Innocent', 'Innocent', 'Innocent', 'Innocent', 'Innocent', 'Innocent', 'Innocent', 'Innocent', 'Innocent', 'Innocent', 'Innocent', 'Innocent', 'Innocent', 'Innocent', 'Innocent', 'Innocent', 'Innocent', 'Innocent', 'Innocent', 'Innocent', 'Innocent', 'Innocent', 'Innocent', 'Innocent', 'Innocent', 'Innocent', 'Innocent', 'Innocent', 'Innocent', 'Innocent', 'Innocent', 'Innocent', 'Innocent', 'Innocent', 'Innocent', 'Innocent', 'Innocent', 'Innocent', 'Innocent', 'Innocent', 'Innocent', 'Innocent', 'Innocent', 'Innocent', 'Innocent', 'Innocent', 'Innocent', 'Innocent', 'Innocent', 'Innocent', 'Innocent', 'Innocent', 'Innocent', 'Innocent', 'Innocent', 'Innocent', 'Innocent', 'Innocent', 'Innocent', 'Innocent', 'Innocent', 'Innocent', 'Innocent', 'Innocent', 'Innocent', 'Innocent', 'Innocent', 'Innocent', 'Innocent', 'Innocent', 'Innocent', 'Innocent', 'Innocent', 'Innocent', 'Innocent', 'Innocent', 'Innocent', 'Innocent', 'Innocent', 'Innocent', 'Innocent', 'Innocent', 'Innocent', 'Innocent', 'Innocent', 'Innocent', 'Innocent', 'Innocent', 'Innocent', 'Innocent', 'Innocent', 'Innocent', 'Innocent', 'Innocent', 'Innocent', 'Innocent', 'Innocent', 'Innocent', 'Innocent', 'Innocent', 'Innocent', 'Innocent', 'Innocent', 'Innocent', 'Innocent', 'Innocent', 'Innocent', 'Innocent', 'Innocent', 'Innocent', 'Innocent', 'Innocent', 'Innocent', 'Innocent', 'Innocent', 'Innocent', 'Innocent', 'Innocent', 'Innocent', 'Innocent', 'Innocent', 'Innocent', 'Innocent', 'Innocent', 'Innocent', 'Innocent', 'Innocent', 'Innocent', 'Innocent', 'Innocent', 'Innocent', 'Innocent', 'Innocent', 'Innocent', 'Innocent', 'Innocent', 'Innocent', 'Innocent', 'Innocent', 'Innocent', 'Innocent', 'Innocent', 'Innocent', 'Innocent', 'Innocent', 'Innocent', 'Innocent', 'Innocent', 'Innocent', 'Innocent', 'Innocent', 'Innocent', 'Innocent', 'Innocent', 'Innocent', 'Innocent', 'Innocent', 'Innocent', 'Innocent', 'Innocent', 'Innocent', 'Innocent', 'Innocent', 'Innocent', 'Innocent', 'Innocent', 'Innocent', 'Innocent', 'Innocent', 'Innocent', 'Innocent', 'Innocent', 'Innocent', 'Innocent', 'Innocent', 'Innocent', 'Innocent', 'Innocent', 'Innocent', 'Innocent', 'Innocent', 'Innocent', 'Innocent', 'Innocent', 'Innocent', 'Innocent', 'Innocent', 'Innocent', 'Innocent', 'Innocent', 'Innocent', 'Innocent', 'Innocent', 'Innocent', 'Innocent', 'Innocent', 'Innocent', 'Innocent', 'Innocent', 'Innocent', 'Innocent', 'Innocent', 'Innocent', 'Innocent', 'Innocent', 'Innocent', 'Innocent', 'Innocent', 'Innocent', 'Innocent', 'Innocent', 'Innocent', 'Innocent', 'Innocent', 'Innocent', 'Innocent', 'Innocent', 'Innocent', 'Innocent', 'Innocent', 'Innocent', 'Innocent', 'Innocent', 'Innocent', 'Innocent', 'Innocent', 'Innocent', 'Innocent', 'Innocent', 'Innocent', 'Innocent', 'Innocent', 'Innocent', 'Innocent', 'Innocent', 'Innocent', 'Innocent', 'Innocent', 'Innocent', 'Innocent', 'Innocent', 'Innocent', 'Innocent', 'Innocent', 'Innocent', 'Innocent', 'Innocent', 'Innocent', 'Innocent', 'Innocent', 'Innocent', 'Innocent', 'Innocent', 'Innocent', 'Innocent', 'Innocent', 'Innocent', 'Innocent', 'Innocent', 'Innocent', 'Innocent', 'Innocent', 'Innocent', 'Innocent', 'Innocent', 'Innocent', 'Innocent', 'Innocent', 'Innocent', 'Innocent', 'Innocent', 'Innocent', 'Innocent', 'Innocent', 'Innocent', 'Innocent', 'Innocent', 'Innocent', 'Innocent', 'Innocent', 'Innocent', 'Innocent', 'Innocent', 'Innocent', 'Innocent', 'Innocent', 'Innocent', 'Innocent', 'Innocent', 'Innocent', 'Innocent', 'Innocent', 'Innocent', 'Innocent', 'Innocent', 'Innocent', 'Innocent', 'Innocent', 'Innocent', 'Innocent', 'Innocent', 'Innocent', 'Innocent', 'Innocent', 'Innocent', 'Innocent', 'Innocent', 'Innocent', 'Innocent', 'Innocent', 'Innocent', 'Innocent', 'Innocent', 'Innocent', 'Innocent', 'Innocent', 'Innocent', 'Innocent', 'Innocent', 'Innocent', 'Innocent', 'Innocent', 'Innocent', 'Innocent', 'Innocent', 'Innocent', 'Innocent', 'Innocent', 'Innocent', 'Innocent', 'Innocent', 'Innocent', 'Innocent', 'Innocent', 'Innocent', 'Innocent', 'Innocent', 'Innocent', 'Innocent', 'Innocent', 'Innocent', 'Innocent', 'Innocent', 'Innocent', 'Innocent', 'Innocent', 'Innocent', 'Innocent', 'Innocent', 'Innocent', 'Innocent', 'Innocent', 'Innocent', 'Innocent', 'Innocent', 'Innocent', 'Innocent', 'Innocent', 'Innocent', 'Innocent', 'Innocent', 'Innocent', 'Innocent', 'Innocent', 'Innocent', 'Innocent', 'Innocent', 'Innocent', 'Innocent', 'Innocent', 'Innocent', 'Innocent', 'Innocent', 'Innocent', 'Innocent', 'Innocent', 'Innocent', 'Innocent', 'Innocent', 'Innocent', 'Innocent', 'Innocent', 'Innocent', 'Innocent', 'Innocent', 'Innocent', 'Innocent', 'Innocent', 'Innocent', 'Innocent', 'Innocent', 'Innocent', 'Innocent', 'Innocent', 'Innocent', 'Innocent', 'Innocent', 'Innocent', 'Innocent', 'Innocent', 'Innocent', 'Innocent', 'Innocent', 'Innocent', 'Innocent', 'Innocent', 'Innocent', 'Innocent', 'Innocent', 'Innocent', 'Innocent', 'Innocent', 'Innocent', 'Innocent', 'Innocent', 'Innocent', 'Innocent', 'Innocent', 'Innocent', 'Innocent', 'Innocent', 'Innocent', 'Innocent', 'Innocent', 'Innocent', 'Innocent', 'Innocent', 'Innocent', 'Innocent', 'Innocent', 'Innocent', 'Innocent', 'Innocent', 'Innocent', 'Innocent', 'Innocent', 'Innocent', 'Innocent', 'Innocent', 'Innocent', 'Innocent', 'Innocent', 'Innocent', 'Innocent', 'Innocent', 'Innocent', 'Innocent', 'Innocent', 'Innocent', 'Innocent', 'Innocent', 'Innocent', 'Innocent', 'Innocent', 'Innocent', 'Innocent', 'Innocent', 'Innocent', 'Innocent', 'Innocent', 'Innocent', 'Innocent', 'Innocent', 'Innocent', 'Innocent', 'Innocent', 'Innocent', 'Innocent', 'Innocent', 'Innocent', 'Innocent', 'Innocent', 'Innocent', 'Innocent', 'Innocent', 'Innocent', 'Innocent', 'Innocent', 'Innocent', 'Innocent', 'Innocent', 'Innocent', 'Innocent', 'Innocent', 'Innocent', 'Innocent', 'Innocent', 'Innocent', 'Innocent', 'Innocent', 'Innocent', 'Innocent', 'Innocent', 'Innocent', 'Innocent', 'Innocent', 'Innocent', 'Innocent', 'Innocent', 'Innocent', 'Innocent', 'Innocent', 'Innocent', 'Innocent', 'Innocent', 'Innocent', 'Innocent', 'Innocent', 'Innocent', 'Innocent', 'Innocent', 'Innocent', 'Innocent', 'Innocent', 'Innocent', 'Innocent', 'Innocent', 'Innocent', 'Innocent', 'Innocent', 'Innocent', 'Innocent', 'Innocent', 'Innocent', 'Innocent', 'Innocent', 'Innocent', 'Innocent', 'Innocent', 'Innocent', 'Innocent', 'Innocent', 'Innocent', 'Innocent', 'Innocent', 'Innocent', 'Innocent', 'Innocent', 'Innocent', 'Innocent', 'Innocent', 'Innocent', 'Innocent', 'Innocent', 'Innocent', 'Innocent', 'Innocent', 'Innocent', 'Innocent', 'Innocent', 'Innocent', 'Innocent', 'Innocent', 'Innocent', 'Innocent', 'Innocent', 'Innocent', 'Innocent', 'Innocent', 'Innocent', 'Innocent', 'Innocent', 'Innocent', 'Innocent', 'Innocent', 'Innocent', 'Innocent', 'Innocent', 'Innocent', 'Innocent', 'Innocent', 'Innocent', 'Innocent', 'Innocent', 'Innocent', 'Innocent', 'Innocent', 'Innocent', 'Innocent', 'Innocent', 'Innocent', 'Innocent', 'Innocent', 'Innocent', 'Innocent', 'Innocent', 'Innocent', 'Innocent', 'Innocent', 'Innocent', 'Innocent', 'Innocent', 'Innocent', 'Innocent', 'Innocent', 'Innocent', 'Innocent', 'Innocent', 'Innocent', 'Innocent', 'Innocent', 'Innocent', 'Innocent', 'Innocent', 'Innocent', 'Innocent', 'Innocent', 'Innocent', 'Innocent', 'Innocent', 'Innocent', 'Innocent', 'Innocent', 'Innocent', 'Innocent', 'Innocent', 'Innocent', 'Innocent', 'Innocent', 'Innocent', 'Innocent', 'Innocent', 'Innocent', 'Innocent', 'Innocent', 'Innocent', 'Innocent', 'Innocent', 'Innocent', 'Innocent', 'Innocent', 'Innocent', 'Innocent', 'Innocent', 'Innocent', 'Innocent', 'Innocent', 'Innocent', 'Innocent', 'Innocent', 'Innocent', 'Innocent', 'Innocent', 'Innocent', 'Innocent', 'Innocent', 'Innocent', 'Innocent', 'Innocent', 'Innocent', 'Innocent', 'Innocent', 'Innocent', 'Innocent', 'Innocent', 'Innocent', 'Innocent', 'Innocent', 'Innocent', 'Innocent', 'Innocent', 'Innocent', 'Innocent', 'Innocent', 'Innocent', 'Innocent', 'Innocent', 'Innocent', 'Innocent', 'Innocent', 'Innocent', 'Innocent', 'Innocent', 'Innocent', 'Innocent', 'Innocent', 'Innocent', 'Innocent', 'Innocent', 'Innocent', 'Innocent', 'Innocent', 'Innocent', 'Innocent', 'Innocent', 'Innocent', 'Innocent', 'Innocent', 'Innocent', 'Innocent', 'Innocent', 'Innocent', 'Innocent', 'Innocent', 'Innocent', 'Innocent', 'Innocent', 'Innocent', 'Innocent', 'Innocent', 'Innocent', 'Innocent', 'Innocent', 'Innocent', 'Innocent', 'Innocent', 'Innocent', 'Innocent', 'Innocent', 'Innocent', 'Innocent', 'Innocent', 'Innocent', 'Innocent', 'Innocent', 'Innocent', 'Innocent', 'Innocent', 'Innocent', 'Innocent', 'Innocent', 'Innocent', 'Innocent', 'Innocent', 'Innocent', 'Innocent', 'Innocent', 'Innocent', 'Innocent', 'Innocent', 'Innocent', 'Innocent', 'Innocent', 'Innocent', 'Innocent', 'Innocent', 'Innocent', 'Innocent', 'Innocent', 'Innocent', 'Innocent', 'Innocent', 'Innocent', 'Innocent', 'Innocent', 'Innocent', 'Innocent', 'Innocent', 'Innocent', 'Innocent', 'Innocent', 'Innocent', 'Innocent', 'Innocent', 'Innocent', 'Innocent', 'Innocent', 'Innocent', 'Innocent', 'Innocent', 'Innocent', 'Innocent', 'Innocent', 'Innocent', 'Innocent', 'Innocent', 'Innocent', 'Innocent', 'Innocent', 'Innocent', 'Innocent', 'Innocent', 'Innocent', 'Innocent', 'Innocent', 'Innocent', 'Innocent', 'Innocent', 'Innocent', 'Innocent', 'Innocent', 'Innocent', 'Innocent', 'Innocent', 'Innocent', 'Innocent', 'Innocent', 'Innocent', 'Innocent', 'Innocent', 'Innocent', 'Innocent', 'Innocent', 'Innocent', 'Innocent', 'Innocent', 'Innocent', 'Innocent', 'Innocent', 'Innocent', 'Innocent', 'Innocent', 'Innocent', 'Innocent', 'Innocent', 'Innocent', 'Innocent', 'Innocent', 'Innocent', 'Innocent', 'Innocent', 'Innocent', 'Innocent', 'Innocent', 'Innocent', 'Innocent', 'Innocent', 'Innocent', 'Innocent', 'Innocent', 'Innocent', 'Innocent', 'Innocent', 'Innocent', 'Innocent', 'Innocent', 'Innocent', 'Innocent', 'Innocent', 'Innocent', 'Innocent', 'Innocent', 'Innocent', 'Innocent', 'Innocent', 'Innocent', 'Innocent', 'Innocent', 'Innocent', 'Innocent', 'Innocent', 'Innocent', 'Innocent', 'Innocent', 'Innocent', 'Innocent', 'Innocent', 'Innocent', 'Innocent', 'Innocent', 'Innocent', 'Innocent', 'Innocent', 'Innocent', 'Innocent', 'Innocent', 'Innocent', 'Innocent', 'Innocent', 'Innocent', 'Innocent', 'Innocent', 'Innocent', 'Innocent', 'Innocent', 'Innocent', 'Innocent', 'Innocent', 'Innocent', 'Innocent', 'Innocent', 'Innocent', 'Innocent', 'Innocent', 'Innocent', 'Innocent', 'Innocent', 'Innocent', 'Innocent', 'Innocent', 'Innocent', 'Innocent', 'Innocent', 'Innocent', 'Innocent', 'Innocent', 'Innocent', 'Innocent', 'Innocent', 'Innocent', 'Innocent', 'Innocent', 'Innocent', 'Innocent', 'Innocent', 'Innocent', 'Innocent', 'Innocent', 'Innocent', 'Innocent', 'Innocent', 'Innocent', 'Innocent', 'Innocent', 'Innocent', 'Innocent', 'Innocent', 'Innocent', 'Innocent', 'Innocent', 'Innocent', 'Innocent', 'Innocent', 'Innocent', 'Innocent', 'Innocent', 'Innocent', 'Innocent', 'Innocent', 'Innocent', 'Innocent', 'Innocent', 'Innocent', 'Innocent', 'Innocent', 'Innocent', 'Innocent', 'Innocent', 'Innocent', 'Innocent', 'Innocent', 'Innocent', 'Innocent', 'Innocent', 'Innocent', 'Innocent', 'Innocent', 'Innocent', 'Innocent', 'Innocent', 'Innocent', 'Innocent', 'Innocent', 'Innocent', 'Innocent', 'Innocent', 'Innocent', 'Innocent', 'Innocent', 'Innocent', 'Innocent', 'Innocent', 'Innocent', 'Innocent', 'Innocent', 'Innocent', 'Innocent', 'Innocent', 'Innocent', 'Innocent', 'Innocent', 'Innocent', 'Innocent', 'Innocent', 'Innocent', 'Innocent', 'Innocent', 'Innocent', 'Innocent', 'Innocent', 'Innocent', 'Innocent', 'Innocent', 'Innocent', 'Innocent', 'Innocent', 'Innocent', 'Innocent', 'Innocent', 'Innocent', 'Innocent', 'Innocent', 'Innocent', 'Innocent', 'Innocent', 'Innocent', 'Innocent', 'Innocent', 'Innocent', 'Innocent', 'Innocent', 'Innocent', 'Innocent', 'Innocent', 'Innocent', 'Innocent', 'Innocent', 'Innocent', 'Innocent', 'Innocent', 'Innocent', 'Innocent', 'Innocent', 'Innocent', 'Innocent', 'Innocent', 'Innocent', 'Innocent', 'Innocent', 'Innocent', 'Innocent', 'Innocent', 'Innocent', 'Innocent', 'Innocent', 'Innocent', 'Innocent', 'Innocent', 'Innocent', 'Innocent', 'Innocent', 'Innocent', 'Innocent', 'Innocent', 'Innocent', 'Innocent', 'Innocent', 'Innocent', 'Innocent', 'Innocent', 'Innocent', 'Innocent', 'Innocent', 'Innocent', 'Innocent', 'Innocent', 'Innocent', 'Innocent', 'Innocent', 'Innocent', 'Innocent', 'Innocent', 'Innocent', 'Innocent', 'Innocent', 'Innocent', 'Innocent', 'Innocent', 'Innocent', 'Innocent', 'Innocent', 'Innocent', 'Innocent', 'Innocent', 'Innocent', 'Innocent', 'Innocent', 'Innocent', 'Innocent', 'Innocent', 'Innocent', 'Innocent', 'Innocent', 'Innocent', 'Innocent', 'Innocent', 'Innocent', 'Innocent', 'Innocent', 'Innocent', 'Innocent', 'Innocent', 'Innocent', 'Innocent', 'Innocent', 'Innocent', 'Innocent', 'Innocent', 'Innocent', 'Innocent', 'Innocent', 'Innocent', 'Innocent', 'Innocent', 'Innocent', 'Innocent', 'Innocent', 'Innocent', 'Innocent', 'Innocent', 'Innocent', 'Innocent', 'Innocent', 'Innocent', 'Innocent', 'Innocent', 'Innocent', 'Innocent', 'Innocent', 'Innocent', 'Innocent', 'Innocent', 'Innocent', 'Innocent', 'Innocent', 'Innocent', 'Innocent', 'Innocent', 'Innocent', 'Innocent', 'Innocent', 'Innocent', 'Innocent', 'Innocent', 'Innocent', 'Innocent', 'Innocent', 'Innocent', 'Innocent', 'Innocent', 'Innocent', 'Innocent', 'Innocent', 'Innocent', 'Innocent', 'Innocent', 'Innocent', 'Innocent', 'Innocent', 'Innocent', 'Innocent', 'Innocent', 'Innocent', 'Innocent', 'Innocent', 'Innocent', 'Innocent', 'Innocent', 'Innocent', 'Innocent', 'Innocent', 'Innocent', 'Innocent', 'Innocent', 'Innocent', 'Innocent', 'Innocent', 'Innocent', 'Innocent', 'Innocent', 'Innocent', 'Innocent', 'Innocent', 'Innocent', 'Innocent', 'Innocent', 'Innocent', 'Innocent', 'Innocent', 'Innocent', 'Innocent', 'Innocent', 'Innocent', 'Innocent', 'Innocent', 'Innocent', 'Innocent', 'Innocent', 'Innocent', 'Innocent', 'Innocent', 'Innocent', 'Innocent', 'Innocent', 'Innocent', 'Innocent', 'Innocent', 'Innocent', 'Innocent', 'Innocent', 'Innocent', 'Innocent', 'Innocent', 'Innocent', 'Innocent', 'Innocent', 'Innocent', 'Innocent', 'Innocent', 'Innocent', 'Innocent', 'Innocent', 'Innocent', 'Innocent', 'Innocent', 'Innocent', 'Innocent', 'Innocent', 'Innocent', 'Innocent', 'Innocent', 'Innocent', 'Innocent', 'Innocent', 'Innocent', 'Innocent', 'Innocent', 'Innocent', 'Innocent', 'Innocent', 'Innocent', 'Innocent', 'Innocent', 'Innocent', 'Innocent', 'Innocent', 'Innocent', 'Innocent', 'Innocent', 'Innocent', 'Innocent', 'Innocent', 'Innocent', 'Innocent', 'Innocent', 'Innocent', 'Innocent', 'Innocent', 'Innocent', 'Innocent', 'Innocent', 'Innocent', 'Innocent', 'Innocent', 'Innocent', 'Innocent', 'Innocent', 'Innocent', 'Innocent', 'Innocent', 'Innocent', 'Innocent', 'Innocent', 'Innocent', 'Innocent', 'Innocent', 'Innocent', 'Innocent', 'Innocent', 'Innocent', 'Innocent', 'Innocent', 'Innocent', 'Innocent', 'Innocent', 'Innocent', 'Innocent', 'Innocent', 'Innocent', 'Innocent', 'Innocent', 'Innocent', 'Innocent', 'Innocent', 'Innocent', 'Innocent', 'Innocent', 'Innocent', 'Innocent', 'Innocent', 'Innocent', 'Innocent', 'Innocent', 'Innocent', 'Innocent', 'Innocent', 'Innocent', 'Innocent', 'Innocent', 'Innocent', 'Innocent', 'Innocent', 'Innocent', 'Innocent', 'Innocent', 'Innocent', 'Innocent', 'Innocent', 'Innocent', 'Innocent', 'Innocent', 'Innocent', 'Innocent', 'Innocent', 'Innocent', 'Innocent', 'Innocent', 'Innocent', 'Innocent', 'Innocent', 'Innocent', 'Innocent', 'Innocent', 'Innocent', 'Innocent', 'Innocent', 'Innocent', 'Innocent', 'Innocent', 'Innocent', 'Innocent', 'Innocent', 'Innocent', 'Innocent', 'Innocent', 'Innocent', 'Innocent', 'Innocent', 'Innocent', 'Innocent', 'Innocent', 'Innocent', 'Innocent', 'Innocent', 'Innocent', 'Innocent', 'Innocent', 'Innocent', 'Innocent', 'Innocent', 'Innocent', 'Innocent', 'Innocent', 'Innocent', 'Innocent', 'Innocent', 'Innocent', 'Innocent', 'Innocent', 'Innocent', 'Innocent', 'Innocent', 'Innocent', 'Innocent', 'Innocent', 'Innocent', 'Innocent', 'Innocent', 'Innocent', 'Innocent', 'Innocent', 'Innocent', 'Innocent', 'Innocent', 'Innocent', 'Innocent', 'Innocent', 'Innocent', 'Innocent', 'Innocent', 'Innocent', 'Innocent', 'Innocent', 'Innocent', 'Innocent', 'Innocent', 'Innocent', 'Innocent', 'Innocent', 'Innocent', 'Innocent', 'Innocent', 'Innocent', 'Innocent', 'Innocent', 'Innocent', 'Innocent', 'Innocent', 'Innocent', 'Innocent', 'Innocent', 'Innocent', 'Innocent', 'Innocent', 'Innocent', 'Innocent', 'Innocent', 'Innocent', 'Innocent', 'Innocent', 'Innocent', 'Innocent', 'Innocent', 'Innocent', 'Innocent', 'Innocent', 'Innocent', 'Innocent', 'Innocent', 'Innocent', 'Innocent', 'Innocent', 'Innocent', 'Innocent', 'Innocent', 'Innocent', 'Innocent', 'Innocent', 'Innocent', 'Innocent', 'Innocent', 'Innocent', 'Innocent', 'Innocent', 'Innocent', 'Innocent', 'Innocent', 'Innocent', 'Innocent', 'Innocent', 'Innocent', 'Innocent', 'Innocent', 'Innocent', 'Innocent', 'Innocent', 'Innocent', 'Innocent', 'Innocent', 'Innocent', 'Innocent', 'Innocent', 'Innocent', 'Innocent', 'Innocent', 'Innocent', 'Innocent', 'Innocent', 'Innocent', 'Innocent', 'Innocent', 'Innocent', 'Innocent', 'Innocent', 'Innocent', 'Innocent', 'Innocent', 'Innocent', 'Innocent', 'Innocent', 'Innocent', 'Innocent', 'Innocent', 'Innocent', 'Innocent', 'Innocent', 'Innocent', 'Innocent', 'Innocent', 'Innocent', 'Innocent', 'Innocent', 'Innocent', 'Innocent', 'Innocent', 'Innocent', 'Innocent', 'Innocent', 'Innocent', 'Innocent', 'Innocent', 'Innocent', 'Innocent', 'Innocent', 'Innocent', 'Innocent', 'Innocent', 'Innocent', 'Innocent', 'Innocent', 'Innocent', 'Innocent', 'Innocent', 'Innocent', 'Innocent', 'Innocent', 'Innocent', 'Innocent', 'Innocent', 'Innocent', 'Innocent', 'Innocent', 'Innocent', 'Innocent', 'Innocent', 'Innocent', 'Innocent', 'Innocent', 'Innocent', 'Innocent', 'Innocent', 'Innocent', 'Innocent', 'Innocent', 'Innocent', 'Innocent', 'Innocent', 'Innocent', 'Innocent', 'Innocent', 'Innocent', 'Innocent', 'Innocent', 'Innocent', 'Innocent', 'Innocent', 'Innocent', 'Innocent', 'Innocent', 'Innocent', 'Innocent', 'Innocent', 'Innocent', 'Innocent', 'Innocent', 'Innocent', 'Innocent', 'Innocent', 'Innocent', 'Innocent', 'Innocent', 'Innocent', 'Innocent', 'Innocent', 'Innocent', 'Innocent', 'Innocent', 'Innocent', 'Innocent', 'Innocent', 'Innocent', 'Innocent', 'Innocent', 'Innocent', 'Innocent', 'Innocent', 'Innocent', 'Innocent', 'Innocent', 'Innocent', 'Innocent', 'Innocent', 'Innocent', 'Innocent', 'Innocent', 'Innocent', 'Innocent', 'Innocent', 'Innocent', 'Innocent', 'Innocent', 'Innocent', 'Innocent', 'Innocent', 'Innocent', 'Innocent', 'Innocent', 'Innocent', 'Innocent', 'Innocent', 'Innocent', 'Innocent', 'Innocent', 'Innocent', 'Innocent', 'Innocent', 'Innocent', 'Innocent', 'Innocent', 'Innocent', 'Innocent', 'Innocent', 'Innocent', 'Innocent', 'Innocent', 'Innocent', 'Innocent', 'Innocent', 'Innocent', 'Innocent', 'Innocent', 'Innocent', 'Innocent', 'Innocent', 'Innocent', 'Innocent', 'Innocent', 'Innocent', 'Innocent', 'Innocent', 'Innocent', 'Innocent', 'Innocent', 'Innocent', 'Innocent', 'Innocent', 'Innocent', 'Innocent', 'Innocent', 'Innocent', 'Innocent', 'Innocent', 'Innocent', 'Innocent', 'Innocent', 'Innocent', 'Innocent', 'Innocent', 'Innocent', 'Innocent', 'Innocent', 'Innocent', 'Innocent', 'Innocent', 'Innocent', 'Innocent', 'Innocent', 'Innocent', 'Innocent', 'Innocent', 'Innocent', 'Innocent', 'Innocent', 'Innocent', 'Innocent', 'Innocent', 'Innocent', 'Innocent', 'Innocent', 'Innocent', 'Innocent', 'Innocent', 'Innocent', 'Innocent', 'Innocent', 'Innocent', 'Innocent', 'Innocent', 'Innocent', 'Innocent', 'Innocent', 'Innocent', 'Innocent', 'Innocent', 'Innocent', 'Innocent', 'Innocent', 'Innocent', 'Innocent', 'Innocent', 'Innocent', 'Innocent', 'Innocent', 'Innocent', 'Innocent', 'Innocent', 'Innocent', 'Innocent', 'Innocent', 'Innocent', 'Innocent', 'Innocent', 'Innocent', 'Innocent', 'Innocent', 'Innocent', 'Innocent', 'Innocent', 'Innocent', 'Innocent', 'Innocent', 'Innocent', 'Innocent', 'Innocent', 'Innocent', 'Innocent', 'Innocent', 'Innocent', 'Innocent', 'Innocent', 'Innocent', 'Innocent', 'Innocent', 'Innocent', 'Innocent', 'Innocent', 'Innocent', 'Innocent', 'Innocent', 'Innocent', 'Innocent', 'Innocent', 'Innocent', 'Innocent', 'Innocent', 'Innocent', 'Innocent', 'Innocent', 'Innocent', 'Innocent', 'Innocent', 'Innocent', 'Innocent', 'Innocent', 'Innocent', 'Innocent', 'Innocent', 'Innocent', 'Innocent', 'Innocent', 'Innocent', 'Innocent', 'Innocent', 'Innocent', 'Innocent', 'Innocent', 'Innocent', 'Innocent', 'Innocent', 'Innocent', 'Innocent', 'Innocent', 'Innocent', 'Innocent', 'Innocent', 'Innocent', 'Innocent', 'Innocent', 'Innocent', 'Innocent', 'Innocent', 'Innocent', 'Innocent', 'Innocent', 'Innocent', 'Innocent', 'Innocent', 'Innocent', 'Innocent', 'Innocent', 'Innocent', 'Innocent', 'Innocent', 'Innocent', 'Innocent', 'Innocent', 'Innocent', 'Innocent', 'Innocent', 'Innocent', 'Innocent', 'Innocent', 'Innocent', 'Innocent', 'Innocent', 'Innocent', 'Innocent', 'Innocent', 'Innocent', 'Innocent', 'Innocent', 'Innocent', 'Innocent', 'Innocent', 'Innocent', 'Innocent', 'Innocent', 'Innocent', 'Innocent', 'Innocent', 'Innocent', 'Innocent', 'Innocent', 'Innocent', 'Innocent', 'Innocent', 'Innocent', 'Innocent', 'Innocent', 'Innocent', 'Innocent', 'Innocent', 'Innocent', 'Innocent', 'Innocent', 'Innocent', 'Innocent', 'Innocent', 'Innocent', 'Innocent', 'Innocent', 'Innocent', 'Innocent', 'Innocent', 'Innocent', 'Innocent', 'Innocent', 'Innocent', 'Innocent', 'Innocent', 'Innocent', 'Innocent', 'Innocent', 'Innocent', 'Innocent', 'Innocent', 'Innocent', 'Innocent', 'Innocent', 'Innocent', 'Innocent', 'Innocent', 'Innocent', 'Innocent', 'Innocent', 'Innocent', 'Innocent', 'Innocent', 'Innocent', 'Innocent', 'Innocent', 'Innocent', 'Innocent', 'Innocent', 'Innocent', 'Innocent', 'Innocent', 'Innocent', 'Innocent', 'Innocent', 'Innocent', 'Innocent', 'Innocent', 'Innocent', 'Innocent', 'Innocent', 'Innocent', 'Innocent', 'Innocent', 'Innocent', 'Innocent', 'Innocent', 'Innocent', 'Innocent', 'Innocent', 'Innocent', 'Innocent', 'Innocent', 'Innocent', 'Innocent', 'Innocent', 'Innocent', 'Innocent', 'Innocent', 'Innocent', 'Innocent', 'Innocent', 'Innocent', 'Innocent', 'Innocent', 'Innocent', 'Innocent', 'Innocent', 'Innocent', 'Innocent', 'Innocent', 'Innocent', 'Innocent', 'Innocent', 'Innocent', 'Innocent', 'Innocent', 'Innocent', 'Innocent', 'Innocent', 'Innocent', 'Innocent', 'Innocent', 'Innocent', 'Innocent', 'Innocent', 'Innocent', 'Innocent', 'Innocent', 'Innocent', 'Innocent', 'Innocent', 'Innocent', 'Innocent', 'Innocent', 'Innocent', 'Innocent', 'Innocent', 'Innocent', 'Innocent', 'Innocent', 'Innocent', 'Innocent', 'Innocent', 'Innocent', 'Innocent', 'Innocent', 'Innocent', 'Innocent', 'Innocent', 'Innocent', 'Innocent', 'Innocent', 'Innocent', 'Innocent', 'Innocent', 'Innocent', 'Innocent', 'Innocent', 'Innocent', 'Innocent', 'Innocent', 'Innocent', 'Innocent', 'Innocent', 'Innocent', 'Innocent', 'Innocent', 'Innocent', 'Innocent', 'Innocent', 'Innocent', 'Innocent', 'Innocent', 'Innocent', 'Innocent', 'Innocent', 'Innocent', 'Innocent', 'Innocent', 'Innocent', 'Innocent', 'Innocent', 'Innocent', 'Innocent', 'Innocent', 'Innocent', 'Innocent', 'Innocent', 'Innocent', 'Innocent', 'Innocent', 'Innocent', 'Innocent', 'Innocent', 'Innocent', 'Innocent', 'Innocent', 'Innocent', 'Innocent', 'Innocent', 'Innocent', 'Innocent', 'Innocent', 'Innocent', 'Innocent', 'Innocent', 'Innocent', 'Innocent', 'Innocent', 'Innocent', 'Innocent', 'Innocent', 'Innocent', 'Innocent', 'Innocent', 'Innocent', 'Innocent', 'Innocent', 'Innocent', 'Innocent', 'Innocent', 'Innocent', 'Innocent', 'Innocent', 'Innocent', 'Innocent', 'Innocent', 'Innocent', 'Innocent', 'Innocent', 'Innocent', 'Innocent', 'Innocent', 'Innocent', 'Innocent', 'Innocent', 'Innocent', 'Innocent', 'Innocent', 'Innocent', 'Innocent', 'Innocent', 'Innocent', 'Innocent', 'Innocent', 'Innocent', 'Innocent', 'Innocent', 'Innocent', 'Innocent', 'Innocent', 'Innocent', 'Innocent', 'Innocent', 'Innocent', 'Innocent', 'Innocent', 'Innocent', 'Innocent', 'Innocent', 'Innocent', 'Innocent', 'Innocent', 'Innocent', 'Innocent', 'Innocent', 'Innocent', 'Innocent', 'Innocent', 'Innocent', 'Innocent', 'Innocent', 'Innocent', 'Innocent', 'Innocent', 'Innocent', 'Innocent', 'Innocent', 'Innocent', 'Innocent', 'Innocent', 'Innocent', 'Innocent', 'Innocent', 'Innocent', 'Innocent', 'Innocent', 'Innocent', 'Innocent', 'Innocent', 'Innocent', 'Innocent', 'Innocent', 'Innocent', 'Innocent', 'Innocent', 'Innocent', 'Innocent', 'Innocent', 'Innocent', 'Innocent', 'Innocent', 'Innocent', 'Innocent', 'Innocent', 'Innocent', 'Innocent', 'Innocent', 'Innocent', 'Innocent', 'Innocent', 'Innocent', 'Innocent', 'Innocent', 'Innocent', 'Innocent', 'Innocent', 'Innocent', 'Innocent', 'Innocent', 'Innocent', 'Innocent', 'Innocent', 'Innocent', 'Innocent', 'Innocent', 'Innocent', 'Innocent', 'Innocent', 'Innocent', 'Innocent', 'Innocent', 'Innocent', 'Innocent', 'Innocent', 'Innocent', 'Innocent', 'Innocent', 'Innocent', 'Innocent', 'Innocent', 'Innocent', 'Innocent', 'Innocent', 'Innocent', 'Innocent', 'Innocent', 'Innocent', 'Innocent', 'Innocent', 'Innocent', 'Innocent', 'Innocent', 'Innocent', 'Innocent', 'Innocent', 'Innocent', 'Innocent', 'Innocent', 'Innocent', 'Innocent', 'Innocent', 'Innocent', 'Innocent', 'Innocent', 'Innocent', 'Innocent', 'Innocent', 'Innocent', 'Innocent', 'Innocent', 'Innocent', 'Innocent', 'Innocent', 'Innocent', 'Innocent', 'Innocent', 'Innocent', 'Innocent', 'Innocent', 'Innocent', 'Innocent', 'Innocent', 'Innocent', 'Innocent', 'Innocent', 'Innocent', 'Innocent', 'Innocent', 'Innocent', 'Innocent', 'Innocent', 'Innocent', 'Innocent', 'Innocent', 'Innocent', 'Innocent', 'Innocent', 'Innocent', 'Innocent', 'Innocent', 'Innocent', 'Innocent', 'Innocent', 'Innocent', 'Innocent', 'Innocent', 'Innocent', 'Innocent', 'Innocent', 'Innocent', 'Innocent', 'Innocent', 'Innocent', 'Innocent', 'Innocent', 'Innocent', 'Innocent', 'Innocent', 'Innocent', 'Innocent', 'Innocent', 'Innocent', 'Innocent', 'Innocent', 'Innocent', 'Innocent', 'Innocent', 'Innocent', 'Innocent', 'Innocent', 'Innocent', 'Innocent', 'Innocent', 'Innocent', 'Innocent', 'Innocent', 'Innocent', 'Innocent', 'Innocent', 'Innocent', 'Innocent', 'Innocent', 'Innocent', 'Innocent', 'Innocent', 'Innocent', 'Innocent', 'Innocent', 'Innocent', 'Innocent', 'Innocent', 'Innocent', 'Innocent', 'Innocent', 'Innocent', 'Innocent', 'Innocent', 'Innocent', 'Innocent', 'Innocent', 'Innocent', 'Innocent', 'Innocent', 'Innocent', 'Innocent', 'Innocent', 'Innocent', 'Innocent', 'Innocent', 'Innocent', 'Innocent', 'Innocent', 'Innocent', 'Innocent', 'Innocent', 'Innocent', 'Innocent', 'Innocent', 'Innocent', 'Innocent', 'Innocent', 'Innocent', 'Innocent', 'Innocent', 'Innocent', 'Innocent', 'Innocent', 'Innocent', 'Innocent', 'Innocent', 'Innocent', 'Innocent', 'Innocent', 'Innocent', 'Innocent', 'Innocent', 'Innocent', 'Innocent', 'Innocent', 'Innocent', 'Innocent', 'Innocent', 'Innocent', 'Innocent', 'Innocent', 'Innocent', 'Innocent', 'Innocent', 'Innocent', 'Innocent', 'Innocent', 'Innocent', 'Innocent', 'Innocent', 'Innocent', 'Innocent', 'Innocent', 'Innocent', 'Innocent', 'Innocent', 'Innocent', 'Innocent', 'Innocent', 'Innocent', 'Innocent', 'Innocent', 'Innocent', 'Innocent', 'Innocent', 'Innocent', 'Innocent', 'Innocent', 'Innocent', 'Innocent', 'Innocent', 'Innocent', 'Innocent', 'Innocent', 'Innocent', 'Innocent', 'Innocent', 'Innocent', 'Innocent', 'Innocent', 'Innocent', 'Innocent', 'Innocent', 'Innocent', 'Innocent', 'Innocent', 'Innocent', 'Innocent', 'Innocent', 'Innocent', 'Innocent', 'Innocent', 'Innocent', 'Innocent', 'Innocent', 'Innocent', 'Innocent', 'Innocent', 'Innocent', 'Innocent', 'Innocent', 'Innocent', 'Innocent', 'Innocent', 'Innocent', 'Innocent', 'Innocent', 'Innocent', 'Innocent', 'Innocent', 'Innocent', 'Innocent', 'Innocent', 'Innocent', 'Innocent', 'Innocent', 'Innocent', 'Innocent', 'Innocent', 'Innocent', 'Innocent', 'Innocent', 'Innocent', 'Innocent', 'Innocent', 'Innocent', 'Innocent', 'Innocent', 'Innocent', 'Innocent', 'Innocent', 'Innocent', 'Innocent', 'Innocent', 'Innocent', 'Innocent', 'Innocent', 'Innocent', 'Innocent', 'Innocent', 'Innocent', 'Innocent', 'Innocent', 'Innocent', 'Innocent', 'Innocent', 'Innocent', 'Innocent', 'Innocent', 'Innocent', 'Innocent', 'Innocent', 'Innocent', 'Innocent', 'Innocent', 'Innocent', 'Innocent', 'Innocent', 'Innocent', 'Innocent', 'Innocent', 'Innocent', 'Innocent', 'Innocent', 'Innocent', 'Innocent', 'Innocent', 'Innocent', 'Innocent', 'Innocent', 'Innocent', 'Innocent', 'Innocent', 'Innocent', 'Innocent', 'Innocent', 'Innocent', 'Innocent', 'Innocent', 'Innocent', 'Innocent', 'Innocent', 'Innocent', 'Innocent', 'Innocent', 'Innocent', 'Innocent', 'Innocent', 'Innocent', 'Innocent', 'Innocent', 'Innocent', 'Innocent', 'Innocent', 'Innocent', 'Innocent', 'Innocent', 'Innocent', 'Innocent', 'Innocent', 'Innocent', 'Innocent', 'Innocent', 'Innocent', 'Innocent', 'Innocent', 'Innocent', 'Innocent', 'Innocent', 'Innocent', 'Innocent', 'Innocent', 'Innocent', 'Innocent', 'Innocent', 'Innocent', 'Innocent', 'Innocent', 'Innocent', 'Innocent', 'Innocent', 'Innocent', 'Innocent', 'Innocent', 'Innocent', 'Innocent', 'Innocent', 'Innocent', 'Innocent', 'Innocent', 'Innocent', 'Innocent', 'Innocent', 'Innocent', 'Innocent', 'Innocent', 'Innocent', 'Innocent', 'Innocent', 'Innocent', 'Innocent', 'Innocent', 'Innocent', 'Innocent', 'Innocent', 'Innocent', 'Innocent', 'Innocent', 'Innocent', 'Innocent', 'Innocent', 'Innocent', 'Innocent', 'Innocent', 'Innocent', 'Innocent', 'Innocent', 'Innocent', 'Innocent', 'Innocent', 'Innocent', 'Innocent', 'Innocent', 'Innocent', 'Innocent', 'Innocent', 'Innocent', 'Innocent', 'Innocent', 'Innocent', 'Innocent', 'Innocent', 'Innocent', 'Innocent', 'Innocent', 'Innocent', 'Innocent', 'Innocent', 'Innocent', 'Innocent', 'Innocent', 'Innocent', 'Innocent', 'Innocent', 'Innocent', 'Innocent', 'Innocent', 'Innocent', 'Innocent', 'Innocent', 'Innocent', 'Innocent', 'Innocent', 'Innocent', 'Innocent', 'Innocent', 'Innocent', 'Innocent', 'Innocent', 'Innocent', 'Innocent', 'Innocent', 'Innocent', 'Innocent', 'Innocent', 'Innocent', 'Innocent', 'Innocent', 'Innocent', 'Innocent', 'Innocent', 'Innocent', 'Innocent', 'Innocent', 'Innocent', 'Innocent', 'Innocent', 'Innocent', 'Innocent', 'Innocent', 'Innocent', 'Innocent', 'Innocent', 'Innocent', 'Innocent', 'Innocent', 'Innocent', 'Innocent', 'Innocent', 'Innocent', 'Innocent', 'Innocent', 'Innocent', 'Innocent', 'Innocent', 'Innocent', 'Innocent', 'Innocent', 'Innocent', 'Innocent', 'Innocent', 'Innocent', 'Innocent', 'Innocent', 'Innocent', 'Innocent', 'Innocent', 'Innocent', 'Innocent', 'Innocent', 'Innocent', 'Innocent', 'Innocent', 'Innocent', 'Innocent', 'Innocent', 'Innocent', 'Innocent', 'Innocent', 'Innocent', 'Innocent', 'Innocent', 'Innocent', 'Innocent', 'Innocent', 'Innocent', 'Innocent', 'Innocent', 'Innocent', 'Innocent', 'Innocent', 'Innocent', 'Innocent', 'Innocent', 'Innocent', 'Innocent', 'Innocent', 'Innocent', 'Innocent', 'Innocent', 'Innocent', 'Innocent', 'Innocent', 'Innocent', 'Innocent', 'Innocent', 'Innocent', 'Innocent', 'Innocent', 'Innocent', 'Innocent', 'Innocent', 'Innocent', 'Innocent', 'Innocent', 'Innocent', 'Innocent', 'Innocent', 'Innocent', 'Innocent', 'Innocent', 'Innocent', 'Innocent', 'Innocent', 'Innocent', 'Innocent', 'Innocent', 'Innocent', 'Innocent', 'Innocent', 'Innocent', 'Innocent', 'Innocent', 'Innocent', 'Innocent', 'Innocent', 'Innocent', 'Innocent', 'Innocent', 'Innocent', 'Innocent', 'Innocent', 'Innocent', 'Innocent', 'Innocent', 'Innocent', 'Innocent', 'Innocent', 'Innocent', 'Innocent', 'Innocent', 'Innocent', 'Innocent', 'Innocent', 'Innocent', 'Innocent', 'Innocent', 'Innocent', 'Innocent', 'Innocent', 'Innocent', 'Innocent', 'Innocent', 'Innocent', 'Innocent', 'Innocent', 'Innocent', 'Innocent', 'Innocent', 'Innocent', 'Innocent', 'Innocent', 'Innocent', 'Innocent', 'Innocent', 'Innocent', 'Innocent', 'Innocent', 'Innocent', 'Innocent', 'Innocent', 'Innocent', 'Innocent', 'Innocent', 'Innocent', 'Innocent', 'Innocent', 'Innocent', 'Innocent', 'Innocent', 'Innocent', 'Innocent', 'Innocent', 'Innocent', 'Innocent', 'Innocent', 'Innocent', 'Innocent', 'Innocent', 'Innocent', 'Innocent', 'Innocent', 'Innocent', 'Innocent', 'Innocent', 'Innocent', 'Innocent', 'Innocent', 'Innocent', 'Innocent', 'Innocent', 'Innocent', 'Innocent', 'Innocent', 'Innocent', 'Innocent', 'Innocent', 'Innocent', 'Innocent', 'Innocent', 'Innocent', 'Innocent', 'Innocent', 'Innocent', 'Innocent', 'Innocent', 'Innocent', 'Innocent', 'Innocent', 'Innocent', 'Innocent', 'Innocent', 'Innocent', 'Innocent', 'Innocent', 'Innocent', 'Innocent', 'Innocent', 'Innocent', 'Innocent', 'Innocent', 'Innocent', 'Innocent', 'Innocent', 'Innocent', 'Innocent', 'Innocent', 'Innocent', 'Innocent', 'Innocent', 'Innocent', 'Innocent', 'Innocent', 'Innocent', 'Innocent', 'Innocent', 'Innocent', 'Innocent', 'Innocent', 'Innocent', 'Innocent', 'Innocent', 'Innocent', 'Innocent', 'Innocent', 'Innocent', 'Innocent', 'Innocent', 'Innocent', 'Innocent', 'Innocent', 'Innocent', 'Innocent', 'Innocent', 'Innocent', 'Innocent', 'Innocent', 'Innocent', 'Innocent', 'Innocent', 'Innocent', 'Innocent', 'Innocent', 'Innocent', 'Innocent', 'Innocent', 'Innocent', 'Innocent', 'Innocent', 'Innocent', 'Innocent', 'Innocent', 'Innocent', 'Innocent', 'Innocent', 'Innocent', 'Innocent', 'Innocent', 'Innocent', 'Innocent', 'Innocent', 'Innocent', 'Innocent', 'Innocent', 'Innocent', 'Innocent', 'Innocent', 'Innocent', 'Innocent', 'Innocent', 'Innocent', 'Innocent', 'Innocent', 'Innocent', 'Innocent', 'Innocent', 'Innocent', 'Innocent', 'Innocent', 'Innocent', 'Innocent', 'Innocent', 'Innocent', 'Innocent', 'Innocent', 'Innocent', 'Innocent', 'Innocent', 'Innocent', 'Innocent', 'Innocent', 'Innocent', 'Innocent', 'Innocent', 'Innocent', 'Innocent', 'Innocent', 'Innocent', 'Innocent', 'Innocent', 'Innocent', 'Innocent', 'Innocent', 'Innocent', 'Innocent', 'Innocent', 'Innocent', 'Innocent', 'Innocent', 'Innocent', 'Innocent', 'Innocent', 'Innocent', 'Innocent', 'Innocent', 'Innocent', 'Innocent', 'Innocent', 'Innocent', 'Innocent', 'Innocent', 'Innocent', 'Innocent', 'Innocent', 'Innocent', 'Innocent', 'Innocent', 'Innocent', 'Innocent', 'Innocent', 'Innocent', 'Innocent', 'Innocent', 'Innocent', 'Innocent', 'Innocent', 'Innocent', 'Innocent', 'Innocent', 'Innocent', 'Innocent', 'Innocent', 'Innocent', 'Innocent', 'Innocent', 'Innocent', 'Innocent', 'Innocent', 'Innocent', 'Innocent', 'Innocent', 'Innocent', 'Innocent', 'Innocent', 'Innocent', 'Innocent', 'Innocent', 'Innocent', 'Innocent', 'Innocent', 'Innocent', 'Innocent', 'Innocent', 'Innocent', 'Innocent', 'Innocent', 'Innocent', 'Innocent', 'Innocent', 'Innocent', 'Innocent', 'Innocent', 'Innocent', 'Innocent', 'Innocent', 'Innocent', 'Innocent', 'Innocent', 'Innocent', 'Innocent', 'Innocent', 'Innocent', 'Innocent', 'Innocent', 'Innocent', 'Innocent', 'Innocent', 'Innocent', 'Innocent', 'Innocent', 'Innocent', 'Innocent', 'Innocent', 'Innocent', 'Innocent', 'Innocent', 'Innocent', 'Innocent', 'Innocent', 'Innocent', 'Innocent', 'Innocent', 'Innocent', 'Innocent', 'Innocent', 'Innocent', 'Innocent', 'Innocent', 'Innocent', 'Innocent', 'Innocent', 'Innocent', 'Innocent', 'Innocent', 'Innocent', 'Innocent', 'Innocent', 'Innocent', 'Innocent', 'Innocent', 'Innocent', 'Innocent', 'Innocent', 'Innocent', 'Innocent', 'Innocent', 'Innocent', 'Innocent', 'Innocent', 'Innocent', 'Innocent', 'Innocent', 'Innocent', 'Innocent', 'Innocent', 'Innocent', 'Innocent', 'Innocent', 'Innocent', 'Innocent', 'Innocent', 'Innocent', 'Innocent', 'Innocent', 'Innocent', 'Innocent', 'Innocent', 'Innocent', 'Innocent', 'Innocent', 'Innocent', 'Innocent', 'Innocent', 'Innocent', 'Innocent', 'Innocent', 'Innocent', 'Innocent', 'Innocent', 'Innocent', 'Innocent', 'Innocent', 'Innocent', 'Innocent', 'Innocent', 'Innocent', 'Innocent', 'Innocent', 'Innocent', 'Innocent', 'Innocent', 'Innocent', 'Innocent', 'Innocent', 'Innocent', 'Innocent', 'Innocent', 'Innocent', 'Innocent', 'Innocent', 'Innocent', 'Innocent', 'Innocent', 'Innocent', 'Innocent', 'Innocent', 'Innocent', 'Innocent', 'Innocent', 'Innocent', 'Innocent', 'Innocent', 'Innocent', 'Innocent', 'Innocent', 'Innocent', 'Innocent', 'Innocent', 'Innocent', 'Innocent', 'Innocent', 'Innocent', 'Innocent', 'Innocent', 'Innocent', 'Innocent', 'Innocent', 'Innocent', 'Innocent', 'Innocent', 'Innocent', 'Innocent', 'Innocent', 'Innocent', 'Innocent', 'Innocent', 'Innocent', 'Innocent', 'Innocent', 'Innocent', 'Innocent', 'Innocent', 'Innocent', 'Innocent', 'Innocent', 'Innocent', 'Innocent', 'Innocent', 'Innocent', 'Innocent', 'Innocent', 'Innocent', 'Innocent', 'Innocent', 'Innocent', 'Innocent', 'Innocent', 'Innocent', 'Innocent', 'Innocent', 'Innocent', 'Innocent', 'Innocent', 'Innocent', 'Innocent', 'Innocent', 'Innocent', 'Innocent', 'Innocent', 'Innocent', 'Innocent', 'Innocent', 'Innocent', 'Innocent', 'Innocent', 'Innocent', 'Innocent', 'Innocent', 'Innocent', 'Innocent', 'Innocent', 'Innocent', 'Innocent', 'Innocent', 'Innocent', 'Innocent', 'Innocent', 'Innocent', 'Innocent', 'Innocent', 'Innocent', 'Innocent', 'Innocent', 'Innocent', 'Innocent', 'Innocent', 'Innocent', 'Innocent', 'Innocent', 'Innocent', 'Innocent', 'Innocent', 'Innocent', 'Innocent', 'Innocent', 'Innocent', 'Innocent', 'Innocent', 'Innocent', 'Innocent', 'Innocent', 'Innocent', 'Innocent', 'Innocent', 'Innocent', 'Innocent', 'Innocent', 'Innocent', 'Innocent', 'Innocent', 'Innocent', 'Innocent', 'Innocent', 'Innocent', 'Innocent', 'Innocent', 'Innocent', 'Innocent', 'Innocent', 'Innocent', 'Innocent', 'Innocent', 'Innocent', 'Innocent', 'Innocent', 'Innocent', 'Innocent', 'Innocent', 'Innocent', 'Innocent', 'Innocent', 'Innocent', 'Innocent', 'Innocent', 'Innocent', 'Innocent', 'Innocent', 'Innocent', 'Innocent', 'Innocent', 'Innocent', 'Innocent', 'Innocent', 'Innocent', 'Innocent', 'Innocent', 'Innocent', 'Innocent', 'Innocent', 'Innocent', 'Innocent', 'Innocent', 'Innocent', 'Innocent', 'Innocent', 'Innocent', 'Innocent', 'Innocent', 'Innocent', 'Innocent', 'Innocent', 'Innocent', 'Innocent', 'Innocent', 'Innocent', 'Innocent', 'Innocent', 'Innocent', 'Innocent', 'Innocent', 'Innocent', 'Innocent', 'Innocent', 'Innocent', 'Innocent', 'Innocent', 'Innocent', 'Innocent', 'Innocent', 'Innocent', 'Innocent', 'Innocent', 'Innocent', 'Innocent', 'Innocent', 'Innocent', 'Innocent', 'Innocent', 'Innocent', 'Innocent', 'Innocent', 'Innocent', 'Innocent', 'Innocent', 'Innocent', 'Innocent', 'Innocent', 'Innocent', 'Innocent', 'Innocent', 'Innocent', 'Innocent', 'Innocent', 'Innocent', 'Innocent', 'Innocent', 'Innocent', 'Innocent', 'Innocent', 'Innocent', 'Innocent', 'Innocent', 'Innocent', 'Innocent', 'Innocent', 'Innocent', 'Innocent', 'Innocent', 'Innocent', 'Innocent', 'Innocent', 'Innocent', 'Innocent', 'Innocent', 'Innocent', 'Innocent', 'Innocent', 'Innocent', 'Innocent', 'Innocent', 'Innocent', 'Innocent', 'Innocent', 'Innocent', 'Innocent', 'Innocent', 'Innocent', 'Innocent', 'Innocent', 'Innocent', 'Innocent', 'Innocent', 'Innocent', 'Innocent', 'Innocent', 'Innocent', 'Innocent', 'Innocent', 'Innocent', 'Innocent', 'Innocent', 'Innocent', 'Innocent', 'Innocent', 'Innocent', 'Innocent', 'Innocent', 'Innocent', 'Innocent', 'Innocent', 'Innocent', 'Innocent', 'Innocent', 'Innocent', 'Innocent', 'Innocent', 'Innocent', 'Innocent', 'Innocent', 'Innocent', 'Innocent', 'Innocent', 'Innocent', 'Innocent', 'Innocent', 'Innocent', 'Innocent', 'Innocent', 'Innocent', 'Innocent', 'Innocent', 'Innocent', 'Innocent', 'Innocent', 'Innocent', 'Innocent', 'Innocent', 'Innocent', 'Innocent', 'Innocent', 'Innocent', 'Innocent', 'Innocent', 'Innocent', 'Innocent', 'Innocent', 'Innocent', 'Innocent', 'Innocent', 'Innocent', 'Innocent', 'Innocent', 'Innocent', 'Innocent', 'Innocent', 'Innocent', 'Innocent', 'Innocent', 'Innocent', 'Innocent', 'Innocent', 'Innocent', 'Innocent', 'Innocent', 'Innocent', 'Innocent', 'Innocent', 'Innocent', 'Innocent', 'Innocent', 'Innocent', 'Innocent', 'Innocent', 'Innocent', 'Innocent', 'Innocent', 'Innocent', 'Innocent', 'Innocent', 'Innocent', 'Innocent', 'Innocent', 'Innocent', 'Innocent', 'Innocent', 'Innocent', 'Innocent', 'Innocent', 'Innocent', 'Innocent', 'Innocent', 'Innocent', 'Innocent', 'Innocent', 'Innocent', 'Innocent', 'Innocent', 'Innocent', 'Innocent', 'Innocent', 'Innocent', 'Innocent', 'Innocent', 'Innocent', 'Innocent', 'Innocent', 'Innocent', 'Innocent', 'Innocent', 'Innocent', 'Innocent', 'Innocent', 'Innocent', 'Innocent', 'Innocent', 'Innocent', 'Innocent', 'Innocent', 'Innocent', 'Innocent', 'Innocent', 'Innocent', 'Innocent', 'Innocent', 'Innocent', 'Innocent', 'Innocent', 'Innocent', 'Innocent', 'Innocent', 'Innocent', 'Innocent', 'Innocent', 'Innocent', 'Innocent', 'Innocent', 'Innocent', 'Innocent', 'Innocent', 'Innocent', 'Innocent', 'Innocent', 'Innocent', 'Innocent', 'Innocent', 'Innocent', 'Innocent', 'Innocent', 'Innocent', 'Innocent', 'Innocent', 'Innocent', 'Innocent', 'Innocent', 'Innocent', 'Innocent', 'Innocent', 'Innocent', 'Innocent', 'Innocent', 'Innocent', 'Innocent', 'Innocent', 'Innocent', 'Innocent', 'Innocent', 'Innocent', 'Innocent', 'Innocent', 'Innocent', 'Innocent', 'Innocent', 'Innocent', 'Innocent', 'Innocent', 'Innocent', 'Innocent', 'Innocent', 'Innocent', 'Innocent', 'Innocent', 'Innocent', 'Innocent', 'Innocent', 'Innocent', 'Innocent', 'Innocent', 'Innocent', 'Innocent', 'Innocent', 'Innocent', 'Innocent', 'Innocent', 'Innocent', 'Innocent', 'Innocent', 'Innocent', 'Innocent', 'Innocent', 'Innocent', 'Innocent', 'Innocent', 'Innocent', 'Innocent', 'Innocent', 'Innocent', 'Innocent', 'Innocent', 'Innocent', 'Innocent', 'Innocent', 'Innocent', 'Innocent', 'Innocent', 'Innocent', 'Innocent', 'Innocent', 'Innocent', 'Innocent', 'Innocent', 'Innocent', 'Innocent', 'Innocent', 'Innocent', 'Innocent', 'Innocent', 'Innocent', 'Innocent', 'Innocent', 'Innocent', 'Innocent', 'Innocent', 'Innocent', 'Innocent', 'Innocent', 'Innocent', 'Innocent', 'Innocent', 'Innocent', 'Innocent', 'Innocent', 'Innocent', 'Innocent', 'Innocent', 'Innocent', 'Innocent', 'Innocent', 'Innocent', 'Innocent', 'Innocent', 'Innocent', 'Innocent', 'Innocent', 'Innocent', 'Innocent', 'Innocent', 'Innocent', 'Innocent', 'Innocent', 'Innocent', 'Innocent', 'Innocent', 'Innocent', 'Innocent', 'Innocent', 'Innocent', 'Innocent', 'Innocent', 'Innocent', 'Innocent', 'Innocent', 'Innocent', 'Innocent', 'Innocent', 'Innocent', 'Innocent', 'Innocent', 'Innocent', 'Innocent', 'Innocent', 'Innocent', 'Innocent', 'Innocent', 'Innocent', 'Innocent', 'Innocent', 'Innocent', 'Innocent', 'Innocent', 'Innocent', 'Innocent', 'Innocent', 'Innocent', 'Innocent', 'Innocent', 'Innocent', 'Innocent', 'Innocent', 'Innocent', 'Innocent', 'Innocent', 'Innocent', 'Innocent', 'Innocent', 'Innocent', 'Innocent', 'Innocent', 'Innocent', 'Innocent', 'Innocent', 'Innocent', 'Innocent', 'Innocent', 'Innocent', 'Innocent', 'Innocent', 'Innocent', 'Innocent', 'Innocent', 'Innocent', 'Innocent', 'Innocent', 'Innocent', 'Innocent', 'Innocent', 'Innocent', 'Innocent', 'Innocent', 'Innocent', 'Innocent', 'Innocent', 'Innocent', 'Innocent', 'Innocent', 'Innocent', 'Innocent', 'Innocent', 'Innocent', 'Innocent', 'Innocent', 'Innocent', 'Innocent', 'Innocent', 'Innocent', 'Innocent', 'Innocent', 'Innocent', 'Innocent', 'Innocent', 'Innocent', 'Innocent', 'Innocent', 'Innocent', 'Innocent', 'Innocent', 'Innocent', 'Innocent', 'Innocent', 'Innocent', 'Innocent', 'Innocent', 'Innocent', 'Innocent', 'Innocent', 'Innocent', 'Innocent', 'Innocent', 'Innocent', 'Innocent', 'Innocent', 'Innocent', 'Innocent', 'Innocent', 'Innocent', 'Innocent', 'Innocent', 'Innocent', 'Innocent', 'Innocent', 'Innocent', 'Innocent', 'Innocent', 'Innocent', 'Innocent', 'Innocent', 'Innocent', 'Innocent', 'Innocent', 'Innocent', 'Innocent', 'Innocent', 'Innocent', 'Innocent', 'Innocent', 'Innocent', 'Innocent', 'Innocent', 'Innocent', 'Innocent', 'Innocent', 'Innocent', 'Innocent', 'Innocent', 'Innocent', 'Innocent', 'Innocent', 'Innocent', 'Innocent', 'Innocent', 'Innocent', 'Innocent', 'Innocent', 'Innocent', 'Innocent', 'Innocent', 'Innocent', 'Innocent', 'Innocent', 'Innocent', 'Innocent', 'Innocent', 'Innocent', 'Innocent', 'Innocent', 'Innocent', 'Innocent', 'Innocent', 'Innocent', 'Innocent', 'Innocent', 'Innocent', 'Innocent', 'Innocent', 'Innocent', 'Innocent', 'Innocent', 'Innocent', 'Innocent', 'Innocent', 'Innocent', 'Innocent', 'Innocent', 'Innocent', 'Innocent', 'Innocent', 'Innocent', 'Innocent', 'Innocent', 'Innocent', 'Innocent', 'Innocent', 'Innocent', 'Innocent', 'Innocent', 'Innocent', 'Innocent', 'Innocent', 'Innocent', 'Innocent', 'Innocent', 'Innocent', 'Innocent', 'Innocent', 'Innocent', 'Innocent', 'Innocent', 'Innocent', 'Innocent', 'Innocent', 'Innocent', 'Innocent', 'Innocent', 'Innocent', 'Innocent', 'Innocent', 'Innocent', 'Innocent', 'Innocent', 'Innocent', 'Innocent', 'Innocent', 'Innocent', 'Innocent', 'Innocent', 'Innocent', 'Innocent', 'Innocent', 'Innocent', 'Innocent', 'Innocent', 'Innocent', 'Innocent', 'Innocent', 'Innocent', 'Innocent', 'Innocent', 'Innocent', 'Innocent', 'Innocent', 'Innocent', 'Innocent', 'Innocent', 'Innocent', 'Innocent', 'Innocent', 'Innocent', 'Innocent', 'Innocent', 'Innocent', 'Innocent', 'Innocent', 'Innocent', 'Innocent', 'Innocent', 'Innocent', 'Innocent', 'Innocent', 'Innocent', 'Innocent', 'Innocent', 'Innocent', 'Innocent', 'Innocent', 'Innocent', 'Innocent', 'Innocent', 'Innocent', 'Innocent', 'Innocent', 'Innocent', 'Innocent', 'Innocent', 'Innocent', 'Innocent', 'Innocent', 'Innocent', 'Innocent', 'Innocent', 'Innocent', 'Innocent', 'Innocent', 'Innocent', 'Innocent', 'Innocent', 'Innocent', 'Innocent', 'Innocent', 'Innocent', 'Innocent', 'Innocent', 'Innocent', 'Innocent', 'Innocent', 'Innocent', 'Innocent', 'Innocent', 'Innocent', 'Innocent', 'Innocent', 'Innocent', 'Innocent', 'Innocent', 'Innocent', 'Innocent', 'Innocent', 'Innocent', 'Innocent', 'Innocent', 'Innocent', 'Innocent', 'Innocent', 'Innocent', 'Innocent', 'Innocent', 'Innocent', 'Innocent', 'Innocent', 'Innocent', 'Innocent', 'Innocent', 'Innocent', 'Innocent', 'Innocent', 'Innocent', 'Innocent', 'Innocent', 'Innocent', 'Innocent', 'Innocent', 'Innocent', 'Innocent', 'Innocent', 'Innocent', 'Innocent', 'Innocent', 'Innocent', 'Innocent', 'Innocent', 'Innocent', 'Innocent', 'Innocent', 'Innocent', 'Innocent', 'Innocent', 'Innocent', 'Innocent', 'Innocent', 'Innocent', 'Innocent', 'Innocent', 'Innocent', 'Innocent', 'Innocent', 'Innocent', 'Innocent', 'Innocent', 'Innocent', 'Innocent', 'Innocent', 'Innocent', 'Innocent', 'Innocent', 'Innocent', 'Innocent', 'Innocent', 'Innocent', 'Innocent', 'Innocent', 'Innocent', 'Innocent', 'Innocent', 'Innocent', 'Innocent', 'Innocent', 'Innocent', 'Innocent', 'Innocent', 'Innocent', 'Innocent', 'Innocent', 'Innocent', 'Innocent', 'Innocent', 'Innocent', 'Innocent', 'Innocent', 'Innocent', 'Innocent', 'Innocent', 'Innocent', 'Innocent', 'Innocent', 'Innocent', 'Innocent', 'Innocent', 'Innocent', 'Innocent', 'Innocent', 'Innocent', 'Innocent', 'Innocent', 'Innocent', 'Innocent', 'Innocent', 'Innocent', 'Innocent', 'Innocent', 'Innocent', 'Innocent', 'Innocent', 'Innocent', 'Innocent', 'Innocent', 'Innocent', 'Innocent', 'Innocent', 'Innocent', 'Innocent', 'Innocent', 'Innocent', 'Innocent', 'Innocent', 'Innocent', 'Innocent', 'Innocent', 'Innocent', 'Innocent', 'Innocent', 'Innocent', 'Innocent', 'Innocent', 'Innocent', 'Innocent', 'Innocent', 'Innocent', 'Innocent', 'Innocent', 'Innocent', 'Innocent', 'Innocent', 'Innocent', 'Innocent', 'Innocent', 'Innocent', 'Innocent', 'Innocent', 'Innocent', 'Innocent', 'Innocent', 'Innocent', 'Innocent', 'Innocent', 'Innocent', 'Innocent', 'Innocent', 'Innocent', 'Innocent', 'Innocent', 'Innocent', 'Innocent', 'Innocent', 'Innocent', 'Innocent', 'Innocent', 'Innocent', 'Innocent', 'Innocent', 'Innocent', 'Innocent', 'Innocent', 'Innocent', 'Innocent', 'Innocent', 'Innocent', 'Innocent', 'Innocent', 'Innocent', 'Innocent', 'Innocent', 'Innocent', 'Innocent', 'Innocent', 'Innocent', 'Innocent', 'Innocent', 'Innocent', 'Innocent', 'Innocent', 'Innocent', 'Innocent', 'Innocent', 'Innocent', 'Innocent', 'Innocent', 'Innocent', 'Innocent', 'Innocent', 'Innocent', 'Innocent', 'Innocent', 'Innocent', 'Innocent', 'Innocent', 'Innocent', 'Innocent', 'Innocent', 'Innocent', 'Innocent', 'Innocent', 'Innocent', 'Innocent', 'Innocent', 'Innocent', 'Innocent', 'Innocent', 'Innocent', 'Innocent', 'Innocent', 'Innocent', 'Innocent', 'Innocent', 'Innocent', 'Innocent', 'Innocent', 'Innocent', 'Innocent', 'Innocent', 'Innocent', 'Innocent', 'Innocent', 'Innocent', 'Innocent', 'Innocent', 'Innocent', 'Innocent', 'Innocent', 'Innocent', 'Innocent', 'Innocent', 'Innocent', 'Innocent', 'Innocent', 'Innocent', 'Innocent', 'Innocent', 'Innocent', 'Innocent', 'Innocent', 'Innocent', 'Innocent', 'Innocent', 'Innocent', 'Innocent', 'Innocent', 'Innocent', 'Innocent', 'Innocent', 'Innocent', 'Innocent', 'Innocent', 'Innocent', 'Innocent', 'Innocent', 'Innocent', 'Innocent', 'Innocent', 'Innocent', 'Innocent', 'Innocent', 'Innocent', 'Innocent', 'Innocent', 'Innocent', 'Innocent', 'Innocent', 'Innocent', 'Innocent', 'Innocent', 'Innocent', 'Innocent', 'Innocent', 'Innocent', 'Innocent', 'Innocent', 'Innocent', 'Innocent', 'Innocent', 'Innocent', 'Innocent', 'Innocent', 'Innocent', 'Innocent', 'Innocent', 'Innocent', 'Innocent', 'Innocent', 'Innocent', 'Innocent', 'Innocent', 'Innocent', 'Innocent', 'Innocent', 'Innocent', 'Innocent', 'Innocent', 'Innocent', 'Innocent', 'Innocent', 'Innocent', 'Innocent', 'Innocent', 'Innocent', 'Innocent', 'Innocent', 'Innocent', 'Innocent', 'Innocent', 'Innocent', 'Innocent', 'Innocent', 'Innocent', 'Innocent', 'Innocent', 'Innocent', 'Innocent', 'Innocent', 'Innocent', 'Innocent', 'Innocent', 'Innocent', 'Innocent', 'Innocent', 'Innocent', 'Innocent', 'Innocent', 'Innocent', 'Innocent', 'Innocent', 'Innocent', 'Innocent', 'Innocent', 'Innocent', 'Innocent', 'Innocent', 'Innocent', 'Innocent', 'Innocent', 'Innocent', 'Innocent', 'Innocent', 'Innocent', 'Innocent', 'Innocent', 'Innocent', 'Innocent', 'Innocent', 'Innocent', 'Innocent', 'Innocent', 'Innocent', 'Innocent', 'Innocent', 'Innocent', 'Innocent', 'Innocent', 'Innocent', 'Innocent', 'Innocent', 'Innocent', 'Innocent', 'Innocent', 'Innocent', 'Innocent', 'Innocent', 'Innocent', 'Innocent', 'Innocent', 'Innocent', 'Innocent', 'Innocent', 'Innocent', 'Innocent', 'Innocent', 'Innocent', 'Innocent', 'Innocent', 'Innocent', 'Innocent', 'Innocent', 'Innocent', 'Innocent', 'Innocent', 'Innocent', 'Innocent', 'Innocent', 'Innocent', 'Innocent', 'Innocent', 'Innocent', 'Innocent', 'Innocent', 'Innocent', 'Innocent', 'Innocent', 'Innocent', 'Innocent', 'Innocent', 'Innocent', 'Innocent', 'Innocent', 'Innocent', 'Innocent', 'Innocent', 'Innocent', 'Innocent', 'Innocent', 'Innocent', 'Innocent', 'Innocent', 'Innocent', 'Innocent', 'Innocent', 'Innocent', 'Innocent', 'Innocent', 'Innocent', 'Innocent', 'Innocent', 'Innocent', 'Innocent', 'Innocent', 'Innocent', 'Innocent', 'Innocent', 'Innocent', 'Innocent', 'Innocent', 'Innocent', 'Innocent', 'Innocent', 'Innocent', 'Innocent', 'Innocent', 'Innocent', 'Innocent', 'Innocent', 'Innocent', 'Innocent', 'Innocent', 'Innocent', 'Innocent', 'Innocent', 'Innocent', 'Innocent', 'Innocent', 'Innocent', 'Innocent', 'Innocent', 'Innocent', 'Innocent', 'Innocent', 'Innocent', 'Innocent', 'Innocent', 'Innocent', 'Innocent', 'Innocent', 'Innocent', 'Innocent', 'Innocent', 'Innocent', 'Innocent', 'Innocent', 'Innocent', 'Innocent', 'Innocent', 'Innocent', 'Innocent', 'Innocent', 'Innocent', 'Innocent', 'Innocent', 'Innocent', 'Innocent', 'Innocent', 'Innocent', 'Innocent', 'Innocent', 'Innocent', 'Innocent', 'Innocent', 'Innocent', 'Innocent', 'Innocent', 'Innocent', 'Innocent', 'Innocent', 'Innocent', 'Innocent', 'Innocent', 'Innocent', 'Innocent', 'Innocent', 'Innocent', 'Innocent', 'Innocent', 'Innocent', 'Innocent', 'Innocent', 'Innocent', 'Innocent', 'Innocent', 'Innocent', 'Innocent', 'Innocent', 'Innocent', 'Innocent', 'Innocent', 'Innocent', 'Innocent', 'Innocent', 'Innocent', 'Innocent', 'Innocent', 'Innocent', 'Innocent', 'Innocent', 'Innocent', 'Innocent', 'Innocent', 'Innocent', 'Innocent', 'Innocent', 'Innocent', 'Innocent', 'Innocent', 'Innocent', 'Innocent', 'Innocent', 'Innocent', 'Innocent', 'Innocent', 'Innocent', 'Innocent', 'Innocent', 'Innocent', 'Innocent', 'Innocent', 'Innocent', 'Innocent', 'Innocent', 'Innocent', 'Innocent', 'Innocent', 'Innocent', 'Innocent', 'Innocent', 'Innocent', 'Innocent', 'Innocent', 'Innocent', 'Innocent', 'Innocent', 'Innocent', 'Innocent', 'Innocent', 'Innocent', 'Innocent', 'Innocent', 'Innocent', 'Innocent', 'Innocent', 'Innocent', 'Innocent', 'Innocent', 'Innocent', 'Innocent', 'Innocent', 'Innocent', 'Innocent', 'Innocent', 'Innocent', 'Innocent', 'Innocent', 'Innocent', 'Innocent', 'Innocent', 'Innocent', 'Innocent', 'Innocent', 'Innocent', 'Innocent', 'Innocent', 'Innocent', 'Innocent', 'Innocent', 'Innocent', 'Innocent', 'Innocent', 'Innocent', 'Innocent', 'Innocent', 'Innocent', 'Innocent', 'Innocent', 'Innocent', 'Innocent', 'Innocent', 'Innocent', 'Innocent', 'Innocent', 'Innocent', 'Innocent', 'Innocent', 'Innocent', 'Innocent', 'Innocent', 'Innocent', 'Innocent', 'Innocent', 'Innocent', 'Innocent', 'Innocent', 'Innocent', 'Innocent', 'Innocent', 'Innocent', 'Innocent', 'Innocent', 'Innocent', 'Innocent', 'Innocent', 'Innocent', 'Innocent', 'Innocent', 'Innocent', 'Innocent', 'Innocent', 'Innocent', 'Innocent', 'Innocent', 'Innocent', 'Innocent', 'Innocent', 'Innocent', 'Innocent', 'Innocent', 'Innocent', 'Innocent', 'Innocent', 'Innocent', 'Innocent', 'Innocent', 'Innocent', 'Innocent', 'Innocent', 'Innocent', 'Innocent', 'Innocent', 'Innocent', 'Innocent', 'Innocent', 'Innocent', 'Innocent', 'Innocent', 'Innocent', 'Innocent', 'Innocent', 'Innocent', 'Innocent', 'Innocent', 'Innocent', 'Innocent', 'Innocent', 'Innocent', 'Innocent', 'Innocent', 'Innocent', 'Innocent', 'Innocent', 'Innocent', 'Innocent', 'Innocent', 'Innocent', 'Innocent', 'Innocent', 'Innocent', 'Innocent', 'Innocent', 'Innocent', 'Innocent', 'Innocent', 'Innocent', 'Innocent', 'Innocent', 'Innocent', 'Innocent', 'Innocent', 'Innocent', 'Innocent', 'Innocent', 'Innocent', 'Innocent', 'Innocent', 'Innocent', 'Innocent', 'Innocent', 'Innocent', 'Innocent', 'Innocent', 'Innocent', 'Innocent', 'Innocent', 'Innocent', 'Innocent', 'Innocent', 'Innocent', 'Innocent', 'Innocent', 'Innocent', 'Innocent', 'Innocent', 'Innocent', 'Innocent', 'Innocent', 'Innocent', 'Innocent', 'Innocent', 'Innocent', 'Innocent', 'Innocent', 'Innocent', 'Innocent', 'Innocent', 'Innocent', 'Innocent', 'Innocent', 'Innocent', 'Innocent', 'Innocent', 'Innocent', 'Innocent', 'Innocent', 'Innocent', 'Innocent', 'Innocent', 'Innocent', 'Innocent', 'Innocent', 'Innocent', 'Innocent', 'Innocent', 'Innocent', 'Innocent', 'Innocent', 'Innocent', 'Innocent', 'Innocent', 'Innocent', 'Innocent', 'Innocent', 'Innocent', 'Innocent', 'Innocent', 'Innocent', 'Innocent', 'Innocent', 'Innocent', 'Innocent', 'Innocent', 'Innocent', 'Innocent', 'Innocent', 'Innocent', 'Innocent', 'Innocent', 'Innocent', 'Innocent', 'Innocent', 'Innocent', 'Innocent', 'Innocent', 'Innocent', 'Innocent', 'Innocent', 'Innocent', 'Innocent', 'Innocent', 'Innocent', 'Innocent', 'Innocent', 'Innocent', 'Innocent', 'Innocent', 'Innocent', 'Innocent', 'Innocent', 'Innocent', 'Innocent', 'Innocent', 'Innocent', 'Innocent', 'Innocent', 'Innocent', 'Innocent', 'Innocent', 'Innocent', 'Innocent', 'Innocent', 'Innocent', 'Innocent', 'Innocent', 'Innocent', 'Innocent', 'Innocent', 'Innocent', 'Innocent', 'Innocent', 'Innocent', 'Innocent', 'Innocent', 'Innocent', 'Innocent', 'Innocent', 'Innocent', 'Innocent', 'Innocent', 'Innocent', 'Innocent', 'Innocent', 'Innocent', 'Innocent', 'Innocent', 'Innocent', 'Innocent', 'Innocent', 'Innocent', 'Innocent', 'Innocent', 'Innocent', 'Innocent', 'Innocent', 'Innocent', 'Innocent', 'Innocent', 'Innocent', 'Innocent', 'Innocent', 'Innocent', 'Innocent', 'Innocent', 'Innocent', 'Innocent', 'Innocent', 'Innocent', 'Innocent', 'Innocent', 'Innocent', 'Innocent', 'Innocent', 'Innocent', 'Innocent', 'Innocent', 'Innocent', 'Innocent', 'Innocent', 'Innocent', 'Innocent', 'Innocent', 'Innocent', 'Innocent', 'Innocent', 'Innocent', 'Innocent', 'Innocent', 'Innocent', 'Innocent', 'Innocent', 'Innocent', 'Innocent', 'Innocent', 'Innocent', 'Innocent', 'Innocent', 'Innocent', 'Innocent', 'Innocent', 'Innocent', 'Innocent', 'Innocent', 'Innocent', 'Innocent', 'Innocent', 'Innocent', 'Innocent', 'Innocent', 'Innocent', 'Innocent', 'Innocent', 'Innocent', 'Innocent', 'Innocent', 'Innocent', 'Innocent', 'Innocent', 'Innocent', 'Innocent', 'Innocent', 'Innocent', 'Innocent', 'Innocent', 'Innocent', 'Innocent', 'Innocent', 'Innocent', 'Innocent', 'Innocent', 'Innocent', 'Innocent', 'Innocent', 'Innocent', 'Innocent', 'Innocent', 'Innocent', 'Innocent', 'Innocent', 'Innocent', 'Innocent', 'Innocent', 'Innocent', 'Innocent', 'Innocent', 'Innocent', 'Innocent', 'Innocent', 'Innocent', 'Innocent', 'Innocent', 'Innocent', 'Innocent', 'Innocent', 'Innocent', 'Innocent', 'Innocent', 'Innocent', 'Innocent', 'Innocent', 'Innocent', 'Innocent', 'Innocent', 'Innocent', 'Innocent', 'Innocent', 'Innocent', 'Innocent', 'Innocent', 'Innocent', 'Innocent', 'Innocent', 'Innocent', 'Innocent', 'Innocent', 'Innocent', 'Innocent', 'Innocent', 'Innocent', 'Innocent', 'Innocent', 'Innocent', 'Innocent', 'Innocent', 'Innocent', 'Innocent', 'Innocent', 'Innocent', 'Innocent', 'Innocent', 'Innocent', 'Innocent', 'Innocent', 'Innocent', 'Innocent', 'Innocent', 'Innocent', 'Innocent', 'Innocent', 'Innocent', 'Innocent', 'Innocent', 'Innocent', 'Innocent', 'Innocent', 'Innocent', 'Innocent', 'Innocent', 'Innocent', 'Innocent', 'Innocent', 'Innocent', 'Innocent', 'Innocent', 'Innocent', 'Innocent', 'Innocent', 'Innocent', 'Innocent', 'Innocent', 'Innocent', 'Innocent', 'Innocent', 'Innocent', 'Innocent', 'Innocent', 'Innocent', 'Innocent', 'Innocent', 'Innocent', 'Innocent', 'Innocent', 'Innocent', 'Innocent', 'Innocent', 'Innocent', 'Innocent', 'Innocent', 'Innocent', 'Innocent', 'Innocent', 'Innocent', 'Innocent', 'Innocent', 'Innocent', 'Innocent', 'Innocent', 'Innocent', 'Innocent', 'Innocent', 'Innocent', 'Innocent', 'Innocent', 'Innocent', 'Innocent', 'Innocent', 'Innocent', 'Innocent', 'Innocent', 'Innocent', 'Innocent', 'Innocent', 'Innocent', 'Innocent', 'Innocent', 'Innocent', 'Innocent', 'Innocent', 'Innocent', 'Innocent', 'Innocent', 'Innocent', 'Innocent', 'Innocent', 'Innocent', 'Innocent', 'Innocent', 'Innocent', 'Innocent', 'Innocent', 'Innocent', 'Innocent', 'Innocent', 'Innocent', 'Innocent', 'Innocent', 'Innocent', 'Innocent', 'Innocent', 'Innocent', 'Innocent', 'Innocent', 'Innocent', 'Innocent', 'Innocent', 'Innocent', 'Innocent', 'Innocent', 'Innocent', 'Innocent', 'Innocent', 'Innocent', 'Innocent', 'Innocent', 'Innocent', 'Innocent', 'Innocent', 'Innocent', 'Innocent', 'Innocent', 'Innocent', 'Innocent', 'Innocent', 'Innocent', 'Innocent', 'Innocent', 'Innocent', 'Innocent', 'Innocent', 'Innocent', 'Innocent', 'Innocent', 'Innocent', 'Innocent', 'Innocent', 'Innocent', 'Innocent', 'Innocent', 'Innocent', 'Innocent', 'Innocent', 'Innocent', 'Innocent', 'Innocent', 'Innocent', 'Innocent', 'Innocent', 'Innocent', 'Innocent', 'Innocent', 'Innocent', 'Innocent', 'Innocent', 'Innocent', 'Innocent', 'Innocent', 'Innocent', 'Innocent', 'Innocent', 'Innocent', 'Innocent', 'Innocent', 'Innocent', 'Innocent', 'Innocent', 'Innocent', 'Innocent', 'Innocent', 'Innocent', 'Innocent', 'Innocent', 'Innocent', 'Innocent', 'Innocent', 'Innocent', 'Innocent', 'Innocent', 'Innocent', 'Innocent', 'Innocent', 'Innocent', 'Innocent', 'Innocent', 'Innocent', 'Innocent', 'Innocent', 'Innocent', 'Innocent', 'Innocent', 'Innocent', 'Innocent', 'Innocent', 'Innocent', 'Innocent', 'Innocent', 'Innocent', 'Innocent', 'Innocent', 'Innocent', 'Innocent', 'Innocent', 'Innocent', 'Innocent', 'Innocent', 'Innocent', 'Innocent', 'Innocent', 'Innocent', 'Innocent', 'Innocent', 'Innocent', 'Innocent', 'Innocent', 'Innocent', 'Innocent', 'Innocent', 'Innocent', 'Innocent', 'Innocent', 'Innocent', 'Innocent', 'Innocent', 'Innocent', 'Innocent', 'Innocent', 'Innocent', 'Innocent', 'Innocent', 'Innocent', 'Innocent', 'Innocent', 'Innocent', 'Innocent', 'Innocent', 'Innocent', 'Innocent', 'Innocent', 'Innocent', 'Innocent', 'Innocent', 'Innocent', 'Innocent', 'Innocent', 'Innocent', 'Innocent', 'Innocent', 'Innocent', 'Innocent', 'Innocent', 'Innocent', 'Innocent', 'Innocent', 'Innocent', 'Innocent', 'Innocent', 'Innocent', 'Innocent', 'Innocent', 'Innocent', 'Innocent', 'Innocent', 'Innocent', 'Innocent', 'Innocent', 'Innocent', 'Innocent', 'Innocent', 'Innocent', 'Innocent', 'Innocent', 'Innocent', 'Innocent', 'Innocent', 'Innocent', 'Innocent', 'Innocent', 'Innocent', 'Innocent', 'Innocent', 'Innocent', 'Innocent', 'Innocent', 'Innocent', 'Innocent', 'Innocent', 'Innocent', 'Innocent', 'Innocent', 'Innocent', 'Innocent', 'Innocent', 'Innocent', 'Innocent', 'Innocent', 'Innocent', 'Innocent', 'Innocent', 'Innocent', 'Innocent', 'Innocent', 'Innocent', 'Innocent', 'Innocent', 'Innocent', 'Innocent', 'Innocent', 'Innocent', 'Innocent', 'Innocent', 'Innocent', 'Innocent', 'Innocent', 'Innocent', 'Innocent', 'Innocent', 'Innocent', 'Innocent', 'Innocent', 'Innocent', 'Innocent', 'Innocent', 'Innocent', 'Innocent', 'Innocent', 'Innocent', 'Innocent', 'Innocent', 'Innocent', 'Innocent', 'Innocent', 'Innocent', 'Innocent', 'Innocent', 'Innocent', 'Innocent', 'Innocent', 'Innocent', 'Innocent', 'Innocent', 'Innocent', 'Innocent', 'Innocent', 'Innocent', 'Innocent', 'Innocent', 'Innocent', 'Innocent', 'Innocent', 'Innocent', 'Innocent', 'Innocent', 'Innocent', 'Innocent', 'Innocent', 'Innocent', 'Innocent', 'Innocent', 'Innocent', 'Innocent', 'Innocent', 'Innocent', 'Innocent', 'Innocent', 'Innocent', 'Innocent', 'Innocent', 'Innocent', 'Innocent', 'Innocent', 'Innocent', 'Innocent', 'Innocent', 'Innocent', 'Innocent', 'Innocent', 'Innocent', 'Innocent', 'Innocent', 'Innocent', 'Innocent', 'Innocent', 'Innocent', 'Innocent', 'Innocent', 'Innocent', 'Innocent', 'Innocent', 'Innocent', 'Innocent', 'Innocent', 'Innocent', 'Innocent', 'Innocent', 'Innocent', 'Innocent', 'Innocent', 'Innocent', 'Innocent', 'Innocent', 'Innocent', 'Innocent', 'Innocent', 'Innocent', 'Innocent', 'Innocent', 'Innocent', 'Innocent', 'Innocent', 'Innocent', 'Innocent', 'Innocent', 'Innocent', 'Innocent', 'Innocent', 'Innocent', 'Innocent', 'Innocent', 'Innocent', 'Innocent', 'Innocent', 'Innocent', 'Innocent', 'Innocent', 'Innocent', 'Innocent', 'Innocent', 'Innocent', 'Innocent', 'Innocent', 'Innocent', 'Innocent', 'Innocent', 'Innocent', 'Innocent', 'Innocent', 'Innocent', 'Innocent', 'Innocent', 'Innocent', 'Innocent', 'Innocent', 'Innocent', 'Innocent', 'Innocent', 'Innocent', 'Innocent', 'Innocent', 'Innocent', 'Innocent', 'Innocent', 'Innocent', 'Innocent', 'Innocent', 'Innocent', 'Innocent', 'Innocent', 'Innocent', 'Innocent', 'Innocent', 'Innocent', 'Innocent', 'Innocent', 'Innocent', 'Innocent', 'Innocent', 'Innocent', 'Innocent', 'Innocent', 'Innocent', 'Innocent', 'Innocent', 'Innocent', 'Innocent', 'Innocent', 'Innocent', 'Innocent', 'Innocent', 'Innocent', 'Innocent', 'Innocent', 'Innocent', 'Innocent', 'Innocent', 'Innocent', 'Innocent', 'Innocent', 'Innocent', 'Innocent', 'Innocent', 'Innocent', 'Innocent', 'Innocent', 'Innocent', 'Innocent', 'Innocent', 'Innocent', 'Innocent', 'Innocent', 'Innocent', 'Innocent', 'Innocent', 'Innocent', 'Innocent', 'Innocent', 'Innocent', 'Innocent', 'Innocent', 'Innocent', 'Innocent', 'Innocent', 'Innocent', 'Innocent', 'Innocent', 'Innocent', 'Innocent', 'Innocent', 'Innocent', 'Innocent', 'Innocent', 'Innocent', 'Innocent', 'Innocent', 'Innocent', 'Innocent', 'Innocent', 'Innocent', 'Innocent', 'Innocent', 'Innocent', 'Innocent', 'Innocent', 'Innocent', 'Innocent', 'Innocent', 'Innocent', 'Innocent', 'Innocent', 'Innocent', 'Innocent', 'Innocent', 'Innocent', 'Innocent', 'Innocent', 'Innocent', 'Innocent', 'Innocent', 'Innocent', 'Innocent', 'Innocent', 'Innocent', 'Innocent', 'Innocent', 'Innocent', 'Innocent', 'Innocent', 'Innocent', 'Innocent', 'Innocent', 'Innocent', 'Innocent', 'Innocent', 'Innocent', 'Innocent', 'Innocent', 'Innocent', 'Innocent', 'Innocent', 'Innocent', 'Innocent', 'Innocent', 'Innocent', 'Innocent', 'Innocent', 'Innocent', 'Innocent', 'Innocent', 'Innocent', 'Innocent', 'Innocent', 'Innocent', 'Innocent', 'Innocent', 'Innocent', 'Innocent', 'Innocent', 'Innocent', 'Innocent', 'Innocent', 'Innocent', 'Innocent', 'Innocent', 'Innocent', 'Innocent', 'Innocent', 'Innocent', 'Innocent', 'Innocent', 'Innocent', 'Innocent', 'Innocent', 'Innocent', 'Innocent', 'Innocent', 'Innocent', 'Innocent', 'Innocent', 'Innocent', 'Innocent', 'Innocent', 'Innocent', 'Innocent', 'Innocent', 'Innocent', 'Innocent', 'Innocent', 'Innocent', 'Innocent', 'Innocent', 'Innocent', 'Innocent', 'Innocent', 'Innocent', 'Innocent', 'Innocent', 'Innocent', 'Innocent', 'Innocent', 'Innocent', 'Innocent', 'Innocent', 'Innocent', 'Innocent', 'Innocent', 'Innocent', 'Innocent', 'Innocent', 'Innocent', 'Innocent', 'Innocent', 'Innocent', 'Innocent', 'Innocent', 'Innocent', 'Innocent', 'Innocent', 'Innocent', 'Innocent', 'Innocent', 'Innocent', 'Innocent', 'Innocent', 'Innocent', 'Innocent', 'Innocent', 'Innocent', 'Innocent', 'Innocent', 'Innocent', 'Innocent', 'Innocent', 'Innocent', 'Innocent', 'Innocent', 'Innocent', 'Innocent', 'Innocent', 'Innocent', 'Innocent', 'Innocent', 'Innocent', 'Innocent', 'Innocent', 'Innocent', 'Innocent', 'Innocent', 'Innocent', 'Innocent', 'Innocent', 'Innocent', 'Innocent', 'Innocent', 'Innocent', 'Innocent', 'Innocent', 'Innocent', 'Innocent', 'Innocent', 'Innocent', 'Innocent', 'Innocent', 'Innocent', 'Innocent', 'Innocent', 'Innocent', 'Innocent', 'Innocent', 'Innocent', 'Innocent', 'Innocent', 'Innocent', 'Innocent', 'Innocent', 'Innocent', 'Innocent', 'Innocent', 'Innocent', 'Innocent', 'Innocent', 'Innocent', 'Innocent', 'Innocent', 'Innocent', 'Innocent', 'Innocent', 'Innocent', 'Innocent', 'Innocent', 'Innocent', 'Innocent', 'Innocent', 'Innocent', 'Innocent', 'Innocent', 'Innocent', 'Innocent', 'Innocent', 'Innocent', 'Innocent', 'Innocent', 'Innocent', 'Innocent', 'Innocent', 'Innocent', 'Innocent', 'Innocent', 'Innocent', 'Innocent', 'Innocent', 'Innocent', 'Innocent', 'Innocent', 'Innocent', 'Innocent', 'Innocent', 'Innocent', 'Innocent', 'Innocent', 'Innocent', 'Innocent', 'Innocent', 'Innocent', 'Innocent', 'Innocent', 'Innocent', 'Innocent', 'Innocent', 'Innocent', 'Innocent', 'Innocent', 'Innocent', 'Innocent', 'Innocent', 'Innocent', 'Innocent', 'Innocent', 'Innocent', 'Innocent', 'Innocent', 'Innocent', 'Innocent', 'Innocent', 'Innocent', 'Innocent', 'Innocent', 'Innocent', 'Innocent', 'Innocent', 'Innocent', 'Innocent', 'Innocent', 'Innocent', 'Innocent', 'Innocent', 'Innocent', 'Innocent', 'Innocent', 'Innocent', 'Innocent', 'Innocent', 'Innocent', 'Innocent', 'Innocent', 'Innocent', 'Innocent', 'Innocent', 'Innocent', 'Innocent', 'Innocent', 'Innocent', 'Innocent', 'Innocent', 'Innocent', 'Innocent', 'Innocent', 'Innocent', 'Innocent', 'Innocent', 'Innocent', 'Innocent', 'Innocent', 'Innocent', 'Innocent', 'Innocent', 'Innocent', 'Innocent', 'Innocent', 'Innocent', 'Innocent', 'Innocent', 'Innocent', 'Innocent', 'Innocent', 'Innocent', 'Innocent', 'Innocent', 'Innocent', 'Innocent', 'Innocent', 'Innocent', 'Innocent', 'Innocent', 'Innocent', 'Innocent', 'Innocent', 'Innocent', 'Innocent', 'Innocent', 'Innocent', 'Innocent', 'Innocent', 'Innocent', 'Innocent', 'Innocent', 'Innocent', 'Innocent', 'Innocent', 'Innocent', 'Innocent', 'Innocent', 'Innocent', 'Innocent', 'Innocent', 'Innocent', 'Innocent', 'Innocent', 'Innocent', 'Innocent', 'Innocent', 'Innocent', 'Innocent', 'Innocent', 'Innocent', 'Innocent', 'Innocent', 'Innocent', 'Innocent', 'Innocent', 'Innocent', 'Innocent', 'Innocent', 'Innocent', 'Innocent', 'Innocent', 'Innocent', 'Innocent', 'Innocent', 'Innocent', 'Innocent', 'Innocent', 'Innocent', 'Innocent', 'Innocent', 'Innocent', 'Innocent', 'Innocent', 'Innocent', 'Innocent', 'Innocent', 'Innocent', 'Innocent', 'Innocent', 'Innocent', 'Innocent', 'Innocent', 'Innocent', 'Innocent', 'Innocent', 'Innocent', 'Innocent', 'Innocent', 'Innocent', 'Innocent', 'Innocent', 'Innocent', 'Innocent', 'Innocent', 'Innocent', 'Innocent', 'Innocent', 'Innocent', 'Innocent', 'Innocent', 'Innocent', 'Innocent', 'Innocent', 'Innocent', 'Innocent', 'Innocent', 'Innocent', 'Innocent', 'Innocent', 'Innocent', 'Innocent', 'Innocent', 'Innocent', 'Innocent', 'Innocent', 'Innocent', 'Innocent', 'Innocent', 'Innocent', 'Innocent', 'Innocent', 'Innocent', 'Innocent', 'Innocent', 'Innocent', 'Innocent', 'Innocent', 'Innocent', 'Innocent', 'Innocent', 'Innocent', 'Innocent', 'Innocent', 'Innocent', 'Innocent', 'Innocent', 'Innocent', 'Innocent', 'Innocent', 'Innocent', 'Innocent', 'Innocent', 'Innocent', 'Innocent', 'Innocent', 'Innocent', 'Innocent', 'Innocent', 'Innocent', 'Innocent', 'Innocent', 'Innocent', 'Innocent', 'Innocent', 'Innocent', 'Innocent', 'Innocent', 'Innocent', 'Innocent', 'Innocent', 'Innocent', 'Innocent', 'Innocent', 'Innocent', 'Innocent', 'Innocent', 'Innocent', 'Innocent', 'Innocent', 'Innocent', 'Innocent', 'Innocent', 'Innocent', 'Innocent', 'Innocent', 'Innocent', 'Innocent', 'Innocent', 'Innocent', 'Innocent', 'Innocent', 'Innocent', 'Innocent', 'Innocent', 'Innocent', 'Innocent', 'Innocent', 'Innocent', 'Innocent', 'Innocent', 'Innocent', 'Innocent', 'Innocent', 'Innocent', 'Innocent', 'Innocent', 'Innocent', 'Innocent', 'Innocent', 'Innocent', 'Innocent', 'Innocent', 'Innocent', 'Innocent', 'Innocent', 'Innocent', 'Innocent', 'Innocent', 'Innocent', 'Innocent', 'Innocent', 'Innocent', 'Innocent', 'Innocent', 'Innocent', 'Innocent', 'Innocent', 'Innocent', 'Innocent', 'Innocent', 'Innocent', 'Innocent', 'Innocent', 'Innocent', 'Innocent', 'Innocent', 'Innocent', 'Innocent', 'Innocent', 'Innocent', 'Innocent', 'Innocent', 'Innocent', 'Innocent', 'Innocent', 'Innocent', 'Innocent', 'Innocent', 'Innocent', 'Innocent', 'Innocent', 'Innocent', 'Innocent', 'Innocent', 'Innocent', 'Innocent', 'Innocent', 'Innocent', 'Innocent', 'Innocent', 'Innocent', 'Innocent', 'Innocent', 'Innocent', 'Innocent', 'Innocent', 'Innocent', 'Innocent', 'Innocent', 'Innocent', 'Innocent', 'Innocent', 'Innocent', 'Innocent', 'Innocent', 'Innocent', 'Innocent', 'Innocent', 'Innocent', 'Innocent', 'Innocent', 'Innocent', 'Innocent', 'Innocent', 'Innocent', 'Innocent', 'Innocent', 'Innocent', 'Innocent', 'Innocent', 'Innocent', 'Innocent', 'Innocent', 'Innocent', 'Innocent', 'Innocent', 'Innocent', 'Innocent', 'Innocent', 'Innocent', 'Innocent', 'Innocent', 'Innocent', 'Innocent', 'Innocent', 'Innocent', 'Innocent', 'Innocent', 'Innocent', 'Innocent', 'Innocent', 'Innocent', 'Innocent', 'Innocent', 'Innocent', 'Innocent', 'Innocent', 'Innocent', 'Innocent', 'Innocent', 'Innocent', 'Innocent', 'Innocent', 'Innocent', 'Innocent', 'Innocent', 'Innocent', 'Innocent', 'Innocent', 'Innocent', 'Innocent', 'Innocent', 'Innocent', 'Innocent', 'Innocent', 'Innocent', 'Innocent', 'Innocent', 'Innocent', 'Innocent', 'Innocent', 'Innocent', 'Innocent', 'Innocent', 'Innocent', 'Innocent', 'Innocent', 'Innocent', 'Innocent', 'Innocent', 'Innocent', 'Innocent', 'Innocent', 'Innocent', 'Innocent', 'Innocent', 'Innocent', 'Innocent', 'Innocent', 'Innocent', 'Innocent', 'Innocent', 'Innocent', 'Innocent', 'Innocent', 'Innocent', 'Innocent', 'Innocent', 'Innocent', 'Innocent', 'Innocent', 'Innocent', 'Innocent', 'Innocent', 'Innocent', 'Innocent', 'Innocent', 'Innocent', 'Innocent', 'Innocent', 'Innocent', 'Innocent', 'Innocent', 'Innocent', 'Innocent', 'Innocent', 'Innocent', 'Innocent', 'Innocent', 'Innocent', 'Innocent', 'Innocent', 'Innocent', 'Innocent', 'Innocent', 'Innocent', 'Innocent', 'Innocent', 'Innocent', 'Innocent', 'Innocent', 'Innocent', 'Innocent', 'Innocent', 'Innocent', 'Innocent', 'Innocent', 'Innocent', 'Innocent', 'Innocent', 'Innocent', 'Innocent', 'Innocent', 'Innocent', 'Innocent', 'Innocent', 'Innocent', 'Innocent', 'Innocent', 'Innocent', 'Innocent', 'Innocent', 'Innocent', 'Innocent', 'Innocent', 'Innocent', 'Innocent', 'Innocent', 'Innocent', 'Innocent', 'Innocent', 'Innocent', 'Innocent', 'Innocent', 'Innocent', 'Innocent', 'Innocent', 'Innocent', 'Innocent', 'Innocent', 'Innocent', 'Innocent', 'Innocent', 'Innocent', 'Innocent', 'Innocent', 'Innocent', 'Innocent', 'Innocent', 'Innocent', 'Innocent', 'Innocent', 'Innocent', 'Innocent', 'Innocent', 'Innocent', 'Innocent', 'Innocent', 'Innocent', 'Innocent', 'Innocent', 'Innocent', 'Innocent', 'Innocent', 'Innocent', 'Innocent', 'Innocent', 'Innocent', 'Innocent', 'Innocent', 'Innocent', 'Innocent', 'Innocent', 'Innocent', 'Innocent', 'Innocent', 'Innocent', 'Innocent', 'Innocent', 'Innocent', 'Innocent', 'Innocent', 'Innocent', 'Innocent', 'Innocent', 'Innocent', 'Innocent', 'Innocent', 'Innocent', 'Innocent', 'Innocent', 'Innocent', 'Innocent', 'Innocent', 'Innocent', 'Innocent', 'Innocent', 'Innocent', 'Innocent', 'Innocent', 'Innocent', 'Innocent', 'Innocent', 'Innocent', 'Innocent', 'Innocent', 'Innocent', 'Innocent', 'Innocent', 'Innocent', 'Innocent', 'Innocent', 'Innocent', 'Innocent', 'Innocent', 'Innocent', 'Innocent', 'Innocent', 'Innocent', 'Innocent', 'Innocent', 'Innocent', 'Innocent', 'Innocent', 'Innocent', 'Innocent', 'Innocent', 'Innocent', 'Innocent', 'Innocent', 'Innocent', 'Innocent', 'Innocent', 'Innocent', 'Innocent', 'Innocent', 'Innocent', 'Innocent', 'Innocent', 'Innocent', 'Innocent', 'Innocent', 'Innocent', 'Innocent', 'Innocent', 'Innocent', 'Innocent', 'Innocent', 'Innocent', 'Innocent', 'Innocent', 'Innocent', 'Innocent', 'Innocent', 'Innocent', 'Innocent', 'Innocent', 'Innocent', 'Innocent', 'Innocent', 'Innocent', 'Innocent', 'Innocent', 'Innocent', 'Innocent', 'Innocent', 'Innocent', 'Innocent', 'Innocent', 'Innocent', 'Innocent', 'Innocent', 'Innocent', 'Innocent', 'Innocent', 'Innocent', 'Innocent', 'Innocent', 'Innocent', 'Innocent', 'Innocent', 'Innocent', 'Innocent', 'Innocent', 'Innocent', 'Innocent', 'Innocent', 'Innocent', 'Innocent', 'Innocent', 'Innocent', 'Innocent', 'Innocent', 'Innocent', 'Innocent', 'Innocent', 'Innocent', 'Innocent', 'Innocent', 'Innocent', 'Innocent', 'Innocent', 'Innocent', 'Innocent', 'Innocent', 'Innocent', 'Innocent', 'Innocent', 'Innocent', 'Innocent', 'Innocent', 'Innocent', 'Innocent', 'Innocent', 'Innocent', 'Innocent', 'Innocent', 'Innocent', 'Innocent', 'Innocent', 'Innocent', 'Innocent', 'Innocent', 'Innocent', 'Innocent', 'Innocent', 'Innocent', 'Innocent', 'Innocent', 'Innocent', 'Innocent', 'Innocent', 'Innocent', 'Innocent', 'Innocent', 'Innocent', 'Innocent', 'Innocent', 'Innocent', 'Innocent', 'Innocent', 'Innocent', 'Innocent', 'Innocent', 'Innocent', 'Innocent', 'Innocent', 'Innocent', 'Innocent', 'Innocent', 'Innocent', 'Innocent', 'Innocent', 'Innocent', 'Innocent', 'Innocent', 'Innocent', 'Innocent', 'Innocent', 'Innocent', 'Innocent', 'Innocent', 'Innocent', 'Innocent', 'Innocent', 'Innocent', 'Innocent', 'Innocent', 'Innocent', 'Innocent', 'Innocent', 'Innocent', 'Innocent', 'Innocent', 'Innocent', 'Innocent', 'Innocent', 'Innocent', 'Innocent', 'Innocent', 'Innocent', 'Innocent', 'Innocent', 'Innocent', 'Innocent', 'Innocent', 'Innocent', 'Innocent', 'Innocent', 'Innocent', 'Innocent', 'Innocent', 'Innocent', 'Innocent', 'Innocent', 'Innocent', 'Innocent', 'Innocent', 'Innocent', 'Innocent', 'Innocent', 'Innocent', 'Innocent', 'Innocent', 'Innocent', 'Innocent', 'Innocent', 'Innocent', 'Innocent', 'Innocent', 'Innocent', 'Innocent', 'Innocent', 'Innocent', 'Innocent', 'Innocent', 'Innocent', 'Innocent', 'Innocent', 'Innocent', 'Innocent', 'Innocent', 'Innocent', 'Innocent', 'Innocent', 'Innocent', 'Innocent', 'Innocent', 'Innocent', 'Innocent', 'Innocent', 'Innocent', 'Innocent', 'Innocent', 'Innocent', 'Innocent', 'Innocent', 'Innocent', 'Innocent', 'Innocent', 'Innocent', 'Innocent', 'Innocent', 'Innocent', 'Innocent', 'Innocent', 'Innocent', 'Innocent', 'Innocent', 'Innocent', 'Innocent', 'Innocent', 'Innocent', 'Innocent', 'Innocent', 'Innocent', 'Innocent', 'Innocent', 'Innocent', 'Innocent', 'Innocent', 'Innocent', 'Innocent', 'Innocent', 'Innocent', 'Innocent', 'Innocent', 'Innocent', 'Innocent', 'Innocent', 'Innocent', 'Innocent', 'Innocent', 'Innocent', 'Innocent', 'Innocent', 'Innocent', 'Innocent', 'Innocent', 'Innocent', 'Innocent', 'Innocent', 'Innocent', 'Innocent', 'Innocent', 'Innocent', 'Innocent', 'Innocent', 'Innocent', 'Innocent', 'Innocent', 'Innocent', 'Innocent', 'Innocent', 'Innocent', 'Innocent', 'Innocent', 'Innocent', 'Innocent', 'Innocent', 'Innocent', 'Innocent', 'Innocent', 'Innocent', 'Innocent', 'Innocent', 'Innocent', 'Innocent', 'Innocent', 'Innocent', 'Innocent', 'Innocent', 'Innocent', 'Innocent', 'Innocent', 'Innocent', 'Innocent', 'Innocent', 'Innocent', 'Innocent', 'Innocent', 'Innocent', 'Innocent', 'Innocent', 'Innocent', 'Innocent', 'Innocent', 'Innocent', 'Innocent', 'Innocent', 'Innocent', 'Innocent', 'Innocent', 'Innocent', 'Innocent', 'Innocent', 'Innocent', 'Innocent', 'Innocent', 'Innocent', 'Innocent', 'Innocent', 'Innocent', 'Innocent', 'Innocent', 'Innocent', 'Innocent', 'Innocent', 'Innocent', 'Innocent', 'Innocent', 'Innocent', 'Innocent', 'Innocent', 'Innocent', 'Innocent', 'Innocent', 'Innocent', 'Innocent', 'Innocent', 'Innocent', 'Innocent', 'Innocent', 'Innocent', 'Innocent', 'Innocent', 'Innocent', 'Innocent', 'Innocent', 'Innocent', 'Innocent', 'Innocent', 'Innocent', 'Innocent', 'Innocent', 'Innocent', 'Innocent', 'Innocent', 'Innocent', 'Innocent', 'Innocent', 'Innocent', 'Innocent', 'Innocent', 'Innocent', 'Innocent', 'Innocent', 'Innocent', 'Innocent', 'Innocent', 'Innocent', 'Innocent', 'Innocent', 'Innocent', 'Innocent', 'Innocent', 'Innocent', 'Innocent', 'Innocent', 'Innocent', 'Innocent', 'Innocent', 'Innocent', 'Innocent', 'Innocent', 'Innocent', 'Innocent', 'Innocent', 'Innocent', 'Innocent', 'Innocent', 'Innocent', 'Innocent', 'Innocent', 'Innocent', 'Innocent', 'Innocent', 'Innocent', 'Innocent', 'Innocent', 'Innocent', 'Innocent', 'Innocent', 'Innocent', 'Innocent', 'Innocent', 'Innocent', 'Innocent', 'Innocent', 'Innocent', 'Innocent', 'Innocent', 'Innocent', 'Innocent', 'Innocent', 'Innocent', 'Innocent', 'Innocent', 'Innocent', 'Innocent', 'Innocent', 'Innocent', 'Innocent', 'Innocent', 'Innocent', 'Innocent', 'Innocent', 'Innocent', 'Innocent', 'Innocent', 'Innocent', 'Innocent', 'Innocent', 'Innocent', 'Innocent', 'Innocent', 'Innocent', 'Innocent', 'Innocent', 'Innocent', 'Innocent', 'Innocent', 'Innocent', 'Innocent', 'Innocent', 'Innocent', 'Innocent', 'Innocent', 'Innocent', 'Innocent', 'Innocent', 'Innocent', 'Innocent', 'Innocent', 'Innocent', 'Innocent', 'Innocent', 'Innocent', 'Innocent', 'Innocent', 'Innocent', 'Innocent', 'Innocent', 'Innocent', 'Innocent', 'Innocent', 'Innocent', 'Innocent', 'Innocent', 'Innocent', 'Innocent', 'Innocent', 'Innocent', 'Innocent', 'Innocent', 'Innocent', 'Innocent', 'Innocent', 'Innocent', 'Innocent', 'Innocent', 'Innocent', 'Innocent', 'Innocent', 'Innocent', 'Innocent', 'Innocent', 'Innocent', 'Innocent', 'Innocent', 'Innocent', 'Innocent', 'Innocent', 'Innocent', 'Innocent', 'Innocent', 'Innocent', 'Innocent', 'Innocent', 'Innocent', 'Innocent', 'Innocent', 'Innocent', 'Innocent', 'Innocent', 'Innocent', 'Innocent', 'Innocent', 'Innocent', 'Innocent', 'Innocent', 'Innocent', 'Innocent', 'Innocent', 'Innocent', 'Innocent', 'Innocent', 'Innocent', 'Innocent', 'Innocent', 'Innocent', 'Innocent', 'Innocent', 'Innocent', 'Innocent', 'Innocent', 'Innocent', 'Innocent', 'Innocent', 'Innocent', 'Innocent', 'Innocent', 'Innocent', 'Innocent', 'Innocent', 'Innocent', 'Innocent', 'Innocent', 'Innocent', 'Innocent', 'Innocent', 'Innocent', 'Innocent', 'Innocent', 'Innocent', 'Innocent', 'Innocent', 'Innocent', 'Innocent', 'Innocent', 'Innocent', 'Innocent', 'Innocent', 'Innocent', 'Innocent', 'Innocent', 'Innocent', 'Innocent', 'Innocent', 'Innocent', 'Innocent', 'Innocent', 'Innocent', 'Innocent', 'Innocent', 'Innocent', 'Innocent', 'Innocent', 'Innocent', 'Innocent', 'Innocent', 'Innocent', 'Innocent', 'Innocent', 'Innocent', 'Innocent', 'Innocent', 'Innocent', 'Innocent', 'Innocent', 'Innocent', 'Innocent', 'Innocent', 'Innocent', 'Innocent', 'Innocent', 'Innocent', 'Innocent', 'Innocent', 'Innocent', 'Innocent', 'Innocent', 'Innocent', 'Innocent', 'Innocent', 'Innocent', 'Innocent', 'Innocent', 'Innocent', 'Innocent', 'Innocent', 'Innocent', 'Innocent', 'Innocent', 'Innocent', 'Innocent', 'Innocent', 'Innocent', 'Innocent', 'Innocent', 'Innocent', 'Innocent', 'Innocent', 'Innocent', 'Innocent', 'Innocent', 'Innocent', 'Innocent', 'Innocent', 'Innocent', 'Innocent', 'Innocent', 'Innocent', 'Innocent', 'Innocent', 'Innocent', 'Innocent', 'Innocent', 'Innocent', 'Innocent', 'Innocent', 'Innocent', 'Innocent', 'Innocent', 'Innocent', 'Innocent', 'Innocent', 'Innocent', 'Innocent', 'Innocent', 'Innocent', 'Innocent', 'Innocent', 'Innocent', 'Innocent', 'Innocent', 'Innocent', 'Innocent', 'Innocent', 'Innocent', 'Innocent', 'Innocent', 'Innocent', 'Innocent', 'Innocent', 'Innocent', 'Innocent', 'Innocent', 'Innocent', 'Innocent', 'Innocent', 'Innocent', 'Innocent', 'Innocent', 'Innocent', 'Innocent', 'Innocent', 'Innocent', 'Innocent', 'Innocent', 'Innocent', 'Innocent', 'Innocent', 'Innocent', 'Innocent', 'Innocent', 'Innocent', 'Innocent', 'Innocent', 'Innocent', 'Innocent', 'Innocent', 'Innocent', 'Innocent', 'Innocent', 'Innocent', 'Innocent', 'Innocent', 'Innocent', 'Innocent', 'Innocent', 'Innocent', 'Innocent', 'Innocent', 'Innocent', 'Innocent', 'Innocent', 'Innocent', 'Innocent', 'Innocent', 'Innocent', 'Innocent', 'Innocent', 'Innocent', 'Innocent', 'Innocent', 'Innocent', 'Innocent', 'Innocent', 'Innocent', 'Innocent', 'Innocent', 'Innocent', 'Innocent', 'Innocent', 'Innocent', 'Innocent', 'Innocent', 'Innocent', 'Innocent', 'Innocent', 'Innocent', 'Innocent', 'Innocent', 'Innocent', 'Innocent', 'Innocent', 'Innocent', 'Innocent', 'Innocent', 'Innocent', 'Innocent', 'Innocent', 'Innocent', 'Innocent', 'Innocent', 'Innocent', 'Innocent', 'Innocent', 'Innocent', 'Innocent', 'Innocent', 'Innocent', 'Innocent', 'Innocent', 'Innocent', 'Innocent', 'Innocent', 'Innocent', 'Innocent', 'Innocent', 'Innocent', 'Innocent', 'Innocent', 'Innocent', 'Innocent', 'Innocent', 'Innocent', 'Innocent', 'Innocent', 'Innocent', 'Innocent', 'Innocent', 'Innocent', 'Innocent', 'Innocent', 'Innocent', 'Innocent', 'Innocent', 'Innocent', 'Innocent', 'Innocent', 'Innocent', 'Innocent', 'Innocent', 'Innocent', 'Innocent', 'Innocent', 'Innocent', 'Innocent', 'Innocent', 'Innocent', 'Innocent', 'Innocent', 'Innocent', 'Innocent', 'Innocent', 'Innocent', 'Innocent', 'Innocent', 'Innocent', 'Innocent', 'Innocent', 'Innocent', 'Innocent', 'Innocent', 'Innocent', 'Innocent', 'Innocent', 'Innocent', 'Innocent', 'Innocent', 'Innocent', 'Innocent', 'Innocent', 'Innocent', 'Innocent', 'Innocent', 'Innocent', 'Innocent', 'Innocent', 'Innocent', 'Innocent', 'Innocent', 'Innocent', 'Innocent', 'Innocent', 'Innocent', 'Innocent', 'Innocent', 'Innocent', 'Innocent', 'Innocent', 'Innocent', 'Innocent', 'Innocent', 'Innocent', 'Innocent', 'Innocent', 'Innocent', 'Innocent', 'Innocent', 'Innocent', 'Innocent', 'Innocent', 'Innocent', 'Innocent', 'Innocent', 'Innocent', 'Innocent', 'Innocent', 'Innocent', 'Innocent', 'Innocent', 'Innocent', 'Innocent', 'Innocent', 'Innocent', 'Innocent', 'Innocent', 'Innocent', 'Innocent', 'Innocent', 'Innocent', 'Innocent', 'Innocent', 'Innocent', 'Innocent', 'Innocent', 'Innocent', 'Innocent', 'Innocent', 'Innocent', 'Innocent', 'Innocent', 'Innocent', 'Innocent', 'Innocent', 'Innocent', 'Innocent', 'Innocent', 'Innocent', 'Innocent', 'Innocent', 'Innocent', 'Innocent', 'Innocent', 'Innocent', 'Innocent', 'Innocent', 'Innocent', 'Innocent', 'Innocent', 'Innocent', 'Innocent', 'Innocent', 'Innocent', 'Innocent', 'Innocent', 'Innocent', 'Innocent', 'Innocent', 'Innocent', 'Innocent', 'Innocent', 'Innocent', 'Innocent', 'Innocent', 'Innocent', 'Innocent', 'Innocent', 'Innocent', 'Innocent', 'Innocent', 'Innocent', 'Innocent', 'Innocent', 'Innocent', 'Innocent', 'Innocent', 'Innocent', 'Innocent', 'Innocent', 'Innocent', 'Innocent', 'Innocent', 'Innocent', 'Innocent', 'Innocent', 'Innocent', 'Innocent', 'Innocent', 'Innocent', 'Innocent', 'Innocent', 'Innocent', 'Innocent', 'Innocent', 'Innocent', 'Innocent', 'Innocent', 'Innocent', 'Innocent', 'Innocent', 'Innocent', 'Innocent', 'Innocent', 'Innocent', 'Innocent', 'Innocent', 'Innocent', 'Innocent', 'Innocent', 'Innocent', 'Innocent', 'Innocent', 'Innocent', 'Innocent', 'Innocent', 'Innocent', 'Innocent', 'Innocent', 'Innocent', 'Innocent', 'Innocent', 'Innocent', 'Innocent', 'Innocent', 'Innocent', 'Innocent', 'Innocent', 'Innocent', 'Innocent', 'Innocent', 'Innocent', 'Innocent', 'Innocent', 'Innocent', 'Innocent', 'Innocent', 'Innocent', 'Innocent', 'Innocent', 'Innocent', 'Innocent', 'Innocent', 'Innocent', 'Innocent', 'Innocent', 'Innocent', 'Innocent', 'Innocent', 'Innocent', 'Innocent', 'Innocent', 'Innocent', 'Innocent', 'Innocent', 'Innocent', 'Innocent', 'Innocent', 'Innocent', 'Innocent', 'Innocent', 'Innocent', 'Innocent', 'Innocent', 'Innocent', 'Innocent', 'Innocent', 'Innocent', 'Innocent', 'Innocent', 'Innocent', 'Innocent', 'Innocent', 'Innocent', 'Innocent', 'Innocent', 'Innocent', 'Innocent', 'Innocent', 'Innocent', 'Innocent', 'Innocent', 'Innocent', 'Innocent', 'Innocent', 'Innocent', 'Innocent', 'Innocent', 'Innocent', 'Innocent', 'Innocent', 'Innocent', 'Innocent', 'Innocent', 'Innocent', 'Innocent', 'Innocent', 'Innocent', 'Innocent', 'Innocent', 'Innocent', 'Innocent', 'Innocent', 'Innocent', 'Innocent', 'Innocent', 'Innocent', 'Innocent', 'Innocent', 'Innocent', 'Innocent', 'Innocent', 'Innocent', 'Innocent', 'Innocent', 'Innocent', 'Innocent', 'Innocent', 'Innocent', 'Innocent', 'Innocent', 'Innocent', 'Innocent', 'Innocent', 'Innocent', 'Innocent', 'Innocent', 'Innocent', 'Innocent', 'Innocent', 'Innocent', 'Innocent', 'Innocent', 'Innocent', 'Innocent', 'Innocent', 'Innocent', 'Innocent', 'Innocent', 'Innocent', 'Innocent', 'Innocent', 'Innocent', 'Innocent', 'Innocent', 'Innocent', 'Innocent', 'Innocent', 'Innocent', 'Innocent', 'Innocent', 'Innocent', 'Innocent', 'Innocent', 'Innocent', 'Innocent', 'Innocent', 'Innocent', 'Innocent', 'Innocent', 'Innocent', 'Innocent', 'Innocent', 'Innocent', 'Innocent', 'Innocent', 'Innocent', 'Innocent', 'Innocent', 'Innocent', 'Innocent', 'Innocent', 'Innocent', 'Innocent', 'Innocent', 'Innocent', 'Innocent', 'Innocent', 'Innocent', 'Innocent', 'Innocent', 'Innocent', 'Innocent', 'Innocent', 'Innocent', 'Innocent', 'Innocent', 'Innocent', 'Innocent', 'Innocent', 'Innocent', 'Innocent', 'Innocent', 'Innocent', 'Innocent', 'Innocent', 'Innocent', 'Innocent', 'Innocent', 'Innocent', 'Innocent', 'Innocent', 'Innocent', 'Innocent', 'Innocent', 'Innocent', 'Innocent', 'Innocent', 'Innocent', 'Innocent', 'Innocent', 'Innocent', 'Innocent', 'Innocent', 'Innocent', 'Innocent', 'Innocent', 'Innocent', 'Innocent', 'Innocent', 'Innocent', 'Innocent', 'Innocent', 'Innocent', 'Innocent', 'Innocent', 'Innocent', 'Innocent', 'Innocent', 'Innocent', 'Innocent', 'Innocent', 'Innocent', 'Innocent', 'Innocent', 'Innocent', 'Innocent', 'Innocent', 'Innocent', 'Innocent', 'Innocent', 'Innocent', 'Innocent', 'Innocent', 'Innocent', 'Innocent', 'Innocent', 'Innocent', 'Innocent', 'Innocent', 'Innocent', 'Innocent', 'Innocent', 'Innocent', 'Innocent', 'Innocent', 'Innocent', 'Innocent', 'Innocent', 'Innocent', 'Innocent', 'Innocent', 'Innocent', 'Innocent', 'Innocent', 'Innocent', 'Innocent', 'Innocent', 'Innocent', 'Innocent', 'Innocent', 'Innocent', 'Innocent', 'Innocent', 'Innocent', 'Innocent', 'Innocent', 'Innocent', 'Innocent', 'Innocent', 'Innocent', 'Innocent', 'Innocent', 'Innocent', 'Innocent', 'Innocent', 'Innocent', 'Innocent', 'Innocent', 'Innocent', 'Innocent', 'Innocent', 'Innocent', 'Innocent', 'Innocent', 'Innocent', 'Innocent', 'Innocent', 'Innocent', 'Innocent', 'Innocent', 'Innocent', 'Innocent', 'Innocent', 'Innocent', 'Innocent', 'Innocent', 'Innocent', 'Innocent', 'Innocent', 'Innocent', 'Innocent', 'Innocent', 'Innocent', 'Innocent', 'Innocent', 'Innocent', 'Innocent', 'Innocent', 'Innocent', 'Innocent', 'Innocent', 'Innocent', 'Innocent', 'Innocent', 'Innocent', 'Innocent', 'Innocent', 'Innocent', 'Innocent', 'Innocent', 'Innocent', 'Innocent', 'Innocent', 'Innocent', 'Innocent', 'Innocent', 'Innocent', 'Innocent', 'Innocent', 'Innocent', 'Innocent', 'Innocent', 'Innocent', 'Innocent', 'Innocent', 'Innocent', 'Innocent', 'Innocent', 'Innocent', 'Innocent', 'Innocent', 'Innocent', 'Innocent', 'Innocent', 'Innocent', 'Innocent', 'Innocent', 'Innocent', 'Innocent', 'Innocent', 'Innocent', 'Innocent', 'Innocent', 'Innocent', 'Innocent', 'Innocent', 'Innocent', 'Innocent', 'Innocent', 'Innocent', 'Innocent', 'Innocent', 'Innocent', 'Innocent', 'Innocent', 'Innocent', 'Innocent', 'Innocent', 'Innocent', 'Innocent', 'Innocent', 'Innocent', 'Innocent', 'Innocent', 'Innocent', 'Innocent', 'Innocent', 'Innocent', 'Innocent', 'Innocent', 'Innocent', 'Innocent', 'Innocent', 'Innocent', 'Innocent', 'Innocent', 'Innocent', 'Innocent', 'Innocent', 'Innocent', 'Innocent', 'Innocent', 'Innocent', 'Innocent', 'Innocent', 'Innocent', 'Innocent', 'Innocent', 'Innocent', 'Innocent', 'Innocent', 'Innocent', 'Innocent', 'Innocent', 'Innocent', 'Innocent', 'Innocent', 'Innocent', 'Innocent', 'Innocent', 'Innocent', 'Innocent', 'Innocent', 'Innocent', 'Innocent', 'Innocent', 'Innocent', 'Innocent', 'Innocent', 'Innocent', 'Innocent', 'Innocent', 'Innocent', 'Innocent', 'Innocent', 'Innocent', 'Innocent', 'Innocent', 'Innocent', 'Innocent', 'Innocent', 'Innocent', 'Innocent', 'Innocent', 'Innocent', 'Innocent', 'Innocent', 'Innocent', 'Innocent', 'Innocent', 'Innocent', 'Innocent', 'Innocent', 'Innocent', 'Innocent', 'Innocent', 'Innocent', 'Innocent', 'Innocent', 'Innocent', 'Innocent', 'Innocent', 'Innocent', 'Innocent', 'Innocent', 'Innocent', 'Innocent', 'Innocent', 'Innocent', 'Innocent', 'Innocent', 'Innocent', 'Innocent', 'Innocent', 'Innocent', 'Innocent', 'Innocent', 'Innocent', 'Innocent', 'Innocent', 'Innocent', 'Innocent', 'Innocent', 'Innocent', 'Innocent', 'Innocent', 'Innocent', 'Innocent', 'Innocent', 'Innocent', 'Innocent', 'Innocent', 'Innocent', 'Innocent', 'Innocent', 'Innocent', 'Innocent', 'Innocent', 'Innocent', 'Innocent', 'Innocent', 'Innocent', 'Innocent', 'Innocent', 'Innocent', 'Innocent', 'Innocent', 'Innocent', 'Innocent', 'Innocent', 'Innocent', 'Innocent', 'Innocent', 'Innocent', 'Innocent', 'Innocent', 'Innocent', 'Innocent', 'Innocent', 'Innocent', 'Innocent', 'Innocent', 'Innocent', 'Innocent', 'Innocent', 'Innocent', 'Innocent', 'Innocent', 'Innocent', 'Innocent', 'Innocent', 'Innocent', 'Innocent', 'Innocent', 'Innocent', 'Innocent', 'Innocent', 'Innocent', 'Innocent', 'Innocent', 'Innocent', 'Innocent', 'Innocent', 'Innocent', 'Innocent', 'Innocent', 'Innocent', 'Innocent', 'Innocent', 'Innocent', 'Innocent', 'Innocent', 'Innocent', 'Innocent', 'Innocent', 'Innocent', 'Innocent', 'Innocent', 'Innocent', 'Innocent', 'Innocent', 'Innocent', 'Innocent', 'Innocent', 'Innocent', 'Innocent', 'Innocent', 'Innocent', 'Innocent', 'Innocent', 'Innocent', 'Innocent', 'Innocent', 'Innocent', 'Innocent', 'Innocent', 'Innocent', 'Innocent', 'Innocent', 'Innocent', 'Innocent', 'Innocent', 'Innocent', 'Innocent', 'Innocent', 'Innocent', 'Innocent', 'Innocent', 'Innocent', 'Innocent', 'Innocent', 'Innocent', 'Innocent', 'Innocent', 'Innocent', 'Innocent', 'Innocent', 'Innocent', 'Innocent', 'Innocent', 'Innocent', 'Innocent', 'Innocent', 'Innocent', 'Innocent', 'Innocent', 'Innocent', 'Innocent', 'Innocent', 'Innocent', 'Innocent', 'Innocent', 'Innocent', 'Innocent', 'Innocent', 'Innocent', 'Innocent', 'Innocent', 'Innocent', 'Innocent', 'Innocent', 'Innocent', 'Innocent', 'Innocent', 'Innocent', 'Innocent', 'Innocent', 'Innocent', 'Innocent', 'Innocent', 'Innocent', 'Innocent', 'Innocent', 'Innocent', 'Innocent', 'Innocent', 'Innocent', 'Innocent', 'Innocent', 'Innocent', 'Innocent', 'Innocent', 'Innocent', 'Innocent', 'Innocent', 'Innocent', 'Innocent', 'Innocent', 'Innocent', 'Innocent', 'Innocent', 'Innocent', 'Innocent', 'Innocent', 'Innocent', 'Innocent', 'Innocent', 'Innocent', 'Innocent', 'Innocent', 'Innocent', 'Innocent', 'Innocent', 'Innocent', 'Innocent', 'Innocent', 'Innocent', 'Innocent', 'Innocent', 'Innocent', 'Innocent', 'Innocent', 'Innocent', 'Innocent', 'Innocent', 'Innocent', 'Innocent', 'Innocent', 'Innocent', 'Innocent', 'Innocent', 'Innocent', 'Innocent', 'Innocent', 'Innocent', 'Innocent', 'Innocent', 'Innocent', 'Innocent', 'Innocent', 'Innocent', 'Innocent', 'Innocent', 'Innocent', 'Innocent', 'Innocent', 'Innocent', 'Innocent', 'Innocent', 'Innocent', 'Innocent', 'Innocent', 'Innocent', 'Innocent', 'Innocent', 'Innocent', 'Innocent', 'Innocent', 'Innocent', 'Innocent', 'Innocent', 'Innocent', 'Innocent', 'Innocent', 'Innocent', 'Innocent', 'Innocent', 'Innocent', 'Innocent', 'Innocent', 'Innocent', 'Innocent', 'Innocent', 'Innocent', 'Innocent', 'Innocent', 'Innocent', 'Innocent', 'Innocent', 'Innocent', 'Innocent', 'Innocent', 'Innocent', 'Innocent', 'Innocent', 'Innocent', 'Innocent', 'Innocent', 'Innocent', 'Innocent', 'Innocent', 'Innocent', 'Innocent', 'Innocent', 'Innocent', 'Innocent', 'Innocent', 'Innocent', 'Innocent', 'Innocent', 'Innocent', 'Innocent', 'Innocent', 'Innocent', 'Innocent', 'Innocent', 'Innocent', 'Innocent', 'Innocent', 'Innocent', 'Innocent', 'Innocent', 'Innocent', 'Innocent', 'Innocent', 'Innocent', 'Innocent', 'Innocent', 'Innocent', 'Innocent', 'Innocent', 'Innocent', 'Innocent', 'Innocent', 'Innocent', 'Innocent', 'Innocent', 'Innocent', 'Innocent', 'Innocent', 'Innocent', 'Innocent', 'Innocent', 'Innocent', 'Innocent', 'Innocent', 'Innocent', 'Innocent', 'Innocent', 'Innocent', 'Innocent', 'Innocent', 'Innocent', 'Innocent', 'Innocent', 'Innocent', 'Innocent', 'Innocent', 'Innocent', 'Innocent', 'Innocent', 'Innocent', 'Innocent', 'Innocent', 'Innocent', 'Innocent', 'Innocent', 'Innocent', 'Innocent', 'Innocent', 'Innocent', 'Innocent', 'Innocent', 'Innocent', 'Innocent', 'Innocent', 'Innocent', 'Innocent', 'Innocent', 'Innocent', 'Innocent', 'Innocent', 'Innocent', 'Innocent', 'Innocent', 'Innocent', 'Innocent', 'Innocent', 'Innocent', 'Innocent', 'Innocent', 'Innocent', 'Innocent', 'Innocent', 'Innocent', 'Innocent', 'Innocent', 'Innocent', 'Innocent', 'Innocent', 'Innocent', 'Innocent', 'Innocent', 'Innocent', 'Innocent', 'Innocent', 'Innocent', 'Innocent', 'Innocent', 'Innocent', 'Innocent', 'Innocent', 'Innocent', 'Innocent', 'Innocent', 'Innocent', 'Innocent', 'Innocent', 'Innocent', 'Innocent', 'Innocent', 'Innocent', 'Innocent', 'Innocent', 'Innocent', 'Innocent', 'Innocent', 'Innocent', 'Innocent', 'Innocent', 'Innocent', 'Innocent', 'Innocent', 'Innocent', 'Innocent', 'Innocent', 'Innocent', 'Innocent', 'Innocent', 'Innocent', 'Innocent', 'Innocent', 'Innocent', 'Innocent', 'Innocent', 'Innocent', 'Innocent', 'Innocent', 'Innocent', 'Innocent', 'Innocent', 'Innocent', 'Innocent', 'Innocent', 'Innocent', 'Innocent', 'Innocent', 'Innocent', 'Innocent', 'Innocent', 'Innocent', 'Innocent', 'Innocent', 'Innocent', 'Innocent', 'Innocent', 'Innocent', 'Innocent', 'Innocent', 'Innocent', 'Innocent', 'Innocent', 'Innocent', 'Innocent', 'Innocent', 'Innocent', 'Innocent', 'Innocent', 'Innocent', 'Innocent', 'Innocent', 'Innocent', 'Innocent', 'Innocent', 'Innocent', 'Innocent', 'Innocent', 'Innocent', 'Innocent', 'Innocent', 'Innocent', 'Innocent', 'Innocent', 'Innocent', 'Innocent', 'Innocent', 'Innocent', 'Innocent', 'Innocent', 'Innocent', 'Innocent', 'Innocent', 'Innocent', 'Innocent', 'Innocent', 'Innocent', 'Innocent', 'Innocent', 'Innocent', 'Innocent', 'Innocent', 'Innocent', 'Innocent', 'Innocent', 'Innocent', 'Innocent', 'Innocent', 'Innocent', 'Innocent', 'Innocent', 'Innocent', 'Innocent', 'Innocent', 'Innocent', 'Innocent', 'Innocent', 'Innocent', 'Innocent', 'Innocent', 'Innocent', 'Innocent', 'Innocent', 'Innocent', 'Innocent', 'Innocent', 'Innocent', 'Innocent', 'Innocent', 'Innocent', 'Innocent', 'Innocent', 'Innocent', 'Innocent', 'Innocent', 'Innocent', 'Innocent', 'Innocent', 'Innocent', 'Innocent', 'Innocent', 'Innocent', 'Innocent', 'Innocent', 'Innocent', 'Innocent', 'Innocent', 'Innocent', 'Innocent', 'Innocent', 'Innocent', 'Innocent', 'Innocent', 'Innocent', 'Innocent', 'Innocent', 'Innocent', 'Innocent', 'Innocent', 'Innocent', 'Innocent', 'Innocent', 'Innocent', 'Innocent', 'Innocent', 'Innocent', 'Innocent', 'Innocent', 'Innocent', 'Innocent', 'Innocent', 'Innocent', 'Innocent', 'Innocent', 'Innocent', 'Innocent', 'Innocent', 'Innocent', 'Innocent', 'Innocent', 'Innocent', 'Innocent', 'Innocent', 'Innocent', 'Innocent', 'Innocent', 'Innocent', 'Innocent', 'Innocent', 'Innocent', 'Innocent', 'Innocent', 'Innocent', 'Innocent', 'Innocent', 'Innocent', 'Innocent', 'Innocent', 'Innocent', 'Innocent', 'Innocent', 'Innocent', 'Innocent', 'Innocent', 'Innocent', 'Innocent', 'Innocent', 'Innocent', 'Innocent', 'Innocent', 'Innocent', 'Innocent', 'Innocent', 'Innocent', 'Innocent', 'Innocent', 'Innocent', 'Innocent', 'Innocent', 'Innocent', 'Innocent', 'Innocent', 'Innocent', 'Innocent', 'Innocent', 'Innocent', 'Innocent', 'Innocent', 'Innocent', 'Innocent', 'Innocent', 'Innocent', 'Innocent', 'Innocent', 'Innocent', 'Innocent', 'Innocent', 'Innocent', 'Innocent', 'Innocent', 'Innocent', 'Innocent', 'Innocent', 'Innocent', 'Innocent', 'Innocent', 'Innocent', 'Innocent', 'Innocent', 'Innocent', 'Innocent', 'Innocent', 'Innocent', 'Innocent', 'Innocent', 'Innocent', 'Innocent', 'Innocent', 'Innocent', 'Innocent', 'Innocent', 'Innocent', 'Innocent', 'Innocent', 'Innocent', 'Innocent', 'Innocent', 'Innocent', 'Innocent', 'Innocent', 'Innocent', 'Innocent', 'Innocent', 'Innocent', 'Innocent', 'Innocent', 'Innocent', 'Innocent', 'Innocent', 'Innocent', 'Innocent', 'Innocent', 'Innocent', 'Innocent', 'Innocent', 'Innocent', 'Innocent', 'Innocent', 'Innocent', 'Innocent', 'Innocent', 'Innocent', 'Innocent', 'Innocent', 'Innocent', 'Innocent', 'Innocent', 'Innocent', 'Innocent', 'Innocent', 'Innocent', 'Innocent', 'Innocent', 'Innocent', 'Innocent', 'Innocent', 'Innocent', 'Innocent', 'Innocent', 'Innocent', 'Innocent', 'Innocent', 'Innocent', 'Innocent', 'Innocent', 'Innocent', 'Innocent', 'Innocent', 'Innocent', 'Innocent', 'Innocent', 'Innocent', 'Innocent', 'Innocent', 'Innocent', 'Innocent', 'Innocent', 'Innocent', 'Innocent', 'Innocent', 'Innocent', 'Innocent', 'Innocent', 'Innocent', 'Innocent', 'Innocent', 'Innocent', 'Innocent', 'Innocent', 'Innocent', 'Innocent', 'Innocent', 'Innocent', 'Innocent', 'Innocent', 'Innocent', 'Innocent', 'Innocent', 'Innocent', 'Innocent', 'Innocent', 'Innocent', 'Innocent', 'Innocent', 'Innocent', 'Innocent', 'Innocent', 'Innocent', 'Innocent', 'Innocent', 'Innocent', 'Innocent', 'Innocent', 'Innocent', 'Innocent', 'Innocent', 'Innocent', 'Innocent', 'Innocent', 'Innocent', 'Innocent', 'Innocent', 'Innocent', 'Innocent', 'Innocent', 'Innocent', 'Innocent', 'Innocent', 'Innocent', 'Innocent', 'Innocent', 'Innocent', 'Innocent', 'Innocent', 'Innocent', 'Innocent', 'Innocent', 'Innocent', 'Innocent', 'Innocent', 'Innocent', 'Innocent', 'Innocent', 'Innocent', 'Innocent', 'Innocent', 'Innocent', 'Innocent', 'Innocent', 'Innocent', 'Innocent', 'Innocent', 'Innocent', 'Innocent', 'Innocent', 'Innocent', 'Innocent', 'Innocent', 'Innocent', 'Innocent', 'Innocent', 'Innocent', 'Innocent', 'Innocent', 'Innocent', 'Innocent', 'Innocent', 'Innocent', 'Innocent', 'Innocent', 'Innocent', 'Innocent', 'Innocent', 'Innocent', 'Innocent', 'Innocent', 'Innocent', 'Innocent', 'Innocent', 'Innocent', 'Innocent', 'Innocent', 'Innocent', 'Innocent', 'Innocent', 'Innocent', 'Innocent', 'Innocent', 'Innocent', 'Innocent', 'Innocent', 'Innocent', 'Innocent', 'Innocent', 'Innocent', 'Innocent', 'Innocent', 'Innocent', 'Innocent', 'Innocent', 'Innocent', 'Innocent', 'Innocent', 'Innocent', 'Innocent', 'Innocent', 'Innocent', 'Innocent', 'Innocent', 'Innocent', 'Innocent', 'Innocent', 'Innocent', 'Innocent', 'Innocent', 'Innocent', 'Innocent', 'Innocent', 'Innocent', 'Innocent', 'Innocent', 'Innocent', 'Innocent', 'Innocent', 'Innocent', 'Innocent', 'Innocent', 'Innocent', 'Innocent', 'Innocent', 'Innocent', 'Innocent', 'Innocent', 'Innocent', 'Innocent', 'Innocent', 'Innocent', 'Innocent', 'Innocent', 'Innocent', 'Innocent', 'Innocent', 'Innocent', 'Innocent', 'Innocent', 'Innocent', 'Innocent', 'Innocent', 'Innocent', 'Innocent', 'Innocent', 'Innocent', 'Innocent', 'Innocent', 'Innocent', 'Innocent', 'Innocent', 'Innocent', 'Innocent', 'Innocent', 'Innocent', 'Innocent', 'Innocent', 'Innocent', 'Innocent', 'Innocent', 'Innocent', 'Innocent', 'Innocent', 'Innocent', 'Innocent', 'Innocent', 'Innocent', 'Innocent', 'Innocent', 'Innocent', 'Innocent', 'Innocent', 'Innocent', 'Innocent', 'Innocent', 'Innocent', 'Innocent', 'Innocent', 'Innocent', 'Innocent', 'Innocent', 'Innocent', 'Innocent', 'Innocent', 'Innocent', 'Innocent', 'Innocent', 'Innocent', 'Innocent', 'Innocent', 'Innocent', 'Innocent', 'Innocent', 'Innocent', 'Innocent', 'Innocent', 'Innocent', 'Innocent', 'Innocent', 'Innocent', 'Innocent', 'Innocent', 'Innocent', 'Innocent', 'Innocent', 'Innocent', 'Innocent', 'Innocent', 'Innocent', 'Innocent', 'Innocent', 'Innocent', 'Innocent', 'Innocent', 'Innocent', 'Innocent', 'Innocent', 'Innocent', 'Innocent', 'Innocent', 'Innocent', 'Innocent', 'Innocent', 'Innocent', 'Innocent', 'Innocent', 'Innocent', 'Innocent', 'Innocent', 'Innocent', 'Innocent', 'Innocent', 'Innocent', 'Innocent', 'Innocent', 'Innocent', 'Innocent', 'Innocent', 'Innocent', 'Innocent', 'Innocent', 'Innocent', 'Innocent', 'Innocent', 'Innocent', 'Innocent', 'Innocent', 'Innocent', 'Innocent', 'Innocent', 'Innocent', 'Innocent', 'Innocent', 'Innocent', 'Innocent', 'Innocent', 'Innocent', 'Innocent', 'Innocent', 'Innocent', 'Innocent', 'Innocent', 'Innocent', 'Innocent', 'Innocent', 'Innocent', 'Innocent', 'Innocent', 'Innocent', 'Innocent', 'Innocent', 'Innocent', 'Innocent', 'Innocent', 'Innocent', 'Innocent', 'Innocent', 'Innocent', 'Innocent', 'Innocent', 'Innocent', 'Innocent', 'Innocent', 'Innocent', 'Innocent', 'Innocent', 'Innocent', 'Innocent', 'Innocent', 'Innocent', 'Innocent', 'Innocent', 'Innocent', 'Innocent', 'Innocent', 'Innocent', 'Innocent', 'Innocent', 'Innocent', 'Innocent', 'Innocent', 'Innocent', 'Innocent', 'Innocent', 'Innocent', 'Innocent', 'Innocent', 'Innocent', 'Innocent', 'Innocent', 'Innocent', 'Innocent', 'Innocent', 'Innocent', 'Innocent', 'Innocent', 'Innocent', 'Innocent', 'Innocent', 'Innocent', 'Innocent', 'Innocent', 'Innocent', 'Innocent', 'Innocent', 'Innocent', 'Innocent', 'Innocent', 'Innocent', 'Innocent', 'Innocent', 'Innocent', 'Innocent', 'Innocent', 'Innocent', 'Innocent', 'Innocent', 'Innocent', 'Innocent', 'Innocent', 'Innocent', 'Innocent', 'Innocent', 'Innocent', 'Innocent', 'Innocent', 'Innocent', 'Innocent', 'Innocent', 'Innocent', 'Innocent', 'Innocent', 'Innocent', 'Innocent', 'Innocent', 'Innocent', 'Innocent', 'Innocent', 'Innocent', 'Innocent', 'Innocent', 'Innocent', 'Innocent', 'Innocent', 'Innocent', 'Innocent', 'Innocent', 'Innocent', 'Innocent', 'Innocent', 'Innocent', 'Innocent', 'Innocent', 'Innocent', 'Innocent', 'Innocent', 'Innocent', 'Innocent', 'Innocent', 'Innocent', 'Innocent', 'Innocent', 'Innocent', 'Innocent', 'Innocent', 'Innocent', 'Innocent', 'Innocent', 'Innocent', 'Innocent', 'Innocent', 'Innocent', 'Innocent', 'Innocent', 'Innocent', 'Innocent', 'Innocent', 'Innocent', 'Innocent', 'Innocent', 'Innocent', 'Innocent', 'Innocent', 'Innocent', 'Innocent', 'Innocent', 'Innocent', 'Innocent', 'Innocent', 'Innocent', 'Innocent', 'Innocent', 'Innocent', 'Innocent', 'Innocent', 'Innocent', 'Innocent', 'Innocent', 'Innocent', 'Innocent', 'Innocent', 'Innocent', 'Innocent', 'Innocent', 'Innocent', 'Innocent', 'Innocent', 'Innocent', 'Innocent', 'Innocent', 'Innocent', 'Innocent', 'Innocent', 'Innocent', 'Innocent', 'Innocent', 'Innocent', 'Innocent', 'Innocent', 'Innocent', 'Innocent', 'Innocent', 'Innocent', 'Innocent', 'Innocent', 'Innocent', 'Innocent', 'Innocent', 'Innocent', 'Innocent', 'Innocent', 'Innocent', 'Innocent', 'Innocent', 'Innocent', 'Innocent', 'Innocent', 'Innocent', 'Innocent', 'Innocent', 'Innocent', 'Innocent', 'Innocent', 'Innocent', 'Innocent', 'Innocent', 'Innocent', 'Innocent', 'Innocent', 'Innocent', 'Innocent', 'Innocent', 'Innocent', 'Innocent', 'Innocent', 'Innocent', 'Innocent', 'Innocent', 'Innocent', 'Innocent', 'Innocent', 'Innocent', 'Innocent', 'Innocent', 'Innocent', 'Innocent', 'Innocent', 'Innocent', 'Innocent', 'Innocent', 'Innocent', 'Innocent', 'Innocent', 'Innocent', 'Innocent', 'Innocent', 'Innocent', 'Innocent', 'Innocent', 'Innocent', 'Innocent', 'Innocent', 'Innocent', 'Innocent', 'Innocent', 'Innocent', 'Innocent', 'Innocent', 'Innocent', 'Innocent', 'Innocent', 'Innocent', 'Innocent', 'Innocent', 'Innocent', 'Innocent', 'Innocent', 'Innocent', 'Innocent', 'Innocent', 'Innocent', 'Innocent', 'Innocent', 'Innocent', 'Innocent', 'Innocent', 'Innocent', 'Innocent', 'Innocent', 'Innocent', 'Innocent', 'Innocent', 'Innocent', 'Innocent', 'Innocent', 'Innocent', 'Innocent', 'Innocent', 'Innocent', 'Innocent', 'Innocent', 'Innocent', 'Innocent', 'Innocent', 'Innocent', 'Innocent', 'Innocent', 'Innocent', 'Innocent', 'Innocent', 'Innocent', 'Innocent', 'Innocent', 'Innocent', 'Innocent', 'Innocent', 'Innocent', 'Innocent', 'Innocent', 'Innocent', 'Innocent', 'Innocent', 'Innocent', 'Innocent', 'Innocent', 'Innocent', 'Innocent', 'Innocent', 'Innocent', 'Innocent', 'Innocent', 'Innocent', 'Innocent', 'Innocent', 'Innocent', 'Innocent', 'Innocent', 'Innocent', 'Innocent', 'Innocent', 'Innocent', 'Innocent', 'Innocent', 'Innocent', 'Innocent', 'Innocent', 'Innocent', 'Innocent', 'Innocent', 'Innocent', 'Innocent', 'Innocent', 'Innocent', 'Innocent', 'Innocent', 'Innocent', 'Innocent', 'Innocent', 'Innocent', 'Innocent', 'Innocent', 'Innocent', 'Innocent', 'Innocent', 'Innocent', 'Innocent', 'Innocent', 'Innocent', 'Innocent', 'Innocent', 'Innocent', 'Innocent', 'Innocent', 'Innocent', 'Innocent', 'Innocent', 'Innocent', 'Innocent', 'Innocent', 'Innocent', 'Innocent', 'Innocent', 'Innocent', 'Innocent', 'Innocent', 'Innocent', 'Innocent', 'Innocent', 'Innocent', 'Innocent', 'Innocent', 'Innocent', 'Innocent', 'Innocent', 'Innocent', 'Innocent', 'Innocent', 'Innocent', 'Innocent', 'Innocent', 'Innocent', 'Innocent', 'Innocent', 'Innocent', 'Innocent', 'Innocent', 'Innocent', 'Innocent', 'Innocent', 'Innocent', 'Innocent', 'Innocent', 'Innocent', 'Innocent', 'Innocent', 'Innocent', 'Innocent', 'Innocent', 'Innocent', 'Innocent', 'Innocent', 'Innocent', 'Innocent', 'Innocent', 'Innocent', 'Innocent', 'Innocent', 'Innocent', 'Innocent', 'Innocent', 'Innocent', 'Innocent', 'Innocent', 'Innocent', 'Innocent', 'Innocent', 'Innocent', 'Innocent', 'Innocent', 'Innocent', 'Innocent', 'Innocent', 'Innocent', 'Innocent', 'Innocent', 'Innocent', 'Innocent', 'Innocent', 'Innocent', 'Innocent', 'Innocent', 'Innocent', 'Innocent', 'Innocent', 'Innocent', 'Innocent', 'Innocent', 'Innocent', 'Innocent', 'Innocent', 'Innocent', 'Innocent', 'Innocent', 'Innocent', 'Innocent', 'Innocent', 'Innocent', 'Innocent', 'Innocent', 'Innocent', 'Innocent', 'Innocent', 'Innocent', 'Innocent', 'Innocent', 'Innocent', 'Innocent', 'Innocent', 'Innocent', 'Innocent', 'Innocent', 'Innocent', 'Innocent', 'Innocent', 'Innocent', 'Innocent', 'Innocent', 'Innocent', 'Innocent', 'Innocent', 'Innocent', 'Innocent', 'Innocent', 'Innocent', 'Innocent', 'Innocent', 'Innocent', 'Innocent', 'Innocent', 'Innocent', 'Innocent', 'Innocent', 'Innocent', 'Innocent', 'Innocent', 'Innocent', 'Innocent', 'Innocent', 'Innocent', 'Innocent', 'Innocent', 'Innocent', 'Innocent', 'Innocent', 'Innocent', 'Innocent', 'Innocent', 'Innocent', 'Innocent', 'Innocent', 'Innocent', 'Innocent', 'Innocent', 'Innocent', 'Innocent', 'Innocent', 'Innocent', 'Innocent', 'Innocent', 'Innocent', 'Innocent', 'Innocent', 'Innocent', 'Innocent', 'Innocent', 'Innocent', 'Innocent', 'Innocent', 'Innocent', 'Innocent', 'Innocent', 'Innocent', 'Innocent', 'Innocent', 'Innocent', 'Innocent', 'Innocent', 'Innocent', 'Innocent', 'Innocent', 'Innocent', 'Innocent', 'Innocent', 'Innocent', 'Innocent', 'Innocent', 'Innocent', 'Innocent', 'Innocent', 'Innocent', 'Innocent', 'Innocent', 'Innocent', 'Innocent', 'Innocent', 'Innocent', 'Innocent', 'Innocent', 'Innocent', 'Innocent', 'Innocent', 'Innocent', 'Innocent', 'Innocent', 'Innocent', 'Innocent', 'Innocent', 'Innocent', 'Innocent', 'Innocent', 'Innocent', 'Innocent', 'Innocent', 'Innocent', 'Innocent', 'Innocent', 'Innocent', 'Innocent', 'Innocent', 'Innocent', 'Innocent', 'Innocent', 'Innocent', 'Innocent', 'Innocent', 'Innocent', 'Innocent', 'Innocent', 'Innocent', 'Innocent', 'Innocent', 'Innocent', 'Innocent', 'Innocent', 'Innocent', 'Innocent', 'Innocent', 'Innocent', 'Innocent', 'Innocent', 'Innocent', 'Innocent', 'Innocent', 'Innocent', 'Innocent', 'Innocent', 'Innocent', 'Innocent', 'Innocent', 'Innocent', 'Innocent', 'Innocent', 'Innocent', 'Innocent', 'Innocent', 'Innocent', 'Innocent', 'Innocent', 'Innocent', 'Innocent', 'Innocent', 'Innocent', 'Innocent', 'Innocent', 'Innocent', 'Innocent', 'Innocent', 'Innocent', 'Innocent', 'Innocent', 'Innocent', 'Innocent', 'Innocent', 'Innocent', 'Innocent', 'Innocent', 'Innocent', 'Innocent', 'Innocent', 'Innocent', 'Innocent', 'Innocent', 'Innocent', 'Innocent', 'Innocent', 'Innocent', 'Innocent', 'Innocent', 'Innocent', 'Innocent', 'Innocent', 'Innocent', 'Innocent', 'Innocent', 'Innocent', 'Innocent', 'Innocent', 'Innocent', 'Innocent', 'Innocent', 'Innocent', 'Innocent', 'Innocent', 'Innocent', 'Innocent', 'Innocent', 'Innocent', 'Innocent', 'Innocent', 'Innocent', 'Innocent', 'Innocent', 'Innocent', 'Innocent', 'Innocent', 'Innocent', 'Innocent', 'Innocent', 'Innocent', 'Innocent', 'Innocent', 'Innocent', 'Innocent', 'Innocent', 'Innocent', 'Innocent', 'Innocent', 'Innocent', 'Innocent', 'Innocent', 'Innocent', 'Innocent', 'Innocent', 'Innocent', 'Innocent', 'Innocent', 'Innocent', 'Innocent', 'Innocent', 'Innocent', 'Innocent', 'Innocent', 'Innocent', 'Innocent', 'Innocent', 'Innocent', 'Innocent', 'Innocent', 'Innocent', 'Innocent', 'Innocent', 'Innocent', 'Innocent', 'Innocent', 'Innocent', 'Innocent', 'Innocent', 'Innocent', 'Innocent', 'Innocent', 'Innocent', 'Innocent', 'Innocent', 'Innocent', 'Innocent', 'Innocent', 'Innocent', 'Innocent', 'Innocent', 'Innocent', 'Innocent', 'Innocent', 'Innocent', 'Innocent', 'Innocent', 'Innocent', 'Innocent', 'Innocent', 'Innocent', 'Innocent', 'Innocent', 'Innocent', 'Innocent', 'Innocent', 'Innocent', 'Innocent', 'Innocent', 'Innocent', 'Innocent', 'Innocent', 'Innocent', 'Innocent', 'Innocent', 'Innocent', 'Innocent', 'Innocent', 'Innocent', 'Innocent', 'Innocent', 'Innocent', 'Innocent', 'Innocent', 'Innocent', 'Innocent', 'Innocent', 'Innocent', 'Innocent', 'Innocent', 'Innocent', 'Innocent', 'Innocent', 'Innocent', 'Innocent', 'Innocent', 'Innocent', 'Innocent', 'Innocent', 'Innocent', 'Innocent', 'Innocent', 'Innocent', 'Innocent', 'Innocent', 'Innocent', 'Innocent', 'Innocent', 'Innocent', 'Innocent', 'Innocent', 'Innocent', 'Innocent', 'Innocent', 'Innocent', 'Innocent', 'Innocent', 'Innocent', 'Innocent', 'Innocent', 'Innocent', 'Innocent', 'Innocent', 'Innocent', 'Innocent', 'Innocent', 'Innocent', 'Innocent', 'Innocent', 'Innocent', 'Innocent', 'Innocent', 'Innocent', 'Innocent', 'Innocent', 'Innocent', 'Innocent', 'Innocent', 'Innocent', 'Innocent', 'Innocent', 'Innocent', 'Innocent', 'Innocent', 'Innocent', 'Innocent', 'Innocent', 'Innocent', 'Innocent', 'Innocent', 'Innocent', 'Innocent', 'Innocent', 'Innocent', 'Innocent', 'Innocent', 'Innocent', 'Innocent', 'Innocent', 'Innocent', 'Innocent', 'Innocent', 'Innocent', 'Innocent', 'Innocent', 'Innocent', 'Innocent', 'Innocent', 'Innocent', 'Innocent', 'Innocent', 'Innocent', 'Innocent', 'Innocent', 'Innocent', 'Innocent', 'Innocent', 'Innocent', 'Innocent', 'Innocent', 'Innocent', 'Innocent', 'Innocent', 'Innocent', 'Innocent', 'Innocent', 'Innocent', 'Innocent', 'Innocent', 'Innocent', 'Innocent', 'Innocent', 'Innocent', 'Innocent', 'Innocent', 'Innocent', 'Innocent', 'Innocent', 'Innocent', 'Innocent', 'Innocent', 'Innocent', 'Innocent', 'Innocent', 'Innocent', 'Innocent', 'Innocent', 'Innocent', 'Innocent', 'Innocent', 'Innocent', 'Innocent', 'Innocent', 'Innocent', 'Innocent', 'Innocent', 'Innocent', 'Innocent', 'Innocent', 'Innocent', 'Innocent', 'Innocent', 'Innocent', 'Innocent', 'Innocent', 'Innocent', 'Innocent', 'Innocent', 'Innocent', 'Innocent', 'Innocent', 'Innocent', 'Innocent', 'Innocent', 'Innocent', 'Innocent', 'Innocent', 'Innocent', 'Innocent', 'Innocent', 'Innocent', 'Innocent', 'Innocent', 'Innocent', 'Innocent', 'Innocent', 'Innocent', 'Innocent', 'Innocent', 'Innocent', 'Innocent', 'Innocent', 'Innocent', 'Innocent', 'Innocent', 'Innocent', 'Innocent', 'Innocent', 'Innocent', 'Innocent', 'Innocent', 'Innocent', 'Innocent', 'Innocent', 'Innocent', 'Innocent', 'Innocent', 'Innocent', 'Innocent', 'Innocent', 'Innocent', 'Innocent', 'Innocent', 'Innocent', 'Innocent', 'Innocent', 'Innocent', 'Innocent', 'Innocent', 'Innocent', 'Innocent', 'Innocent', 'Innocent', 'Innocent', 'Innocent', 'Innocent', 'Innocent', 'Innocent', 'Innocent', 'Innocent', 'Innocent', 'Innocent', 'Innocent', 'Innocent', 'Innocent', 'Innocent', 'Innocent', 'Innocent', 'Innocent', 'Innocent', 'Innocent', 'Innocent', 'Innocent', 'Innocent', 'Innocent', 'Innocent', 'Innocent', 'Innocent', 'Innocent', 'Innocent', 'Innocent', 'Innocent', 'Innocent', 'Innocent', 'Innocent', 'Innocent', 'Innocent', 'Innocent', 'Innocent', 'Innocent', 'Innocent', 'Innocent', 'Innocent', 'Innocent', 'Innocent', 'Innocent', 'Innocent', 'Innocent', 'Innocent', 'Innocent', 'Innocent', 'Innocent', 'Innocent', 'Innocent', 'Innocent', 'Innocent', 'Innocent', 'Innocent', 'Innocent', 'Innocent', 'Innocent', 'Innocent', 'Innocent', 'Innocent', 'Innocent', 'Innocent', 'Innocent', 'Innocent', 'Innocent', 'Innocent', 'Innocent', 'Innocent', 'Innocent', 'Innocent', 'Innocent', 'Innocent', 'Innocent', 'Innocent', 'Innocent', 'Innocent', 'Innocent', 'Innocent', 'Innocent', 'Innocent', 'Innocent', 'Innocent', 'Innocent', 'Innocent', 'Innocent', 'Innocent', 'Innocent', 'Innocent', 'Innocent', 'Innocent', 'Innocent', 'Innocent', 'Innocent', 'Innocent', 'Innocent', 'Innocent', 'Innocent', 'Innocent', 'Innocent', 'Innocent', 'Innocent', 'Innocent', 'Innocent', 'Innocent', 'Innocent', 'Innocent', 'Innocent', 'Innocent', 'Innocent', 'Innocent', 'Innocent', 'Innocent', 'Innocent', 'Innocent', 'Innocent', 'Innocent', 'Innocent', 'Innocent', 'Innocent', 'Innocent', 'Innocent', 'Innocent', 'Innocent', 'Innocent', 'Innocent', 'Innocent', 'Innocent', 'Innocent', 'Innocent', 'Innocent', 'Innocent', 'Innocent', 'Innocent', 'Innocent', 'Innocent', 'Innocent', 'Innocent', 'Innocent', 'Innocent', 'Innocent', 'Innocent', 'Innocent', 'Innocent', 'Innocent', 'Innocent', 'Innocent', 'Innocent', 'Innocent', 'Innocent', 'Innocent', 'Innocent', 'Innocent', 'Innocent', 'Innocent', 'Innocent', 'Innocent', 'Innocent', 'Innocent', 'Innocent', 'Innocent', 'Innocent', 'Innocent', 'Innocent', 'Innocent', 'Innocent', 'Innocent', 'Innocent', 'Innocent', 'Innocent', 'Innocent', 'Innocent', 'Innocent', 'Innocent', 'Innocent', 'Innocent', 'Innocent', 'Innocent', 'Innocent', 'Innocent', 'Innocent', 'Innocent', 'Innocent', 'Innocent', 'Innocent', 'Innocent', 'Innocent', 'Innocent', 'Innocent', 'Innocent', 'Innocent', 'Innocent', 'Innocent', 'Innocent', 'Innocent', 'Innocent', 'Innocent', 'Innocent', 'Innocent', 'Innocent', 'Innocent', 'Innocent', 'Innocent', 'Innocent', 'Innocent', 'Innocent', 'Innocent', 'Innocent', 'Innocent', 'Innocent', 'Innocent', 'Innocent', 'Innocent', 'Innocent', 'Innocent', 'Innocent', 'Innocent', 'Innocent', 'Innocent', 'Innocent', 'Innocent', 'Innocent', 'Innocent', 'Innocent', 'Innocent', 'Innocent', 'Innocent', 'Innocent', 'Innocent', 'Innocent', 'Innocent', 'Innocent', 'Innocent', 'Innocent', 'Innocent', 'Innocent', 'Innocent', 'Innocent', 'Innocent', 'Innocent', 'Innocent', 'Innocent', 'Innocent', 'Innocent', 'Innocent', 'Innocent', 'Innocent', 'Innocent', 'Innocent', 'Innocent', 'Innocent', 'Innocent', 'Innocent', 'Innocent', 'Innocent', 'Innocent', 'Innocent', 'Innocent', 'Innocent', 'Innocent', 'Innocent', 'Innocent', 'Innocent', 'Innocent', 'Innocent', 'Innocent', 'Innocent', 'Innocent', 'Innocent', 'Innocent', 'Innocent', 'Innocent', 'Innocent', 'Innocent', 'Innocent', 'Innocent', 'Innocent', 'Innocent', 'Innocent', 'Innocent', 'Innocent', 'Innocent', 'Innocent', 'Innocent', 'Innocent', 'Innocent', 'Innocent', 'Innocent', 'Innocent', 'Innocent', 'Innocent', 'Innocent', 'Innocent', 'Innocent', 'Innocent', 'Innocent', 'Innocent', 'Innocent', 'Innocent', 'Innocent', 'Innocent', 'Innocent', 'Innocent', 'Innocent', 'Innocent', 'Innocent', 'Innocent', 'Innocent', 'Innocent', 'Innocent', 'Innocent', 'Innocent', 'Innocent', 'Innocent', 'Innocent', 'Innocent', 'Innocent', 'Innocent', 'Innocent', 'Innocent', 'Innocent', 'Innocent', 'Innocent', 'Innocent', 'Innocent', 'Innocent', 'Innocent', 'Innocent', 'Innocent', 'Innocent', 'Innocent', 'Innocent', 'Innocent', 'Innocent', 'Innocent', 'Innocent', 'Innocent', 'Innocent', 'Innocent', 'Innocent', 'Innocent', 'Innocent', 'Innocent', 'Innocent', 'Innocent', 'Innocent', 'Innocent', 'Innocent', 'Innocent', 'Innocent', 'Innocent', 'Innocent', 'Innocent', 'Innocent', 'Innocent', 'Innocent', 'Innocent', 'Innocent', 'Innocent', 'Innocent', 'Innocent', 'Innocent', 'Innocent', 'Innocent', 'Innocent', 'Innocent', 'Innocent', 'Innocent', 'Innocent', 'Innocent', 'Innocent', 'Innocent', 'Innocent', 'Innocent', 'Innocent', 'Innocent', 'Innocent', 'Innocent', 'Innocent', 'Innocent', 'Innocent', 'Innocent', 'Innocent', 'Innocent', 'Innocent', 'Innocent', 'Innocent', 'Innocent', 'Innocent', 'Innocent', 'Innocent', 'Innocent', 'Innocent', 'Innocent', 'Innocent', 'Innocent', 'Innocent', 'Innocent', 'Innocent', 'Innocent', 'Innocent', 'Innocent', 'Innocent', 'Innocent', 'Innocent', 'Innocent', 'Innocent', 'Innocent', 'Innocent', 'Innocent', 'Innocent', 'Innocent', 'Innocent', 'Innocent', 'Innocent', 'Innocent', 'Innocent', 'Innocent', 'Innocent', 'Innocent', 'Innocent', 'Innocent', 'Innocent', 'Innocent', 'Innocent', 'Innocent', 'Innocent', 'Innocent', 'Innocent', 'Innocent', 'Innocent', 'Innocent', 'Innocent', 'Innocent', 'Innocent', 'Innocent', 'Innocent', 'Innocent', 'Innocent', 'Innocent', 'Innocent', 'Innocent', 'Innocent', 'Innocent', 'Innocent', 'Innocent', 'Innocent', 'Innocent', 'Innocent', 'Innocent', 'Innocent', 'Innocent', 'Innocent', 'Innocent', 'Innocent', 'Innocent', 'Innocent', 'Innocent', 'Innocent', 'Innocent', 'Innocent', 'Innocent', 'Innocent', 'Innocent', 'Innocent', 'Innocent', 'Innocent', 'Innocent', 'Innocent', 'Innocent', 'Innocent', 'Innocent', 'Innocent', 'Innocent', 'Innocent', 'Innocent', 'Innocent', 'Innocent', 'Innocent', 'Innocent', 'Innocent', 'Innocent', 'Innocent', 'Innocent', 'Innocent', 'Innocent', 'Innocent', 'Innocent', 'Innocent', 'Innocent', 'Innocent', 'Innocent', 'Innocent', 'Innocent', 'Innocent', 'Innocent', 'Innocent', 'Innocent', 'Innocent', 'Innocent', 'Innocent', 'Innocent', 'Innocent', 'Innocent', 'Innocent', 'Innocent', 'Innocent', 'Innocent', 'Innocent', 'Innocent', 'Innocent', 'Innocent', 'Innocent', 'Innocent', 'Innocent', 'Innocent', 'Innocent', 'Innocent', 'Innocent', 'Innocent', 'Innocent', 'Innocent', 'Innocent', 'Innocent', 'Innocent', 'Innocent', 'Innocent', 'Innocent', 'Innocent', 'Innocent', 'Innocent', 'Innocent', 'Innocent', 'Innocent', 'Innocent', 'Innocent', 'Innocent', 'Innocent', 'Innocent', 'Innocent', 'Innocent', 'Innocent', 'Innocent', 'Innocent', 'Innocent', 'Innocent', 'Innocent', 'Innocent', 'Innocent', 'Innocent', 'Innocent', 'Innocent', 'Innocent', 'Innocent', 'Innocent', 'Innocent', 'Innocent', 'Innocent', 'Innocent', 'Innocent', 'Innocent', 'Innocent', 'Innocent', 'Innocent', 'Innocent', 'Innocent', 'Innocent', 'Innocent', 'Innocent', 'Innocent', 'Innocent', 'Innocent', 'Innocent', 'Innocent', 'Innocent', 'Innocent', 'Innocent', 'Innocent', 'Innocent', 'Innocent', 'Innocent', 'Innocent', 'Innocent', 'Innocent', 'Innocent', 'Innocent', 'Innocent', 'Innocent', 'Innocent', 'Innocent', 'Innocent', 'Innocent', 'Innocent', 'Innocent', 'Innocent', 'Innocent', 'Innocent', 'Innocent', 'Innocent', 'Innocent', 'Innocent', 'Innocent', 'Innocent', 'Innocent', 'Innocent', 'Innocent', 'Innocent', 'Innocent', 'Innocent', 'Innocent', 'Innocent', 'Innocent', 'Innocent', 'Innocent', 'Innocent', 'Innocent', 'Innocent', 'Innocent', 'Innocent', 'Innocent', 'Innocent', 'Innocent', 'Innocent', 'Innocent', 'Innocent', 'Innocent', 'Innocent', 'Innocent', 'Innocent', 'Innocent', 'Innocent', 'Innocent', 'Innocent', 'Innocent', 'Innocent', 'Innocent', 'Innocent', 'Innocent', 'Innocent', 'Innocent', 'Innocent', 'Innocent', 'Innocent', 'Innocent', 'Innocent', 'Innocent', 'Innocent', 'Innocent', 'Innocent', 'Innocent', 'Innocent', 'Innocent', 'Innocent', 'Innocent', 'Innocent', 'Innocent', 'Innocent', 'Innocent', 'Innocent', 'Innocent', 'Innocent', 'Innocent', 'Innocent', 'Innocent', 'Innocent', 'Innocent', 'Innocent', 'Innocent', 'Innocent', 'Innocent', 'Innocent', 'Innocent', 'Innocent', 'Innocent', 'Innocent', 'Innocent', 'Innocent', 'Innocent', 'Innocent', 'Innocent', 'Innocent', 'Innocent', 'Innocent', 'Innocent', 'Innocent', 'Innocent', 'Innocent', 'Innocent', 'Innocent', 'Innocent', 'Innocent', 'Innocent', 'Innocent', 'Innocent', 'Innocent', 'Innocent', 'Innocent', 'Innocent', 'Innocent', 'Innocent', 'Innocent', 'Innocent', 'Innocent', 'Innocent', 'Innocent', 'Innocent', 'Innocent', 'Innocent', 'Innocent', 'Innocent', 'Innocent', 'Innocent', 'Innocent', 'Innocent', 'Innocent', 'Innocent', 'Innocent', 'Innocent', 'Innocent', 'Innocent', 'Innocent', 'Innocent', 'Innocent', 'Innocent', 'Innocent', 'Innocent', 'Innocent', 'Innocent', 'Innocent', 'Innocent', 'Innocent', 'Innocent', 'Innocent', 'Innocent', 'Innocent', 'Innocent', 'Innocent', 'Innocent', 'Innocent', 'Innocent', 'Innocent', 'Innocent', 'Innocent', 'Innocent', 'Innocent', 'Innocent', 'Innocent', 'Innocent', 'Innocent', 'Innocent', 'Innocent', 'Innocent', 'Innocent', 'Innocent', 'Innocent', 'Innocent', 'Innocent', 'Innocent', 'Innocent', 'Innocent', 'Innocent', 'Innocent', 'Innocent', 'Innocent', 'Innocent', 'Innocent', 'Innocent', 'Innocent', 'Innocent', 'Innocent', 'Innocent', 'Innocent', 'Innocent', 'Innocent', 'Innocent', 'Innocent', 'Innocent', 'Innocent', 'Innocent', 'Innocent', 'Innocent', 'Innocent', 'Innocent', 'Innocent', 'Innocent', 'Innocent', 'Innocent', 'Innocent', 'Innocent', 'Innocent', 'Innocent', 'Innocent', 'Innocent', 'Innocent', 'Innocent', 'Innocent', 'Innocent', 'Innocent', 'Innocent', 'Innocent', 'Innocent', 'Innocent', 'Innocent', 'Innocent', 'Innocent', 'Innocent', 'Innocent', 'Innocent', 'Innocent', 'Innocent', 'Innocent', 'Innocent', 'Innocent', 'Innocent', 'Innocent', 'Innocent', 'Innocent', 'Innocent', 'Innocent', 'Innocent', 'Innocent', 'Innocent', 'Innocent', 'Innocent', 'Innocent', 'Innocent', 'Innocent', 'Innocent', 'Innocent', 'Innocent', 'Innocent', 'Innocent', 'Innocent', 'Innocent', 'Innocent', 'Innocent', 'Innocent', 'Innocent', 'Innocent', 'Innocent', 'Innocent', 'Innocent', 'Innocent', 'Innocent', 'Innocent', 'Innocent', 'Innocent', 'Innocent', 'Innocent', 'Innocent', 'Innocent', 'Innocent', 'Innocent', 'Innocent', 'Innocent', 'Innocent', 'Innocent', 'Innocent', 'Innocent', 'Innocent', 'Innocent', 'Innocent', 'Innocent', 'Innocent', 'Innocent', 'Innocent', 'Innocent', 'Innocent', 'Innocent', 'Innocent', 'Innocent', 'Innocent', 'Innocent', 'Innocent', 'Innocent', 'Innocent', 'Innocent', 'Innocent', 'Innocent', 'Innocent', 'Innocent', 'Innocent', 'Innocent', 'Innocent', 'Innocent', 'Innocent', 'Innocent', 'Innocent', 'Innocent', 'Innocent', 'Innocent', 'Innocent', 'Innocent', 'Innocent', 'Innocent', 'Innocent', 'Innocent', 'Innocent', 'Innocent', 'Innocent', 'Innocent', 'Innocent', 'Innocent', 'Innocent', 'Innocent', 'Innocent', 'Innocent', 'Innocent', 'Innocent', 'Innocent', 'Innocent', 'Innocent', 'Innocent', 'Innocent', 'Innocent', 'Innocent', 'Innocent', 'Innocent', 'Innocent', 'Innocent', 'Innocent', 'Innocent', 'Innocent', 'Innocent', 'Innocent', 'Innocent', 'Innocent', 'Innocent', 'Innocent', 'Innocent', 'Innocent', 'Innocent', 'Innocent', 'Innocent', 'Innocent', 'Innocent', 'Innocent', 'Innocent', 'Innocent', 'Innocent', 'Innocent', 'Innocent', 'Innocent', 'Innocent', 'Innocent', 'Innocent', 'Innocent', 'Innocent', 'Innocent', 'Innocent', 'Innocent', 'Innocent', 'Innocent', 'Innocent', 'Innocent', 'Innocent', 'Innocent', 'Innocent', 'Innocent', 'Innocent', 'Innocent', 'Innocent', 'Innocent', 'Innocent', 'Innocent', 'Innocent', 'Innocent', 'Innocent', 'Innocent', 'Innocent', 'Innocent', 'Innocent', 'Innocent', 'Innocent', 'Innocent', 'Innocent', 'Innocent', 'Innocent', 'Innocent', 'Innocent', 'Innocent', 'Innocent', 'Innocent', 'Innocent', 'Innocent', 'Innocent', 'Innocent', 'Innocent', 'Innocent', 'Innocent', 'Innocent', 'Innocent', 'Innocent', 'Innocent', 'Innocent', 'Innocent', 'Innocent', 'Innocent', 'Innocent', 'Innocent', 'Innocent', 'Innocent', 'Innocent', 'Innocent', 'Innocent', 'Innocent', 'Innocent', 'Innocent', 'Innocent', 'Innocent', 'Innocent', 'Innocent', 'Innocent', 'Innocent', 'Innocent', 'Innocent', 'Innocent', 'Innocent', 'Innocent', 'Innocent', 'Innocent', 'Innocent', 'Innocent', 'Innocent', 'Innocent', 'Innocent', 'Innocent', 'Innocent', 'Innocent', 'Innocent', 'Innocent', 'Innocent', 'Innocent', 'Innocent', 'Innocent', 'Innocent', 'Innocent', 'Innocent', 'Innocent', 'Innocent', 'Innocent', 'Innocent', 'Innocent', 'Innocent', 'Innocent', 'Innocent', 'Innocent', 'Innocent', 'Innocent', 'Innocent', 'Innocent', 'Innocent', 'Innocent', 'Innocent', 'Innocent', 'Innocent', 'Innocent', 'Innocent', 'Innocent', 'Innocent', 'Innocent', 'Innocent', 'Innocent', 'Innocent', 'Innocent', 'Innocent', 'Innocent', 'Innocent', 'Innocent', 'Innocent', 'Innocent', 'Innocent', 'Innocent', 'Innocent', 'Innocent', 'Innocent', 'Innocent', 'Innocent', 'Innocent', 'Innocent', 'Innocent', 'Innocent', 'Innocent', 'Innocent', 'Innocent', 'Innocent', 'Innocent', 'Innocent', 'Innocent', 'Innocent', 'Innocent', 'Innocent', 'Innocent', 'Innocent', 'Innocent', 'Innocent', 'Innocent', 'Innocent', 'Innocent', 'Innocent', 'Innocent', 'Innocent', 'Innocent', 'Innocent', 'Innocent', 'Innocent', 'Innocent', 'Innocent', 'Innocent', 'Innocent', 'Innocent', 'Innocent', 'Innocent', 'Innocent', 'Innocent', 'Innocent', 'Innocent', 'Innocent', 'Innocent', 'Innocent', 'Innocent', 'Innocent', 'Innocent', 'Innocent', 'Innocent', 'Innocent', 'Innocent', 'Innocent', 'Innocent', 'Innocent', 'Innocent', 'Innocent', 'Innocent', 'Innocent', 'Innocent', 'Innocent', 'Innocent', 'Innocent', 'Innocent', 'Innocent', 'Innocent', 'Innocent', 'Innocent', 'Innocent', 'Innocent', 'Innocent', 'Innocent', 'Innocent', 'Innocent', 'Innocent', 'Innocent', 'Innocent', 'Innocent', 'Innocent', 'Innocent', 'Innocent', 'Innocent', 'Innocent', 'Innocent', 'Innocent', 'Innocent', 'Innocent', 'Innocent', 'Innocent', 'Innocent', 'Innocent', 'Innocent', 'Innocent', 'Innocent', 'Innocent', 'Innocent', 'Innocent', 'Innocent', 'Innocent', 'Innocent', 'Innocent', 'Innocent', 'Innocent', 'Innocent', 'Innocent', 'Innocent', 'Innocent', 'Innocent', 'Innocent', 'Innocent', 'Innocent', 'Innocent', 'Innocent', 'Innocent', 'Innocent', 'Innocent', 'Innocent', 'Innocent', 'Innocent', 'Innocent', 'Innocent', 'Innocent', 'Innocent', 'Innocent', 'Innocent', 'Innocent', 'Innocent', 'Innocent', 'Innocent', 'Innocent', 'Innocent', 'Innocent', 'Innocent', 'Innocent', 'Innocent', 'Innocent', 'Innocent', 'Innocent', 'Innocent', 'Innocent', 'Innocent', 'Innocent', 'Innocent', 'Innocent', 'Innocent', 'Innocent', 'Innocent', 'Innocent', 'Innocent', 'Innocent', 'Innocent', 'Innocent', 'Innocent', 'Innocent', 'Innocent', 'Innocent', 'Innocent', 'Innocent', 'Innocent', 'Innocent', 'Innocent', 'Innocent', 'Innocent', 'Innocent', 'Innocent', 'Innocent', 'Innocent', 'Innocent', 'Innocent', 'Innocent', 'Innocent', 'Innocent', 'Innocent', 'Innocent', 'Innocent', 'Innocent', 'Innocent', 'Innocent', 'Innocent', 'Innocent', 'Innocent', 'Innocent', 'Innocent', 'Innocent', 'Innocent', 'Innocent', 'Innocent', 'Innocent', 'Innocent', 'Innocent', 'Innocent', 'Innocent', 'Innocent', 'Innocent', 'Innocent', 'Innocent', 'Innocent', 'Innocent', 'Innocent', 'Innocent', 'Innocent', 'Innocent', 'Innocent', 'Innocent', 'Innocent', 'Innocent', 'Innocent', 'Innocent', 'Innocent', 'Innocent', 'Innocent', 'Innocent', 'Innocent', 'Innocent', 'Innocent', 'Innocent', 'Innocent', 'Innocent', 'Innocent', 'Innocent', 'Innocent', 'Innocent', 'Innocent', 'Innocent', 'Innocent', 'Innocent', 'Innocent', 'Innocent', 'Innocent', 'Innocent', 'Innocent', 'Innocent', 'Innocent', 'Innocent', 'Innocent', 'Innocent', 'Innocent', 'Innocent', 'Innocent', 'Innocent', 'Innocent', 'Innocent', 'Innocent', 'Innocent', 'Innocent', 'Innocent', 'Innocent', 'Innocent', 'Innocent', 'Innocent', 'Innocent', 'Innocent', 'Innocent', 'Innocent', 'Innocent', 'Innocent', 'Innocent', 'Innocent', 'Innocent', 'Innocent', 'Innocent', 'Innocent', 'Innocent', 'Innocent', 'Innocent', 'Innocent', 'Innocent', 'Innocent', 'Innocent', 'Innocent', 'Innocent', 'Innocent', 'Innocent', 'Innocent', 'Innocent', 'Innocent', 'Innocent', 'Innocent', 'Innocent', 'Innocent', 'Innocent', 'Innocent', 'Innocent', 'Innocent', 'Innocent', 'Innocent', 'Innocent', 'Innocent', 'Innocent', 'Innocent', 'Innocent', 'Innocent', 'Innocent', 'Innocent', 'Innocent', 'Innocent', 'Innocent', 'Innocent', 'Innocent', 'Innocent', 'Innocent', 'Innocent', 'Innocent', 'Innocent', 'Innocent', 'Innocent', 'Innocent', 'Innocent', 'Innocent', 'Innocent', 'Innocent', 'Innocent', 'Innocent', 'Innocent', 'Innocent', 'Innocent', 'Innocent', 'Innocent', 'Innocent', 'Innocent', 'Innocent', 'Innocent', 'Innocent', 'Innocent', 'Innocent', 'Innocent', 'Innocent', 'Innocent', 'Innocent', 'Innocent', 'Innocent', 'Innocent', 'Innocent', 'Innocent', 'Innocent', 'Innocent', 'Innocent', 'Innocent', 'Innocent', 'Innocent', 'Innocent', 'Innocent', 'Innocent', 'Innocent', 'Innocent', 'Innocent', 'Innocent', 'Innocent', 'Innocent', 'Innocent', 'Innocent', 'Innocent', 'Innocent', 'Innocent', 'Innocent', 'Innocent', 'Innocent', 'Innocent', 'Innocent', 'Innocent', 'Innocent', 'Innocent', 'Innocent', 'Innocent', 'Innocent', 'Innocent', 'Innocent', 'Innocent', 'Innocent', 'Innocent', 'Innocent', 'Innocent', 'Innocent', 'Innocent', 'Innocent', 'Innocent', 'Innocent', 'Innocent', 'Innocent', 'Innocent', 'Innocent', 'Innocent', 'Innocent', 'Innocent', 'Innocent', 'Innocent', 'Innocent', 'Innocent', 'Innocent', 'Innocent', 'Innocent', 'Innocent', 'Innocent', 'Innocent', 'Innocent', 'Innocent', 'Innocent', 'Innocent', 'Innocent', 'Innocent', 'Innocent', 'Innocent', 'Innocent', 'Innocent', 'Innocent', 'Innocent', 'Innocent', 'Innocent', 'Innocent', 'Innocent', 'Innocent', 'Innocent', 'Innocent', 'Innocent', 'Innocent', 'Innocent', 'Innocent', 'Innocent', 'Innocent', 'Innocent', 'Innocent', 'Innocent', 'Innocent', 'Innocent', 'Innocent', 'Innocent', 'Innocent', 'Innocent', 'Innocent', 'Innocent', 'Innocent', 'Innocent', 'Innocent', 'Innocent', 'Innocent', 'Innocent', 'Innocent', 'Innocent', 'Innocent', 'Innocent', 'Innocent', 'Innocent', 'Innocent', 'Innocent', 'Innocent', 'Innocent', 'Innocent', 'Innocent', 'Innocent', 'Innocent', 'Innocent', 'Innocent', 'Innocent', 'Innocent', 'Innocent', 'Innocent', 'Innocent', 'Innocent', 'Innocent', 'Innocent', 'Innocent', 'Innocent', 'Innocent', 'Innocent', 'Innocent', 'Innocent', 'Innocent', 'Innocent', 'Innocent', 'Innocent', 'Innocent', 'Innocent', 'Innocent', 'Innocent', 'Innocent', 'Innocent', 'Innocent', 'Innocent', 'Innocent', 'Innocent', 'Innocent', 'Innocent', 'Innocent', 'Innocent', 'Innocent', 'Innocent', 'Innocent', 'Innocent', 'Innocent', 'Innocent', 'Innocent', 'Innocent', 'Innocent', 'Innocent', 'Innocent', 'Innocent', 'Innocent', 'Innocent', 'Innocent', 'Innocent', 'Innocent', 'Innocent', 'Innocent', 'Innocent', 'Innocent', 'Innocent', 'Innocent', 'Innocent', 'Innocent', 'Innocent', 'Innocent', 'Innocent', 'Innocent', 'Innocent', 'Innocent', 'Innocent', 'Innocent', 'Innocent', 'Innocent', 'Innocent', 'Innocent', 'Innocent', 'Innocent', 'Innocent', 'Innocent', 'Innocent', 'Innocent', 'Innocent', 'Innocent', 'Innocent', 'Innocent', 'Innocent', 'Innocent', 'Innocent', 'Innocent', 'Innocent', 'Innocent', 'Innocent', 'Innocent', 'Innocent', 'Innocent', 'Innocent', 'Innocent', 'Innocent', 'Innocent', 'Innocent', 'Innocent', 'Innocent', 'Innocent', 'Innocent', 'Innocent', 'Innocent', 'Innocent', 'Innocent', 'Innocent', 'Innocent', 'Innocent', 'Innocent', 'Innocent', 'Innocent', 'Innocent', 'Innocent', 'Innocent', 'Innocent', 'Innocent', 'Innocent', 'Innocent', 'Innocent', 'Innocent', 'Innocent', 'Innocent', 'Innocent', 'Innocent', 'Innocent', 'Innocent', 'Innocent', 'Innocent', 'Innocent', 'Innocent', 'Innocent', 'Innocent', 'Innocent', 'Innocent', 'Innocent', 'Innocent', 'Innocent', 'Innocent', 'Innocent', 'Innocent', 'Innocent', 'Innocent', 'Innocent', 'Innocent', 'Innocent', 'Innocent', 'Innocent', 'Innocent', 'Innocent', 'Innocent', 'Innocent', 'Innocent', 'Innocent', 'Innocent', 'Innocent', 'Innocent', 'Innocent', 'Innocent', 'Innocent', 'Innocent', 'Innocent', 'Innocent', 'Innocent', 'Innocent', 'Innocent', 'Innocent', 'Innocent', 'Innocent', 'Innocent', 'Innocent', 'Innocent', 'Innocent', 'Innocent', 'Innocent', 'Innocent', 'Innocent', 'Innocent', 'Innocent', 'Innocent', 'Innocent', 'Innocent', 'Innocent', 'Innocent', 'Innocent', 'Innocent', 'Innocent', 'Innocent', 'Innocent', 'Innocent', 'Innocent', 'Innocent', 'Innocent', 'Innocent', 'Innocent', 'Innocent', 'Innocent', 'Innocent', 'Innocent', 'Innocent', 'Innocent', 'Innocent', 'Innocent', 'Innocent', 'Innocent', 'Innocent', 'Innocent', 'Innocent', 'Innocent', 'Innocent', 'Innocent', 'Innocent', 'Innocent', 'Innocent', 'Innocent', 'Innocent', 'Innocent', 'Innocent', 'Innocent', 'Innocent', 'Innocent', 'Innocent', 'Innocent', 'Innocent', 'Innocent', 'Innocent', 'Innocent', 'Innocent', 'Innocent', 'Innocent', 'Innocent', 'Innocent', 'Innocent', 'Innocent', 'Innocent', 'Innocent', 'Innocent', 'Innocent', 'Innocent', 'Innocent', 'Innocent', 'Innocent', 'Innocent', 'Innocent', 'Innocent', 'Innocent', 'Innocent', 'Innocent', 'Innocent', 'Innocent', 'Innocent', 'Innocent', 'Innocent', 'Innocent', 'Innocent', 'Innocent', 'Innocent', 'Innocent', 'Innocent', 'Innocent', 'Innocent', 'Innocent', 'Innocent', 'Innocent', 'Innocent', 'Innocent', 'Innocent', 'Innocent', 'Innocent', 'Innocent', 'Innocent', 'Innocent', 'Innocent', 'Innocent', 'Innocent', 'Innocent', 'Innocent', 'Innocent', 'Innocent', 'Innocent', 'Innocent', 'Innocent', 'Innocent', 'Innocent', 'Innocent', 'Innocent', 'Innocent', 'Innocent', 'Innocent', 'Innocent', 'Innocent', 'Innocent', 'Innocent', 'Innocent', 'Innocent', 'Innocent', 'Innocent', 'Innocent', 'Innocent', 'Innocent', 'Innocent', 'Innocent', 'Innocent', 'Innocent', 'Innocent', 'Innocent', 'Innocent', 'Innocent', 'Innocent', 'Innocent', 'Innocent', 'Innocent', 'Innocent', 'Innocent', 'Innocent', 'Innocent', 'Innocent', 'Innocent', 'Innocent', 'Innocent', 'Innocent', 'Innocent', 'Innocent', 'Innocent', 'Innocent', 'Innocent', 'Innocent', 'Innocent', 'Innocent', 'Innocent', 'Innocent', 'Innocent', 'Innocent', 'Innocent', 'Innocent', 'Innocent', 'Innocent', 'Innocent', 'Innocent', 'Innocent', 'Innocent', 'Innocent', 'Innocent', 'Innocent', 'Innocent', 'Innocent', 'Innocent', 'Innocent', 'Innocent', 'Innocent', 'Innocent', 'Innocent', 'Innocent', 'Innocent', 'Innocent', 'Innocent', 'Innocent', 'Innocent', 'Innocent', 'Innocent', 'Innocent', 'Innocent', 'Innocent', 'Innocent', 'Innocent', 'Innocent', 'Innocent', 'Innocent', 'Innocent', 'Innocent', 'Innocent', 'Innocent', 'Innocent', 'Innocent', 'Innocent', 'Innocent', 'Innocent', 'Innocent', 'Innocent', 'Innocent', 'Innocent', 'Innocent', 'Innocent', 'Innocent', 'Innocent', 'Innocent', 'Innocent', 'Innocent', 'Innocent', 'Innocent', 'Innocent', 'Innocent', 'Innocent', 'Innocent', 'Innocent', 'Innocent', 'Innocent', 'Innocent', 'Innocent', 'Innocent', 'Innocent', 'Innocent', 'Innocent', 'Innocent', 'Innocent', 'Innocent', 'Innocent', 'Innocent', 'Innocent', 'Innocent', 'Innocent', 'Innocent', 'Innocent', 'Innocent', 'Innocent', 'Innocent', 'Innocent', 'Innocent', 'Innocent', 'Innocent', 'Innocent', 'Innocent', 'Innocent', 'Innocent', 'Innocent', 'Innocent', 'Innocent', 'Innocent', 'Innocent', 'Innocent', 'Innocent', 'Innocent', 'Innocent', 'Innocent', 'Innocent', 'Innocent', 'Innocent', 'Innocent', 'Innocent', 'Innocent', 'Innocent', 'Innocent', 'Innocent', 'Innocent', 'Innocent', 'Innocent', 'Innocent', 'Innocent', 'Innocent', 'Innocent', 'Innocent', 'Innocent', 'Innocent', 'Innocent', 'Innocent', 'Innocent', 'Innocent', 'Innocent', 'Innocent', 'Innocent', 'Innocent', 'Innocent', 'Innocent', 'Innocent', 'Innocent', 'Innocent', 'Innocent', 'Innocent', 'Innocent', 'Innocent', 'Innocent', 'Innocent', 'Innocent', 'Innocent', 'Innocent', 'Innocent', 'Innocent', 'Innocent', 'Innocent', 'Innocent', 'Innocent', 'Innocent', 'Innocent', 'Innocent', 'Innocent', 'Innocent', 'Innocent', 'Innocent', 'Innocent', 'Innocent', 'Innocent', 'Innocent', 'Innocent', 'Innocent', 'Innocent', 'Innocent', 'Innocent', 'Innocent', 'Innocent', 'Innocent', 'Innocent', 'Innocent', 'Innocent', 'Innocent', 'Innocent', 'Innocent', 'Innocent', 'Innocent', 'Innocent', 'Innocent', 'Innocent', 'Innocent', 'Innocent', 'Innocent', 'Innocent', 'Innocent', 'Innocent', 'Innocent', 'Innocent', 'Innocent', 'Innocent', 'Innocent', 'Innocent', 'Innocent', 'Innocent', 'Innocent', 'Innocent', 'Innocent', 'Innocent', 'Innocent', 'Innocent', 'Innocent', 'Innocent', 'Innocent', 'Innocent', 'Innocent', 'Innocent', 'Innocent', 'Innocent', 'Innocent', 'Innocent', 'Innocent', 'Innocent', 'Innocent', 'Innocent', 'Innocent', 'Innocent', 'Innocent', 'Innocent', 'Innocent', 'Innocent', 'Innocent', 'Innocent', 'Innocent', 'Innocent', 'Innocent', 'Innocent', 'Innocent', 'Innocent', 'Innocent', 'Innocent', 'Innocent', 'Innocent', 'Innocent', 'Innocent', 'Innocent', 'Innocent', 'Innocent', 'Innocent', 'Innocent', 'Innocent', 'Innocent', 'Innocent', 'Innocent', 'Innocent', 'Innocent', 'Innocent', 'Innocent', 'Innocent', 'Innocent', 'Innocent', 'Innocent', 'Innocent', 'Innocent', 'Innocent', 'Innocent', 'Innocent', 'Innocent', 'Innocent', 'Innocent', 'Innocent', 'Innocent', 'Innocent', 'Innocent', 'Innocent', 'Innocent', 'Innocent', 'Innocent', 'Innocent', 'Innocent', 'Innocent', 'Innocent', 'Innocent', 'Innocent', 'Innocent', 'Innocent', 'Innocent', 'Innocent', 'Innocent', 'Innocent', 'Innocent', 'Innocent', 'Innocent', 'Innocent', 'Innocent', 'Innocent', 'Innocent', 'Innocent', 'Innocent', 'Innocent', 'Innocent', 'Innocent', 'Innocent', 'Innocent', 'Innocent', 'Innocent', 'Innocent', 'Innocent', 'Innocent', 'Innocent', 'Innocent', 'Innocent', 'Innocent', 'Innocent', 'Innocent', 'Innocent', 'Innocent', 'Innocent', 'Innocent', 'Innocent', 'Innocent', 'Innocent', 'Innocent', 'Innocent', 'Innocent', 'Innocent', 'Innocent', 'Innocent', 'Innocent', 'Innocent', 'Innocent', 'Innocent', 'Innocent', 'Innocent', 'Innocent', 'Innocent', 'Innocent', 'Innocent', 'Innocent', 'Innocent', 'Innocent', 'Innocent', 'Innocent', 'Innocent', 'Innocent', 'Innocent', 'Innocent', 'Innocent', 'Innocent', 'Innocent', 'Innocent', 'Innocent', 'Innocent', 'Innocent', 'Innocent', 'Innocent', 'Innocent', 'Innocent', 'Innocent', 'Innocent', 'Innocent', 'Innocent', 'Innocent', 'Innocent', 'Innocent', 'Innocent', 'Innocent', 'Innocent', 'Innocent', 'Innocent', 'Innocent', 'Innocent', 'Innocent', 'Innocent', 'Innocent', 'Innocent', 'Innocent', 'Innocent', 'Innocent', 'Innocent', 'Innocent', 'Innocent', 'Innocent', 'Innocent', 'Innocent', 'Innocent', 'Innocent', 'Innocent', 'Innocent', 'Innocent', 'Innocent', 'Innocent', 'Innocent', 'Innocent', 'Innocent', 'Innocent', 'Innocent', 'Innocent', 'Innocent', 'Innocent', 'Innocent', 'Innocent', 'Innocent', 'Innocent', 'Innocent', 'Innocent', 'Innocent', 'Innocent', 'Innocent', 'Innocent', 'Innocent', 'Innocent', 'Innocent', 'Innocent', 'Innocent', 'Innocent', 'Innocent', 'Innocent', 'Innocent', 'Innocent', 'Innocent', 'Innocent', 'Innocent', 'Innocent', 'Innocent', 'Innocent', 'Innocent', 'Innocent', 'Innocent', 'Innocent', 'Innocent', 'Innocent', 'Innocent', 'Innocent', 'Innocent', 'Innocent', 'Innocent', 'Innocent', 'Innocent', 'Innocent', 'Innocent', 'Innocent', 'Innocent', 'Innocent', 'Innocent', 'Innocent', 'Innocent', 'Innocent', 'Innocent', 'Innocent', 'Innocent', 'Innocent', 'Innocent', 'Innocent', 'Innocent', 'Innocent', 'Innocent', 'Innocent', 'Innocent', 'Innocent', 'Innocent', 'Innocent', 'Innocent', 'Innocent', 'Innocent', 'Innocent', 'Innocent', 'Innocent', 'Innocent', 'Innocent', 'Innocent', 'Innocent', 'Innocent', 'Innocent', 'Innocent', 'Innocent', 'Innocent', 'Innocent', 'Innocent', 'Innocent', 'Innocent', 'Innocent', 'Innocent', 'Innocent', 'Innocent', 'Innocent', 'Innocent', 'Innocent', 'Innocent', 'Innocent', 'Innocent', 'Innocent', 'Innocent', 'Innocent', 'Innocent', 'Innocent', 'Innocent', 'Innocent', 'Innocent', 'Innocent', 'Innocent', 'Innocent', 'Innocent', 'Innocent', 'Innocent', 'Innocent', 'Innocent', 'Innocent', 'Innocent', 'Innocent', 'Innocent', 'Innocent', 'Innocent', 'Innocent', 'Innocent', 'Innocent', 'Innocent', 'Innocent', 'Innocent', 'Innocent', 'Innocent', 'Innocent', 'Innocent', 'Innocent', 'Innocent', 'Innocent', 'Innocent', 'Innocent', 'Innocent', 'Innocent', 'Innocent', 'Innocent', 'Innocent', 'Innocent', 'Innocent', 'Innocent', 'Innocent', 'Innocent', 'Innocent', 'Innocent', 'Innocent', 'Innocent', 'Innocent', 'Innocent', 'Innocent', 'Innocent', 'Innocent', 'Innocent', 'Innocent', 'Innocent', 'Innocent', 'Innocent', 'Innocent', 'Innocent', 'Innocent', 'Innocent', 'Innocent', 'Innocent', 'Innocent', 'Innocent', 'Innocent', 'Innocent', 'Innocent', 'Innocent', 'Innocent', 'Innocent', 'Innocent', 'Innocent', 'Innocent', 'Innocent', 'Innocent', 'Innocent', 'Innocent', 'Innocent', 'Innocent', 'Innocent', 'Innocent', 'Innocent', 'Innocent', 'Innocent', 'Innocent', 'Innocent', 'Innocent', 'Innocent', 'Innocent', 'Innocent', 'Innocent', 'Innocent', 'Innocent', 'Innocent', 'Innocent', 'Innocent', 'Innocent', 'Innocent', 'Innocent', 'Innocent', 'Innocent', 'Innocent', 'Innocent', 'Innocent', 'Innocent', 'Innocent', 'Innocent', 'Innocent', 'Innocent', 'Innocent', 'Innocent', 'Innocent', 'Innocent', 'Innocent', 'Innocent', 'Innocent', 'Innocent', 'Innocent', 'Innocent', 'Innocent', 'Innocent', 'Innocent', 'Innocent', 'Innocent', 'Innocent', 'Innocent', 'Innocent', 'Innocent', 'Innocent', 'Innocent', 'Innocent', 'Innocent', 'Innocent', 'Innocent', 'Innocent', 'Innocent', 'Innocent', 'Innocent', 'Innocent', 'Innocent', 'Innocent', 'Innocent', 'Innocent', 'Innocent', 'Innocent', 'Innocent', 'Innocent', 'Innocent', 'Innocent', 'Innocent', 'Innocent', 'Innocent', 'Innocent', 'Innocent', 'Innocent', 'Innocent', 'Innocent', 'Innocent', 'Innocent', 'Innocent', 'Innocent', 'Innocent', 'Innocent', 'Innocent', 'Innocent', 'Innocent', 'Innocent', 'Innocent', 'Innocent', 'Innocent', 'Innocent', 'Innocent', 'Innocent', 'Innocent', 'Innocent', 'Innocent', 'Innocent', 'Innocent', 'Innocent', 'Innocent', 'Innocent', 'Innocent', 'Innocent', 'Innocent', 'Innocent', 'Innocent', 'Innocent', 'Innocent', 'Innocent', 'Innocent', 'Innocent', 'Innocent', 'Innocent', 'Innocent', 'Innocent', 'Innocent', 'Innocent', 'Innocent', 'Innocent', 'Innocent', 'Innocent', 'Innocent', 'Innocent', 'Innocent', 'Innocent', 'Innocent', 'Innocent', 'Innocent', 'Innocent', 'Innocent', 'Innocent', 'Innocent', 'Innocent', 'Innocent', 'Innocent', 'Innocent', 'Innocent', 'Innocent', 'Innocent', 'Innocent', 'Innocent', 'Innocent', 'Innocent', 'Innocent', 'Innocent', 'Innocent', 'Innocent', 'Innocent', 'Innocent', 'Innocent', 'Innocent', 'Innocent', 'Innocent', 'Innocent', 'Innocent', 'Innocent', 'Innocent', 'Innocent', 'Innocent', 'Innocent', 'Innocent', 'Innocent', 'Innocent', 'Innocent', 'Innocent', 'Innocent', 'Innocent', 'Innocent', 'Innocent', 'Innocent', 'Innocent', 'Innocent', 'Innocent', 'Innocent', 'Innocent', 'Innocent', 'Innocent', 'Innocent', 'Innocent', 'Innocent', 'Innocent', 'Innocent', 'Innocent', 'Innocent', 'Innocent', 'Innocent', 'Innocent', 'Innocent', 'Innocent', 'Innocent', 'Innocent', 'Innocent', 'Innocent', 'Innocent', 'Innocent', 'Innocent', 'Innocent', 'Innocent', 'Innocent', 'Innocent', 'Innocent', 'Innocent', 'Innocent', 'Innocent', 'Innocent', 'Innocent', 'Innocent', 'Innocent', 'Innocent', 'Innocent', 'Innocent', 'Innocent', 'Innocent', 'Innocent', 'Innocent', 'Innocent', 'Innocent', 'Innocent', 'Innocent', 'Innocent', 'Innocent', 'Innocent', 'Innocent', 'Innocent', 'Innocent', 'Innocent', 'Innocent', 'Innocent', 'Innocent', 'Innocent', 'Innocent', 'Innocent', 'Innocent', 'Innocent', 'Innocent', 'Innocent', 'Innocent', 'Innocent', 'Innocent', 'Innocent', 'Innocent', 'Innocent', 'Innocent', 'Innocent', 'Innocent', 'Innocent', 'Innocent', 'Innocent', 'Innocent', 'Innocent', 'Innocent', 'Innocent', 'Innocent', 'Innocent', 'Innocent', 'Innocent', 'Innocent', 'Innocent', 'Innocent', 'Innocent', 'Innocent', 'Innocent', 'Innocent', 'Innocent', 'Innocent', 'Innocent', 'Innocent', 'Innocent', 'Innocent', 'Innocent', 'Innocent', 'Innocent', 'Innocent', 'Innocent', 'Innocent', 'Innocent', 'Innocent', 'Innocent', 'Innocent', 'Innocent', 'Innocent', 'Innocent', 'Innocent', 'Innocent', 'Innocent', 'Innocent', 'Innocent', 'Innocent', 'Innocent', 'Innocent', 'Innocent', 'Innocent', 'Innocent', 'Innocent', 'Innocent', 'Innocent', 'Innocent', 'Innocent', 'Innocent', 'Innocent', 'Innocent', 'Innocent', 'Innocent', 'Innocent', 'Innocent', 'Innocent', 'Innocent', 'Innocent', 'Innocent', 'Innocent', 'Innocent', 'Innocent', 'Innocent', 'Innocent', 'Innocent', 'Innocent', 'Innocent', 'Innocent', 'Innocent', 'Innocent', 'Innocent', 'Innocent', 'Innocent', 'Innocent', 'Innocent', 'Innocent', 'Innocent', 'Innocent', 'Innocent', 'Innocent', 'Innocent', 'Innocent', 'Innocent', 'Innocent', 'Innocent', 'Innocent', 'Innocent', 'Innocent', 'Innocent', 'Innocent', 'Innocent', 'Innocent', 'Innocent', 'Innocent', 'Innocent', 'Innocent', 'Innocent', 'Innocent', 'Innocent', 'Innocent', 'Innocent', 'Innocent', 'Innocent', 'Innocent', 'Innocent', 'Innocent', 'Innocent', 'Innocent', 'Innocent', 'Innocent', 'Innocent', 'Innocent', 'Innocent', 'Innocent', 'Innocent', 'Innocent', 'Innocent', 'Innocent', 'Innocent', 'Innocent', 'Innocent', 'Innocent', 'Innocent', 'Innocent', 'Innocent', 'Innocent', 'Innocent', 'Innocent', 'Innocent', 'Innocent', 'Innocent', 'Innocent', 'Innocent', 'Innocent', 'Innocent', 'Innocent', 'Innocent', 'Innocent', 'Innocent', 'Innocent', 'Innocent', 'Innocent', 'Innocent', 'Innocent', 'Innocent', 'Innocent', 'Innocent', 'Innocent', 'Innocent', 'Innocent', 'Innocent', 'Innocent', 'Innocent', 'Innocent', 'Innocent', 'Innocent', 'Innocent', 'Innocent', 'Innocent', 'Innocent', 'Innocent', 'Innocent', 'Innocent', 'Innocent', 'Innocent', 'Innocent', 'Innocent', 'Innocent', 'Innocent', 'Innocent', 'Innocent', 'Innocent', 'Innocent', 'Innocent', 'Innocent', 'Innocent', 'Innocent', 'Innocent', 'Innocent', 'Innocent', 'Innocent', 'Innocent', 'Innocent', 'Innocent', 'Innocent', 'Innocent', 'Innocent', 'Innocent', 'Innocent', 'Innocent', 'Innocent', 'Innocent', 'Innocent', 'Innocent', 'Innocent', 'Innocent', 'Innocent', 'Innocent', 'Innocent', 'Innocent', 'Innocent', 'Innocent', 'Innocent', 'Innocent', 'Innocent', 'Innocent', 'Innocent', 'Innocent', 'Innocent', 'Innocent', 'Innocent', 'Innocent', 'Innocent', 'Innocent', 'Innocent', 'Innocent', 'Innocent', 'Innocent', 'Innocent', 'Innocent', 'Innocent', 'Innocent', 'Innocent', 'Innocent', 'Innocent', 'Innocent', 'Innocent', 'Innocent', 'Innocent', 'Innocent', 'Innocent', 'Innocent', 'Innocent', 'Innocent', 'Innocent', 'Innocent', 'Innocent', 'Innocent', 'Innocent', 'Innocent', 'Innocent', 'Innocent', 'Innocent', 'Innocent', 'Innocent', 'Innocent', 'Innocent', 'Innocent', 'Innocent', 'Innocent', 'Innocent', 'Innocent', 'Innocent', 'Innocent', 'Innocent', 'Innocent', 'Innocent', 'Innocent', 'Innocent', 'Innocent', 'Innocent', 'Innocent', 'Innocent', 'Innocent', 'Innocent', 'Innocent', 'Innocent', 'Innocent', 'Innocent', 'Innocent', 'Innocent', 'Innocent', 'Innocent', 'Innocent', 'Innocent', 'Innocent', 'Innocent', 'Innocent', 'Innocent', 'Innocent', 'Innocent', 'Innocent', 'Innocent', 'Innocent', 'Innocent', 'Innocent', 'Innocent', 'Innocent', 'Innocent', 'Innocent', 'Innocent', 'Innocent', 'Innocent', 'Innocent', 'Innocent', 'Innocent', 'Innocent', 'Innocent', 'Innocent', 'Innocent', 'Innocent', 'Innocent', 'Innocent', 'Innocent', 'Innocent', 'Innocent', 'Innocent', 'Innocent', 'Innocent', 'Innocent', 'Innocent', 'Innocent', 'Innocent', 'Innocent', 'Innocent', 'Innocent', 'Innocent', 'Innocent', 'Innocent', 'Innocent', 'Innocent', 'Innocent', 'Innocent', 'Innocent', 'Innocent', 'Innocent', 'Innocent', 'Innocent', 'Innocent', 'Innocent', 'Innocent', 'Innocent', 'Innocent', 'Innocent', 'Innocent', 'Innocent', 'Innocent', 'Innocent', 'Innocent', 'Innocent', 'Innocent', 'Innocent', 'Innocent', 'Innocent', 'Innocent', 'Innocent', 'Innocent', 'Innocent', 'Innocent', 'Innocent', 'Innocent', 'Innocent', 'Innocent', 'Innocent', 'Innocent', 'Innocent', 'Innocent', 'Innocent', 'Innocent', 'Innocent', 'Innocent', 'Innocent', 'Innocent', 'Innocent', 'Innocent', 'Innocent', 'Innocent', 'Innocent', 'Innocent', 'Innocent', 'Innocent', 'Innocent', 'Innocent', 'Innocent', 'Innocent', 'Innocent', 'Innocent', 'Innocent', 'Innocent', 'Innocent', 'Innocent', 'Innocent', 'Innocent', 'Innocent', 'Innocent', 'Innocent', 'Innocent', 'Innocent', 'Innocent', 'Innocent', 'Innocent', 'Innocent', 'Innocent', 'Innocent', 'Innocent', 'Innocent', 'Innocent', 'Innocent', 'Innocent', 'Innocent', 'Innocent', 'Innocent', 'Innocent', 'Innocent', 'Innocent', 'Innocent', 'Innocent', 'Innocent', 'Innocent', 'Innocent', 'Innocent', 'Innocent', 'Innocent', 'Innocent', 'Innocent', 'Innocent', 'Innocent', 'Innocent', 'Innocent', 'Innocent', 'Innocent', 'Innocent', 'Innocent', 'Innocent', 'Innocent', 'Innocent', 'Innocent', 'Innocent', 'Innocent', 'Innocent', 'Innocent', 'Innocent', 'Innocent', 'Innocent', 'Innocent', 'Innocent', 'Innocent', 'Innocent', 'Innocent', 'Innocent', 'Innocent', 'Innocent', 'Innocent', 'Innocent', 'Innocent', 'Innocent', 'Innocent', 'Innocent', 'Innocent', 'Innocent', 'Innocent', 'Innocent', 'Innocent', 'Innocent', 'Innocent', 'Innocent', 'Innocent', 'Innocent', 'Innocent', 'Innocent', 'Innocent', 'Innocent', 'Innocent', 'Innocent', 'Innocent', 'Innocent', 'Innocent', 'Innocent', 'Innocent', 'Innocent', 'Innocent', 'Innocent', 'Innocent', 'Innocent', 'Innocent', 'Innocent', 'Innocent', 'Innocent', 'Innocent', 'Innocent', 'Innocent', 'Innocent', 'Innocent', 'Innocent', 'Innocent', 'Innocent', 'Innocent', 'Innocent', 'Innocent', 'Innocent', 'Innocent', 'Innocent', 'Innocent', 'Innocent', 'Innocent', 'Innocent', 'Innocent', 'Innocent', 'Innocent', 'Innocent', 'Innocent', 'Innocent', 'Innocent', 'Innocent', 'Innocent', 'Innocent', 'Innocent', 'Innocent', 'Innocent', 'Innocent', 'Innocent', 'Innocent', 'Innocent', 'Innocent', 'Innocent', 'Innocent', 'Innocent', 'Innocent', 'Innocent', 'Innocent', 'Innocent', 'Innocent', 'Innocent', 'Innocent', 'Innocent', 'Innocent', 'Innocent', 'Innocent', 'Innocent', 'Innocent', 'Innocent', 'Innocent', 'Innocent', 'Innocent', 'Innocent', 'Innocent', 'Innocent', 'Innocent', 'Innocent', 'Innocent', 'Innocent', 'Innocent', 'Innocent', 'Innocent', 'Innocent', 'Innocent', 'Innocent', 'Innocent', 'Innocent', 'Innocent', 'Innocent', 'Innocent', 'Innocent', 'Innocent', 'Innocent', 'Innocent', 'Innocent', 'Innocent', 'Innocent', 'Innocent', 'Innocent', 'Innocent', 'Innocent', 'Innocent', 'Innocent', 'Innocent', 'Innocent', 'Innocent', 'Innocent', 'Innocent', 'Innocent', 'Innocent', 'Innocent', 'Innocent', 'Innocent', 'Innocent', 'Innocent', 'Innocent', 'Innocent', 'Innocent', 'Innocent', 'Innocent', 'Innocent', 'Innocent', 'Innocent', 'Innocent', 'Innocent', 'Innocent', 'Innocent', 'Innocent', 'Innocent', 'Innocent', 'Innocent', 'Innocent', 'Innocent', 'Innocent', 'Innocent', 'Innocent', 'Innocent', 'Innocent', 'Innocent', 'Innocent', 'Innocent', 'Innocent', 'Innocent', 'Innocent', 'Innocent', 'Innocent', 'Innocent', 'Innocent', 'Innocent', 'Innocent', 'Innocent', 'Innocent', 'Innocent', 'Innocent', 'Innocent', 'Innocent', 'Innocent', 'Innocent', 'Innocent', 'Innocent', 'Innocent', 'Innocent', 'Innocent', 'Innocent', 'Innocent', 'Innocent', 'Innocent', 'Innocent', 'Innocent', 'Innocent', 'Innocent', 'Innocent', 'Innocent', 'Innocent', 'Innocent', 'Innocent', 'Innocent', 'Innocent', 'Innocent', 'Innocent', 'Innocent', 'Innocent', 'Innocent', 'Innocent', 'Innocent', 'Innocent', 'Innocent', 'Innocent', 'Innocent', 'Innocent', 'Innocent', 'Innocent', 'Innocent', 'Innocent', 'Innocent', 'Innocent', 'Innocent', 'Innocent', 'Innocent', 'Innocent', 'Innocent', 'Innocent', 'Innocent', 'Innocent', 'Innocent', 'Innocent', 'Innocent', 'Innocent', 'Innocent', 'Innocent', 'Innocent', 'Innocent', 'Innocent', 'Innocent', 'Innocent', 'Innocent', 'Innocent', 'Innocent', 'Innocent', 'Innocent', 'Innocent', 'Innocent', 'Innocent', 'Innocent', 'Innocent', 'Innocent', 'Innocent', 'Innocent', 'Innocent', 'Innocent', 'Innocent', 'Innocent', 'Innocent', 'Innocent', 'Innocent', 'Innocent', 'Innocent', 'Innocent', 'Innocent', 'Innocent', 'Innocent', 'Innocent', 'Innocent', 'Innocent', 'Innocent', 'Innocent', 'Innocent', 'Innocent', 'Innocent', 'Innocent', 'Innocent', 'Innocent', 'Innocent', 'Innocent', 'Innocent', 'Innocent', 'Innocent', 'Innocent', 'Innocent', 'Innocent', 'Innocent', 'Innocent', 'Innocent', 'Innocent', 'Innocent', 'Innocent', 'Innocent', 'Innocent', 'Innocent', 'Innocent', 'Innocent', 'Innocent', 'Innocent', 'Innocent', 'Innocent', 'Innocent', 'Innocent', 'Innocent', 'Innocent', 'Innocent', 'Innocent', 'Innocent', 'Innocent', 'Innocent', 'Innocent', 'Innocent', 'Innocent', 'Innocent', 'Innocent', 'Innocent', 'Innocent', 'Innocent', 'Innocent', 'Innocent', 'Innocent', 'Innocent', 'Innocent', 'Innocent', 'Innocent', 'Innocent', 'Innocent', 'Innocent', 'Innocent', 'Innocent', 'Innocent', 'Innocent', 'Innocent', 'Innocent', 'Innocent', 'Innocent', 'Innocent', 'Innocent', 'Innocent', 'Innocent', 'Innocent', 'Innocent', 'Innocent', 'Innocent', 'Innocent', 'Innocent', 'Innocent', 'Innocent', 'Innocent', 'Innocent', 'Innocent', 'Innocent', 'Innocent', 'Innocent', 'Innocent', 'Innocent', 'Innocent', 'Innocent', 'Innocent', 'Innocent', 'Innocent', 'Innocent', 'Innocent', 'Innocent', 'Innocent', 'Innocent', 'Innocent', 'Innocent', 'Innocent', 'Innocent', 'Innocent', 'Innocent', 'Innocent', 'Innocent', 'Innocent', 'Innocent', 'Innocent', 'Innocent', 'Innocent', 'Innocent', 'Innocent', 'Innocent', 'Innocent', 'Innocent', 'Innocent', 'Innocent', 'Innocent', 'Innocent', 'Innocent', 'Innocent', 'Innocent', 'Innocent', 'Innocent', 'Innocent', 'Innocent', 'Innocent', 'Innocent', 'Innocent', 'Innocent', 'Innocent', 'Innocent', 'Innocent', 'Innocent', 'Innocent', 'Innocent', 'Innocent', 'Innocent', 'Innocent', 'Innocent', 'Innocent', 'Innocent', 'Innocent', 'Innocent', 'Innocent', 'Innocent', 'Innocent', 'Innocent', 'Innocent', 'Innocent', 'Innocent', 'Innocent', 'Innocent', 'Innocent', 'Innocent', 'Innocent', 'Innocent', 'Innocent', 'Innocent', 'Innocent', 'Innocent', 'Innocent', 'Innocent', 'Innocent', 'Innocent', 'Innocent', 'Innocent', 'Innocent', 'Innocent', 'Innocent', 'Innocent', 'Innocent', 'Innocent', 'Innocent', 'Innocent', 'Innocent', 'Innocent', 'Innocent', 'Innocent', 'Innocent', 'Innocent', 'Innocent', 'Innocent', 'Innocent', 'Innocent', 'Innocent', 'Innocent', 'Innocent', 'Innocent', 'Innocent', 'Innocent', 'Innocent', 'Innocent', 'Innocent', 'Innocent', 'Innocent', 'Innocent', 'Innocent', 'Innocent', 'Innocent', 'Innocent', 'Innocent', 'Innocent', 'Innocent', 'Innocent', 'Innocent', 'Innocent', 'Innocent', 'Innocent', 'Innocent', 'Innocent', 'Innocent', 'Innocent', 'Innocent', 'Innocent', 'Innocent', 'Innocent', 'Innocent', 'Innocent', 'Innocent', 'Innocent', 'Innocent', 'Innocent', 'Innocent', 'Innocent', 'Innocent', 'Innocent', 'Innocent', 'Innocent', 'Innocent', 'Innocent', 'Innocent', 'Innocent', 'Innocent', 'Innocent', 'Innocent', 'Innocent', 'Innocent', 'Innocent', 'Innocent', 'Innocent', 'Innocent', 'Innocent', 'Innocent', 'Innocent', 'Innocent', 'Innocent', 'Innocent', 'Innocent', 'Innocent', 'Innocent', 'Innocent', 'Innocent', 'Innocent', 'Innocent', 'Innocent', 'Innocent', 'Innocent', 'Innocent', 'Innocent', 'Innocent', 'Innocent', 'Innocent', 'Innocent', 'Innocent', 'Innocent', 'Innocent', 'Innocent', 'Innocent', 'Innocent', 'Innocent', 'Innocent', 'Innocent', 'Innocent', 'Innocent', 'Innocent', 'Innocent', 'Innocent', 'Innocent', 'Innocent', 'Innocent', 'Innocent', 'Innocent', 'Innocent', 'Innocent', 'Innocent', 'Innocent', 'Innocent', 'Innocent', 'Innocent', 'Innocent', 'Innocent', 'Innocent', 'Innocent', 'Innocent', 'Innocent', 'Innocent', 'Innocent', 'Innocent', 'Innocent', 'Innocent', 'Innocent', 'Innocent', 'Innocent', 'Innocent', 'Innocent', 'Innocent', 'Innocent', 'Innocent', 'Innocent', 'Innocent', 'Innocent', 'Innocent', 'Innocent', 'Innocent', 'Innocent', 'Innocent', 'Innocent', 'Innocent', 'Innocent', 'Innocent', 'Innocent', 'Innocent', 'Innocent', 'Innocent', 'Innocent', 'Innocent', 'Innocent', 'Innocent', 'Innocent', 'Innocent', 'Innocent', 'Innocent', 'Innocent', 'Innocent', 'Innocent', 'Innocent', 'Innocent', 'Innocent', 'Innocent', 'Innocent', 'Innocent', 'Innocent', 'Innocent', 'Innocent', 'Innocent', 'Innocent', 'Innocent', 'Innocent', 'Innocent', 'Innocent', 'Innocent', 'Innocent', 'Innocent', 'Innocent', 'Innocent', 'Innocent', 'Innocent', 'Innocent', 'Innocent', 'Innocent', 'Innocent', 'Innocent', 'Innocent', 'Innocent', 'Innocent', 'Innocent', 'Innocent', 'Innocent', 'Innocent', 'Innocent', 'Innocent', 'Innocent', 'Innocent', 'Innocent', 'Innocent', 'Innocent', 'Innocent', 'Innocent', 'Innocent', 'Innocent', 'Innocent', 'Innocent', 'Innocent', 'Innocent', 'Innocent', 'Innocent', 'Innocent', 'Innocent', 'Innocent', 'Innocent', 'Innocent', 'Innocent', 'Innocent', 'Innocent', 'Innocent', 'Innocent', 'Innocent', 'Innocent', 'Innocent', 'Innocent', 'Innocent', 'Innocent', 'Innocent', 'Innocent', 'Innocent', 'Innocent', 'Innocent', 'Innocent', 'Innocent', 'Innocent', 'Innocent', 'Innocent', 'Innocent', 'Innocent', 'Innocent', 'Innocent', 'Innocent', 'Innocent', 'Innocent', 'Innocent', 'Innocent', 'Innocent', 'Innocent', 'Innocent', 'Innocent', 'Innocent', 'Innocent', 'Innocent', 'Innocent', 'Innocent', 'Innocent', 'Innocent', 'Innocent', 'Innocent', 'Innocent', 'Innocent', 'Innocent', 'Innocent', 'Innocent', 'Innocent', 'Innocent', 'Innocent', 'Innocent', 'Innocent', 'Innocent', 'Innocent', 'Innocent', 'Innocent', 'Innocent', 'Innocent', 'Innocent', 'Innocent', 'Innocent', 'Innocent', 'Innocent', 'Innocent', 'Innocent', 'Innocent', 'Innocent', 'Innocent', 'Innocent', 'Innocent', 'Innocent', 'Innocent', 'Innocent', 'Innocent', 'Innocent', 'Innocent', 'Innocent', 'Innocent', 'Innocent', 'Innocent', 'Innocent', 'Innocent', 'Innocent', 'Innocent', 'Innocent', 'Innocent', 'Innocent', 'Innocent', 'Innocent', 'Innocent', 'Innocent', 'Innocent', 'Innocent', 'Innocent', 'Innocent', 'Innocent', 'Innocent', 'Innocent', 'Innocent', 'Innocent', 'Innocent', 'Innocent', 'Innocent', 'Innocent', 'Innocent', 'Innocent', 'Innocent', 'Innocent', 'Innocent', 'Innocent', 'Innocent', 'Innocent', 'Innocent', 'Innocent', 'Innocent', 'Innocent', 'Innocent', 'Innocent', 'Innocent', 'Innocent', 'Innocent', 'Innocent', 'Innocent', 'Innocent', 'Innocent', 'Innocent', 'Innocent', 'Innocent', 'Innocent', 'Innocent', 'Innocent', 'Innocent', 'Innocent', 'Innocent', 'Innocent', 'Innocent', 'Innocent', 'Innocent', 'Innocent', 'Innocent', 'Innocent', 'Innocent', 'Innocent', 'Innocent', 'Innocent', 'Innocent', 'Innocent', 'Innocent', 'Innocent', 'Innocent', 'Innocent', 'Innocent', 'Innocent', 'Innocent', 'Innocent', 'Innocent', 'Innocent', 'Innocent', 'Innocent', 'Innocent', 'Innocent', 'Innocent', 'Innocent', 'Innocent', 'Innocent', 'Innocent', 'Innocent', 'Innocent', 'Innocent', 'Innocent', 'Innocent', 'Innocent', 'Innocent', 'Innocent', 'Innocent', 'Innocent', 'Innocent', 'Innocent', 'Innocent', 'Innocent', 'Innocent', 'Innocent', 'Innocent', 'Innocent', 'Innocent', 'Innocent', 'Innocent', 'Innocent', 'Innocent', 'Innocent', 'Innocent', 'Innocent', 'Innocent', 'Innocent', 'Innocent', 'Innocent', 'Innocent', 'Innocent', 'Innocent', 'Innocent', 'Innocent', 'Innocent', 'Innocent', 'Innocent', 'Innocent', 'Innocent', 'Innocent', 'Innocent', 'Innocent', 'Innocent', 'Innocent', 'Innocent', 'Innocent', 'Innocent', 'Innocent', 'Innocent', 'Innocent', 'Innocent', 'Innocent', 'Innocent', 'Innocent', 'Innocent', 'Innocent', 'Innocent', 'Innocent', 'Innocent', 'Innocent', 'Innocent', 'Innocent', 'Innocent', 'Innocent', 'Innocent', 'Innocent', 'Innocent', 'Innocent', 'Innocent', 'Innocent', 'Innocent', 'Innocent', 'Innocent', 'Innocent', 'Innocent', 'Innocent', 'Innocent', 'Innocent', 'Innocent', 'Innocent', 'Innocent', 'Innocent', 'Innocent', 'Innocent', 'Innocent', 'Innocent', 'Innocent', 'Innocent', 'Innocent', 'Innocent', 'Innocent', 'Innocent', 'Innocent', 'Innocent', 'Innocent', 'Innocent', 'Innocent', 'Innocent', 'Innocent', 'Innocent', 'Innocent', 'Innocent', 'Innocent', 'Innocent', 'Innocent', 'Innocent', 'Innocent', 'Innocent', 'Innocent', 'Innocent', 'Innocent', 'Innocent', 'Innocent', 'Innocent', 'Innocent', 'Innocent', 'Innocent', 'Innocent', 'Innocent', 'Innocent', 'Innocent', 'Innocent', 'Innocent', 'Innocent', 'Innocent', 'Innocent', 'Innocent', 'Innocent', 'Innocent', 'Innocent', 'Innocent', 'Innocent', 'Innocent', 'Innocent', 'Innocent', 'Innocent', 'Innocent', 'Innocent', 'Innocent', 'Innocent', 'Innocent', 'Innocent', 'Innocent', 'Innocent', 'Innocent', 'Innocent', 'Innocent', 'Innocent', 'Innocent', 'Innocent', 'Innocent', 'Innocent', 'Innocent', 'Innocent', 'Innocent', 'Innocent', 'Innocent', 'Innocent', 'Innocent', 'Innocent', 'Innocent', 'Innocent', 'Innocent', 'Innocent', 'Innocent', 'Innocent', 'Innocent', 'Innocent', 'Innocent', 'Innocent', 'Innocent', 'Innocent', 'Innocent', 'Innocent', 'Innocent', 'Innocent', 'Innocent', 'Innocent', 'Innocent', 'Innocent', 'Innocent', 'Innocent', 'Innocent', 'Innocent', 'Innocent', 'Innocent', 'Innocent', 'Innocent', 'Innocent', 'Innocent', 'Innocent', 'Innocent', 'Innocent', 'Innocent', 'Innocent', 'Innocent', 'Innocent', 'Innocent', 'Innocent', 'Innocent', 'Innocent', 'Innocent', 'Innocent', 'Innocent', 'Innocent', 'Innocent', 'Innocent', 'Innocent', 'Innocent', 'Innocent', 'Innocent', 'Innocent', 'Innocent', 'Innocent', 'Innocent', 'Innocent', 'Innocent', 'Innocent', 'Innocent', 'Innocent', 'Innocent', 'Innocent', 'Innocent', 'Innocent', 'Innocent', 'Innocent', 'Innocent', 'Innocent', 'Innocent', 'Innocent', 'Innocent', 'Innocent', 'Innocent', 'Innocent', 'Innocent', 'Innocent', 'Innocent', 'Innocent', 'Innocent', 'Innocent', 'Innocent', 'Innocent', 'Innocent', 'Innocent', 'Innocent', 'Innocent', 'Innocent', 'Innocent', 'Innocent', 'Innocent', 'Innocent', 'Innocent', 'Innocent', 'Innocent', 'Innocent', 'Innocent', 'Innocent', 'Innocent', 'Innocent', 'Innocent', 'Innocent', 'Innocent', 'Innocent', 'Innocent', 'Innocent', 'Innocent', 'Innocent', 'Innocent', 'Innocent', 'Innocent', 'Innocent', 'Innocent', 'Innocent', 'Innocent', 'Innocent', 'Innocent', 'Innocent', 'Innocent', 'Innocent', 'Innocent', 'Innocent', 'Innocent', 'Innocent', 'Innocent', 'Innocent', 'Innocent', 'Innocent', 'Innocent', 'Innocent', 'Innocent', 'Innocent', 'Innocent', 'Innocent', 'Innocent', 'Innocent', 'Innocent', 'Innocent', 'Innocent', 'Innocent', 'Innocent', 'Innocent', 'Innocent', 'Innocent', 'Innocent', 'Innocent', 'Innocent', 'Innocent', 'Innocent', 'Innocent', 'Innocent', 'Innocent', 'Innocent', 'Innocent', 'Innocent', 'Innocent', 'Innocent', 'Innocent', 'Innocent', 'Innocent', 'Innocent', 'Innocent', 'Innocent', 'Innocent', 'Innocent', 'Innocent', 'Innocent', 'Innocent', 'Innocent', 'Innocent', 'Innocent', 'Innocent', 'Innocent', 'Innocent', 'Innocent', 'Innocent', 'Innocent', 'Innocent', 'Innocent', 'Innocent', 'Innocent', 'Innocent', 'Innocent', 'Innocent', 'Innocent', 'Innocent', 'Innocent', 'Innocent', 'Innocent', 'Innocent', 'Innocent', 'Innocent', 'Innocent', 'Innocent', 'Innocent', 'Innocent', 'Innocent', 'Innocent', 'Innocent', 'Innocent', 'Innocent', 'Innocent', 'Innocent', 'Innocent', 'Innocent', 'Innocent', 'Innocent', 'Innocent', 'Innocent', 'Innocent', 'Innocent', 'Innocent', 'Innocent', 'Innocent', 'Innocent', 'Innocent', 'Innocent', 'Innocent', 'Innocent', 'Innocent', 'Innocent', 'Innocent', 'Innocent', 'Innocent', 'Innocent', 'Innocent', 'Innocent', 'Innocent', 'Innocent', 'Innocent', 'Innocent', 'Innocent', 'Innocent', 'Innocent', 'Innocent', 'Innocent', 'Innocent', 'Innocent', 'Innocent', 'Innocent', 'Innocent', 'Innocent', 'Innocent', 'Innocent', 'Innocent', 'Innocent', 'Innocent', 'Innocent', 'Innocent', 'Innocent', 'Innocent', 'Innocent', 'Innocent', 'Innocent', 'Innocent', 'Innocent', 'Innocent', 'Innocent', 'Innocent', 'Innocent', 'Innocent', 'Innocent', 'Innocent', 'Innocent', 'Innocent', 'Innocent', 'Innocent', 'Innocent', 'Innocent', 'Innocent', 'Innocent', 'Innocent', 'Innocent', 'Innocent', 'Innocent', 'Innocent', 'Innocent', 'Innocent', 'Innocent', 'Innocent', 'Innocent', 'Innocent', 'Innocent', 'Innocent', 'Innocent', 'Innocent', 'Innocent', 'Innocent', 'Innocent', 'Innocent', 'Innocent', 'Innocent', 'Innocent', 'Innocent', 'Innocent', 'Innocent', 'Innocent', 'Innocent', 'Innocent', 'Innocent', 'Innocent', 'Innocent', 'Innocent', 'Innocent', 'Innocent', 'Innocent', 'Innocent', 'Innocent', 'Innocent', 'Innocent', 'Innocent', 'Innocent', 'Innocent', 'Innocent', 'Innocent', 'Innocent', 'Innocent', 'Innocent', 'Innocent', 'Innocent', 'Innocent', 'Innocent', 'Innocent', 'Innocent', 'Innocent', 'Innocent', 'Innocent', 'Innocent', 'Innocent', 'Innocent', 'Innocent', 'Innocent', 'Innocent', 'Innocent', 'Innocent', 'Innocent', 'Innocent', 'Innocent', 'Innocent', 'Innocent', 'Innocent', 'Innocent', 'Innocent', 'Innocent', 'Innocent', 'Innocent', 'Innocent', 'Innocent', 'Innocent', 'Innocent', 'Innocent', 'Innocent', 'Innocent', 'Innocent', 'Innocent', 'Innocent', 'Innocent', 'Innocent', 'Innocent', 'Innocent', 'Innocent', 'Innocent', 'Innocent', 'Innocent', 'Innocent', 'Innocent', 'Innocent', 'Innocent', 'Innocent', 'Innocent', 'Innocent', 'Innocent', 'Innocent', 'Innocent', 'Innocent', 'Innocent', 'Innocent', 'Innocent', 'Innocent', 'Innocent', 'Innocent', 'Innocent', 'Innocent', 'Innocent', 'Innocent', 'Innocent', 'Innocent', 'Innocent', 'Innocent', 'Innocent', 'Innocent', 'Innocent', 'Innocent', 'Innocent', 'Innocent', 'Innocent', 'Innocent', 'Innocent', 'Innocent', 'Innocent', 'Innocent', 'Innocent', 'Innocent', 'Innocent', 'Innocent', 'Innocent', 'Innocent', 'Innocent', 'Innocent', 'Innocent', 'Innocent', 'Innocent', 'Innocent', 'Innocent', 'Innocent', 'Innocent', 'Innocent', 'Innocent', 'Innocent', 'Innocent', 'Innocent', 'Innocent', 'Innocent', 'Innocent', 'Innocent', 'Innocent', 'Innocent', 'Innocent', 'Innocent', 'Innocent', 'Innocent', 'Innocent', 'Innocent', 'Innocent', 'Innocent', 'Innocent', 'Innocent', 'Innocent', 'Innocent', 'Innocent', 'Innocent', 'Innocent', 'Innocent', 'Innocent', 'Innocent', 'Innocent', 'Innocent', 'Innocent', 'Innocent', 'Innocent', 'Innocent', 'Innocent', 'Innocent', 'Innocent', 'Innocent', 'Innocent', 'Innocent', 'Innocent', 'Innocent', 'Innocent', 'Innocent', 'Innocent', 'Innocent', 'Innocent', 'Innocent', 'Innocent', 'Innocent', 'Innocent', 'Innocent', 'Innocent', 'Innocent', 'Innocent', 'Innocent', 'Innocent', 'Innocent', 'Innocent', 'Innocent', 'Innocent', 'Innocent', 'Innocent', 'Innocent', 'Innocent', 'Innocent', 'Innocent', 'Innocent', 'Innocent', 'Innocent', 'Innocent', 'Innocent', 'Innocent', 'Innocent', 'Innocent', 'Innocent', 'Innocent', 'Innocent', 'Innocent', 'Innocent', 'Innocent', 'Innocent', 'Innocent', 'Innocent', 'Innocent', 'Innocent', 'Innocent', 'Innocent', 'Innocent', 'Innocent', 'Innocent', 'Innocent', 'Innocent', 'Innocent', 'Innocent', 'Innocent', 'Innocent', 'Innocent', 'Innocent', 'Innocent', 'Innocent', 'Innocent', 'Innocent', 'Innocent', 'Innocent', 'Innocent', 'Innocent', 'Innocent', 'Innocent', 'Innocent', 'Innocent', 'Innocent', 'Innocent', 'Innocent', 'Innocent', 'Innocent', 'Innocent', 'Innocent', 'Innocent', 'Innocent', 'Innocent', 'Innocent', 'Innocent', 'Innocent', 'Innocent', 'Innocent', 'Innocent', 'Innocent', 'Innocent', 'Innocent', 'Innocent', 'Innocent', 'Innocent', 'Innocent', 'Innocent', 'Innocent', 'Innocent', 'Innocent', 'Innocent', 'Innocent', 'Innocent', 'Innocent', 'Innocent', 'Innocent', 'Innocent', 'Innocent', 'Innocent', 'Innocent', 'Innocent', 'Innocent', 'Innocent', 'Innocent', 'Innocent', 'Innocent', 'Innocent', 'Innocent', 'Innocent', 'Innocent', 'Innocent', 'Innocent', 'Innocent', 'Innocent', 'Innocent', 'Innocent', 'Innocent', 'Innocent', 'Innocent', 'Innocent', 'Innocent', 'Innocent', 'Innocent', 'Innocent', 'Innocent', 'Innocent', 'Innocent', 'Innocent', 'Innocent', 'Innocent', 'Innocent', 'Innocent', 'Innocent', 'Innocent', 'Innocent', 'Innocent', 'Innocent', 'Innocent', 'Innocent', 'Innocent', 'Innocent', 'Innocent', 'Innocent', 'Innocent', 'Innocent', 'Innocent', 'Innocent', 'Innocent', 'Innocent', 'Innocent', 'Innocent', 'Innocent', 'Innocent', 'Innocent', 'Innocent', 'Innocent', 'Innocent', 'Innocent', 'Innocent', 'Innocent', 'Innocent', 'Innocent', 'Innocent', 'Innocent', 'Innocent', 'Innocent', 'Innocent', 'Innocent', 'Innocent', 'Innocent', 'Innocent', 'Innocent', 'Innocent', 'Innocent', 'Innocent', 'Innocent', 'Innocent', 'Innocent', 'Innocent', 'Innocent', 'Innocent', 'Innocent', 'Innocent', 'Innocent', 'Innocent', 'Innocent', 'Innocent', 'Innocent', 'Innocent', 'Innocent', 'Innocent', 'Innocent', 'Innocent', 'Innocent', 'Innocent', 'Innocent', 'Innocent', 'Innocent', 'Innocent', 'Innocent', 'Innocent', 'Innocent', 'Innocent', 'Innocent', 'Innocent', 'Innocent', 'Innocent', 'Innocent', 'Innocent', 'Innocent', 'Innocent', 'Innocent', 'Innocent', 'Innocent', 'Innocent', 'Innocent', 'Innocent', 'Innocent', 'Innocent', 'Innocent', 'Innocent', 'Innocent', 'Innocent', 'Innocent', 'Innocent', 'Innocent', 'Innocent', 'Innocent', 'Innocent', 'Innocent', 'Innocent', 'Innocent', 'Innocent', 'Innocent', 'Innocent', 'Innocent', 'Innocent', 'Innocent', 'Innocent', 'Innocent', 'Innocent', 'Innocent', 'Innocent', 'Innocent', 'Innocent', 'Innocent', 'Innocent', 'Innocent', 'Innocent', 'Innocent', 'Innocent', 'Innocent', 'Innocent', 'Innocent', 'Innocent', 'Innocent', 'Innocent', 'Innocent', 'Innocent', 'Innocent', 'Innocent', 'Innocent', 'Innocent', 'Innocent', 'Innocent', 'Innocent', 'Innocent', 'Innocent', 'Innocent', 'Innocent', 'Innocent', 'Innocent', 'Innocent', 'Innocent', 'Innocent', 'Innocent', 'Innocent', 'Innocent', 'Innocent', 'Innocent', 'Innocent', 'Innocent', 'Innocent', 'Innocent', 'Innocent', 'Innocent', 'Innocent', 'Innocent', 'Innocent', 'Innocent', 'Innocent', 'Innocent', 'Innocent', 'Innocent', 'Innocent', 'Innocent', 'Innocent', 'Innocent', 'Innocent', 'Innocent', 'Innocent', 'Innocent', 'Innocent', 'Innocent', 'Innocent', 'Innocent', 'Innocent', 'Innocent', 'Innocent', 'Innocent', 'Innocent', 'Innocent', 'Innocent', 'Innocent', 'Innocent', 'Innocent', 'Innocent', 'Innocent', 'Innocent', 'Innocent', 'Innocent', 'Innocent', 'Innocent', 'Innocent', 'Innocent', 'Innocent', 'Innocent', 'Innocent', 'Innocent', 'Innocent', 'Innocent', 'Innocent', 'Innocent', 'Innocent', 'Innocent', 'Innocent', 'Innocent', 'Innocent', 'Innocent', 'Innocent', 'Innocent', 'Innocent', 'Innocent', 'Innocent', 'Innocent', 'Innocent', 'Innocent', 'Innocent', 'Innocent', 'Innocent', 'Innocent', 'Innocent', 'Innocent', 'Innocent', 'Innocent', 'Innocent', 'Innocent', 'Innocent', 'Innocent', 'Innocent', 'Innocent', 'Innocent', 'Innocent', 'Innocent', 'Innocent', 'Innocent', 'Innocent', 'Innocent', 'Innocent', 'Innocent', 'Innocent', 'Innocent', 'Innocent', 'Innocent', 'Innocent', 'Innocent', 'Innocent', 'Innocent', 'Innocent', 'Innocent', 'Innocent', 'Innocent', 'Innocent', 'Innocent', 'Innocent', 'Innocent', 'Innocent', 'Innocent', 'Innocent', 'Innocent', 'Innocent', 'Innocent', 'Innocent', 'Innocent', 'Innocent', 'Innocent', 'Innocent', 'Innocent', 'Innocent', 'Innocent', 'Innocent', 'Innocent', 'Innocent', 'Innocent', 'Innocent', 'Innocent', 'Innocent', 'Innocent', 'Innocent', 'Innocent', 'Innocent', 'Innocent', 'Innocent', 'Innocent', 'Innocent', 'Innocent', 'Innocent', 'Innocent', 'Innocent', 'Innocent', 'Innocent', 'Innocent', 'Innocent', 'Innocent', 'Innocent', 'Innocent', 'Innocent', 'Innocent', 'Innocent', 'Innocent', 'Innocent', 'Innocent', 'Innocent', 'Innocent', 'Innocent', 'Innocent', 'Innocent', 'Innocent', 'Innocent', 'Innocent', 'Innocent', 'Innocent', 'Innocent', 'Innocent', 'Innocent', 'Innocent', 'Innocent', 'Innocent', 'Innocent', 'Innocent', 'Innocent', 'Innocent', 'Innocent', 'Innocent', 'Innocent', 'Innocent', 'Innocent', 'Innocent', 'Innocent', 'Innocent', 'Innocent', 'Innocent', 'Innocent', 'Innocent', 'Innocent', 'Innocent', 'Innocent', 'Innocent', 'Innocent', 'Innocent', 'Innocent', 'Innocent', 'Innocent', 'Innocent', 'Innocent', 'Innocent', 'Innocent', 'Innocent', 'Innocent', 'Innocent', 'Innocent', 'Innocent', 'Innocent', 'Innocent', 'Innocent', 'Innocent', 'Innocent', 'Innocent', 'Innocent', 'Innocent', 'Innocent', 'Innocent', 'Innocent', 'Innocent', 'Innocent', 'Innocent', 'Innocent', 'Innocent', 'Innocent', 'Innocent', 'Innocent', 'Innocent', 'Innocent', 'Innocent', 'Innocent', 'Innocent', 'Innocent', 'Innocent', 'Innocent', 'Innocent', 'Innocent', 'Innocent', 'Innocent', 'Innocent', 'Innocent', 'Innocent', 'Innocent', 'Innocent', 'Innocent', 'Innocent', 'Innocent', 'Innocent', 'Innocent', 'Innocent', 'Innocent', 'Innocent', 'Innocent', 'Innocent', 'Innocent', 'Innocent', 'Innocent', 'Innocent', 'Innocent', 'Innocent', 'Innocent', 'Innocent', 'Innocent', 'Innocent', 'Innocent', 'Innocent', 'Innocent', 'Innocent', 'Innocent', 'Innocent', 'Innocent', 'Innocent', 'Innocent', 'Innocent', 'Innocent', 'Innocent', 'Innocent', 'Innocent', 'Innocent', 'Innocent', 'Innocent', 'Innocent', 'Innocent', 'Innocent', 'Innocent', 'Innocent', 'Innocent', 'Innocent', 'Innocent', 'Innocent', 'Innocent', 'Innocent', 'Innocent', 'Innocent', 'Innocent', 'Innocent', 'Innocent', 'Innocent', 'Innocent', 'Innocent', 'Innocent', 'Innocent', 'Innocent', 'Innocent', 'Innocent', 'Innocent', 'Innocent', 'Innocent', 'Innocent', 'Innocent', 'Innocent', 'Innocent', 'Innocent', 'Innocent', 'Innocent', 'Innocent', 'Innocent', 'Innocent', 'Innocent', 'Innocent', 'Innocent', 'Innocent', 'Innocent', 'Innocent', 'Innocent', 'Innocent', 'Innocent', 'Innocent', 'Innocent', 'Innocent', 'Innocent', 'Innocent', 'Innocent', 'Innocent', 'Innocent', 'Innocent', 'Innocent', 'Innocent', 'Innocent', 'Innocent', 'Innocent', 'Innocent', 'Innocent', 'Innocent', 'Innocent', 'Innocent', 'Innocent', 'Innocent', 'Innocent', 'Innocent', 'Innocent', 'Innocent', 'Innocent', 'Innocent', 'Innocent', 'Innocent', 'Innocent', 'Innocent', 'Innocent', 'Innocent', 'Innocent', 'Innocent', 'Innocent', 'Innocent', 'Innocent', 'Innocent', 'Innocent', 'Innocent', 'Innocent', 'Innocent', 'Innocent', 'Innocent', 'Innocent', 'Innocent', 'Innocent', 'Innocent', 'Innocent', 'Innocent', 'Innocent', 'Innocent', 'Innocent', 'Innocent', 'Innocent', 'Innocent', 'Innocent', 'Innocent', 'Innocent', 'Innocent', 'Innocent', 'Innocent', 'Innocent', 'Innocent', 'Innocent', 'Innocent', 'Innocent', 'Innocent', 'Innocent', 'Innocent', 'Innocent', 'Innocent', 'Innocent', 'Innocent', 'Innocent', 'Innocent', 'Innocent', 'Innocent', 'Innocent', 'Innocent', 'Innocent', 'Innocent', 'Innocent', 'Innocent', 'Innocent', 'Innocent', 'Innocent', 'Innocent', 'Innocent', 'Innocent', 'Innocent', 'Innocent', 'Innocent', 'Innocent', 'Innocent', 'Innocent', 'Innocent', 'Innocent', 'Innocent', 'Innocent', 'Innocent', 'Innocent', 'Innocent', 'Innocent', 'Innocent', 'Innocent', 'Innocent', 'Innocent', 'Innocent', 'Innocent', 'Innocent', 'Innocent', 'Innocent', 'Innocent', 'Innocent', 'Innocent', 'Innocent', 'Innocent', 'Innocent', 'Innocent', 'Innocent', 'Innocent', 'Innocent', 'Innocent', 'Innocent', 'Innocent', 'Innocent', 'Innocent', 'Innocent', 'Innocent', 'Innocent', 'Innocent', 'Innocent', 'Innocent', 'Innocent', 'Innocent', 'Innocent', 'Innocent', 'Innocent', 'Innocent', 'Innocent', 'Innocent', 'Innocent', 'Innocent', 'Innocent', 'Innocent', 'Innocent', 'Innocent', 'Innocent', 'Innocent', 'Innocent', 'Innocent', 'Innocent', 'Innocent', 'Innocent', 'Innocent', 'Innocent', 'Innocent', 'Innocent', 'Innocent', 'Innocent', 'Innocent', 'Innocent', 'Innocent', 'Innocent', 'Innocent', 'Innocent', 'Innocent', 'Innocent', 'Innocent', 'Innocent', 'Innocent', 'Innocent', 'Innocent', 'Innocent', 'Innocent', 'Innocent', 'Innocent', 'Innocent', 'Innocent', 'Innocent', 'Innocent', 'Innocent', 'Innocent', 'Innocent', 'Innocent', 'Innocent', 'Innocent', 'Innocent', 'Innocent', 'Innocent', 'Innocent', 'Innocent', 'Innocent', 'Innocent', 'Innocent', 'Innocent', 'Innocent', 'Innocent', 'Innocent', 'Innocent', 'Innocent', 'Innocent', 'Innocent', 'Innocent', 'Innocent', 'Innocent', 'Innocent', 'Innocent', 'Innocent', 'Innocent', 'Innocent', 'Innocent', 'Innocent', 'Innocent', 'Innocent', 'Innocent', 'Innocent', 'Innocent', 'Innocent', 'Innocent', 'Innocent', 'Innocent', 'Innocent', 'Innocent', 'Innocent', 'Innocent', 'Innocent', 'Innocent', 'Innocent', 'Innocent', 'Innocent', 'Innocent', 'Innocent', 'Innocent', 'Innocent', 'Innocent', 'Innocent', 'Innocent', 'Innocent', 'Innocent', 'Innocent', 'Innocent', 'Innocent', 'Innocent', 'Innocent', 'Innocent', 'Innocent', 'Innocent', 'Innocent', 'Innocent', 'Innocent', 'Innocent', 'Innocent', 'Innocent', 'Innocent', 'Innocent', 'Innocent', 'Innocent', 'Innocent', 'Innocent', 'Innocent', 'Innocent', 'Innocent', 'Innocent', 'Innocent', 'Innocent', 'Innocent', 'Innocent', 'Innocent', 'Innocent', 'Innocent', 'Innocent', 'Innocent', 'Innocent', 'Innocent', 'Innocent', 'Innocent', 'Innocent', 'Innocent', 'Innocent', 'Innocent', 'Innocent', 'Innocent', 'Innocent', 'Innocent', 'Innocent', 'Innocent', 'Innocent', 'Innocent', 'Innocent', 'Innocent', 'Innocent', 'Innocent', 'Innocent', 'Innocent', 'Innocent', 'Innocent', 'Innocent', 'Innocent', 'Innocent', 'Innocent', 'Innocent', 'Innocent', 'Innocent', 'Innocent', 'Innocent', 'Innocent', 'Innocent', 'Innocent', 'Innocent', 'Innocent', 'Innocent', 'Innocent', 'Innocent', 'Innocent', 'Innocent', 'Innocent', 'Innocent', 'Innocent', 'Innocent', 'Innocent', 'Innocent', 'Innocent', 'Innocent', 'Innocent', 'Innocent', 'Innocent', 'Innocent', 'Innocent', 'Innocent', 'Innocent', 'Innocent', 'Innocent', 'Innocent', 'Innocent', 'Innocent', 'Innocent', 'Innocent', 'Innocent', 'Innocent', 'Innocent', 'Innocent', 'Innocent', 'Innocent', 'Innocent', 'Innocent', 'Innocent', 'Innocent', 'Innocent', 'Innocent', 'Innocent', 'Innocent', 'Innocent', 'Innocent', 'Innocent', 'Innocent', 'Innocent', 'Innocent', 'Innocent', 'Innocent', 'Innocent', 'Innocent', 'Innocent', 'Innocent', 'Innocent', 'Innocent', 'Innocent', 'Innocent', 'Innocent', 'Innocent', 'Innocent', 'Innocent', 'Innocent', 'Innocent', 'Innocent', 'Innocent', 'Innocent', 'Innocent', 'Innocent', 'Innocent', 'Innocent', 'Innocent', 'Innocent', 'Innocent', 'Innocent', 'Innocent', 'Innocent', 'Innocent', 'Innocent', 'Innocent', 'Innocent', 'Innocent', 'Innocent', 'Innocent', 'Innocent', 'Innocent', 'Innocent', 'Innocent', 'Innocent', 'Innocent', 'Innocent', 'Innocent', 'Innocent', 'Innocent', 'Innocent', 'Innocent', 'Innocent', 'Innocent', 'Innocent', 'Innocent', 'Innocent', 'Innocent', 'Innocent', 'Innocent', 'Innocent', 'Innocent', 'Innocent', 'Innocent', 'Innocent', 'Innocent', 'Innocent', 'Innocent', 'Innocent', 'Innocent', 'Innocent', 'Innocent', 'Innocent', 'Innocent', 'Innocent', 'Innocent', 'Innocent', 'Innocent', 'Innocent', 'Innocent', 'Innocent', 'Innocent', 'Innocent', 'Innocent', 'Innocent', 'Innocent', 'Innocent', 'Innocent', 'Innocent', 'Innocent', 'Innocent', 'Innocent', 'Innocent', 'Innocent', 'Innocent', 'Innocent', 'Innocent', 'Innocent', 'Innocent', 'Innocent', 'Innocent', 'Innocent', 'Innocent', 'Innocent', 'Innocent', 'Innocent', 'Innocent', 'Innocent', 'Innocent', 'Innocent', 'Innocent', 'Innocent', 'Innocent', 'Innocent', 'Innocent', 'Innocent', 'Innocent', 'Innocent', 'Innocent', 'Innocent', 'Innocent', 'Innocent', 'Innocent', 'Innocent', 'Innocent', 'Innocent', 'Innocent', 'Innocent', 'Innocent', 'Innocent', 'Innocent', 'Innocent', 'Innocent', 'Innocent', 'Innocent', 'Innocent', 'Innocent', 'Innocent', 'Innocent', 'Innocent', 'Innocent', 'Innocent', 'Innocent', 'Innocent', 'Innocent', 'Innocent', 'Innocent', 'Innocent', 'Innocent', 'Innocent', 'Innocent', 'Innocent', 'Innocent', 'Innocent', 'Innocent', 'Innocent', 'Innocent', 'Innocent', 'Innocent', 'Innocent', 'Innocent', 'Innocent', 'Innocent', 'Innocent', 'Innocent', 'Innocent', 'Innocent', 'Innocent', 'Innocent', 'Innocent', 'Innocent', 'Innocent', 'Innocent', 'Innocent', 'Innocent', 'Innocent', 'Innocent', 'Innocent', 'Innocent', 'Innocent', 'Innocent', 'Innocent', 'Innocent', 'Innocent', 'Innocent', 'Innocent', 'Innocent', 'Innocent', 'Innocent', 'Innocent', 'Innocent', 'Innocent', 'Innocent', 'Innocent', 'Innocent', 'Innocent', 'Innocent', 'Innocent', 'Innocent', 'Innocent', 'Innocent', 'Innocent', 'Innocent', 'Innocent', 'Innocent', 'Innocent', 'Innocent', 'Innocent', 'Innocent', 'Innocent', 'Innocent', 'Innocent', 'Innocent', 'Innocent', 'Innocent', 'Innocent', 'Innocent', 'Innocent', 'Innocent', 'Innocent', 'Innocent', 'Innocent', 'Innocent', 'Innocent', 'Innocent', 'Innocent', 'Innocent', 'Innocent', 'Innocent', 'Innocent', 'Innocent', 'Innocent', 'Innocent', 'Innocent', 'Innocent', 'Innocent', 'Innocent', 'Innocent', 'Innocent', 'Innocent', 'Innocent', 'Innocent', 'Innocent', 'Innocent', 'Innocent', 'Innocent', 'Innocent', 'Innocent', 'Innocent', 'Innocent', 'Innocent', 'Innocent', 'Innocent', 'Innocent', 'Innocent', 'Innocent', 'Innocent', 'Innocent', 'Innocent', 'Innocent', 'Innocent', 'Innocent', 'Innocent', 'Innocent', 'Innocent', 'Innocent', 'Innocent', 'Innocent', 'Innocent', 'Innocent', 'Innocent', 'Innocent', 'Innocent', 'Innocent', 'Innocent', 'Innocent', 'Innocent', 'Innocent', 'Innocent', 'Innocent', 'Innocent', 'Innocent', 'Innocent', 'Innocent', 'Innocent', 'Innocent', 'Innocent', 'Innocent', 'Innocent', 'Innocent', 'Innocent', 'Innocent', 'Innocent', 'Innocent', 'Innocent', 'Innocent', 'Innocent', 'Innocent', 'Innocent', 'Innocent', 'Innocent', 'Innocent', 'Innocent', 'Innocent', 'Innocent', 'Innocent', 'Innocent', 'Innocent', 'Innocent', 'Innocent', 'Innocent', 'Innocent', 'Innocent', 'Innocent', 'Innocent', 'Innocent', 'Innocent', 'Innocent', 'Innocent', 'Innocent', 'Innocent', 'Innocent', 'Innocent', 'Innocent', 'Innocent', 'Innocent', 'Innocent', 'Innocent', 'Innocent', 'Innocent', 'Innocent', 'Innocent', 'Innocent', 'Innocent', 'Innocent', 'Innocent', 'Innocent', 'Innocent', 'Innocent', 'Innocent', 'Innocent', 'Innocent', 'Innocent', 'Innocent', 'Innocent', 'Innocent', 'Innocent', 'Innocent', 'Innocent', 'Innocent', 'Innocent', 'Innocent', 'Innocent', 'Innocent', 'Innocent', 'Innocent', 'Innocent', 'Innocent', 'Innocent', 'Innocent', 'Innocent', 'Innocent', 'Innocent', 'Innocent', 'Innocent', 'Innocent', 'Innocent', 'Innocent', 'Innocent', 'Innocent', 'Innocent', 'Innocent', 'Innocent', 'Innocent', 'Innocent', 'Innocent', 'Innocent', 'Innocent', 'Innocent', 'Innocent', 'Innocent', 'Innocent', 'Innocent', 'Innocent', 'Innocent', 'Innocent', 'Innocent', 'Innocent', 'Innocent', 'Innocent', 'Innocent', 'Innocent', 'Innocent', 'Innocent', 'Innocent', 'Innocent', 'Innocent', 'Innocent', 'Innocent', 'Innocent', 'Innocent', 'Innocent', 'Innocent', 'Innocent', 'Innocent', 'Innocent', 'Innocent', 'Innocent', 'Innocent', 'Innocent', 'Innocent', 'Innocent', 'Innocent', 'Innocent', 'Innocent', 'Innocent', 'Innocent', 'Innocent', 'Innocent', 'Innocent', 'Innocent', 'Innocent', 'Innocent', 'Innocent', 'Innocent', 'Innocent', 'Innocent', 'Innocent', 'Innocent', 'Innocent', 'Innocent', 'Innocent', 'Innocent', 'Innocent', 'Innocent', 'Innocent', 'Innocent', 'Innocent', 'Innocent', 'Innocent', 'Innocent', 'Innocent', 'Innocent', 'Innocent', 'Innocent', 'Innocent', 'Innocent', 'Innocent', 'Innocent', 'Innocent', 'Innocent', 'Innocent', 'Innocent', 'Innocent', 'Innocent', 'Innocent', 'Innocent', 'Innocent', 'Innocent', 'Innocent', 'Innocent', 'Innocent', 'Innocent', 'Innocent', 'Innocent', 'Innocent', 'Innocent', 'Innocent', 'Innocent', 'Innocent', 'Innocent', 'Innocent', 'Innocent', 'Innocent', 'Innocent', 'Innocent', 'Innocent', 'Innocent', 'Innocent', 'Innocent', 'Innocent', 'Innocent', 'Innocent', 'Innocent', 'Innocent', 'Innocent', 'Innocent', 'Innocent', 'Innocent', 'Innocent', 'Innocent', 'Innocent', 'Innocent', 'Innocent', 'Innocent', 'Innocent', 'Innocent', 'Innocent', 'Innocent', 'Innocent', 'Innocent', 'Innocent', 'Innocent', 'Innocent', 'Innocent', 'Innocent', 'Innocent', 'Innocent', 'Innocent', 'Innocent', 'Innocent', 'Innocent', 'Innocent', 'Innocent', 'Innocent', 'Innocent', 'Innocent', 'Innocent', 'Innocent', 'Innocent', 'Innocent', 'Innocent', 'Innocent', 'Innocent', 'Innocent', 'Innocent', 'Innocent', 'Innocent', 'Innocent', 'Innocent', 'Innocent', 'Innocent', 'Innocent', 'Innocent', 'Innocent', 'Innocent', 'Innocent', 'Innocent', 'Innocent', 'Innocent', 'Innocent', 'Innocent', 'Innocent', 'Innocent', 'Innocent', 'Innocent', 'Innocent', 'Innocent', 'Innocent', 'Innocent', 'Innocent', 'Innocent', 'Innocent', 'Innocent', 'Innocent', 'Innocent', 'Innocent', 'Innocent', 'Innocent', 'Innocent', 'Innocent', 'Innocent', 'Innocent', 'Innocent', 'Innocent', 'Innocent', 'Innocent', 'Innocent', 'Innocent', 'Innocent', 'Innocent', 'Innocent', 'Innocent', 'Innocent', 'Innocent', 'Innocent', 'Innocent', 'Innocent', 'Innocent', 'Innocent', 'Innocent', 'Innocent', 'Innocent', 'Innocent', 'Innocent', 'Innocent', 'Innocent', 'Innocent', 'Innocent', 'Innocent', 'Innocent', 'Innocent', 'Innocent', 'Innocent', 'Innocent', 'Innocent', 'Innocent', 'Innocent', 'Innocent', 'Innocent', 'Innocent', 'Innocent', 'Innocent', 'Innocent', 'Innocent', 'Innocent', 'Innocent', 'Innocent', 'Innocent', 'Innocent', 'Innocent', 'Innocent', 'Innocent', 'Innocent', 'Innocent', 'Innocent', 'Innocent', 'Innocent', 'Innocent', 'Innocent', 'Innocent', 'Innocent', 'Innocent', 'Innocent', 'Innocent', 'Innocent', 'Innocent', 'Innocent', 'Innocent', 'Innocent', 'Innocent', 'Innocent', 'Innocent', 'Innocent', 'Innocent', 'Innocent', 'Innocent', 'Innocent', 'Innocent', 'Innocent', 'Innocent', 'Innocent', 'Innocent', 'Innocent', 'Innocent', 'Innocent', 'Innocent', 'Innocent', 'Innocent', 'Innocent', 'Innocent', 'Innocent', 'Innocent', 'Innocent', 'Innocent', 'Innocent', 'Innocent', 'Innocent', 'Innocent', 'Innocent', 'Innocent', 'Innocent', 'Innocent', 'Innocent', 'Innocent', 'Innocent', 'Innocent', 'Innocent', 'Innocent', 'Innocent', 'Innocent', 'Innocent', 'Innocent', 'Innocent', 'Innocent', 'Innocent', 'Innocent', 'Innocent', 'Innocent', 'Innocent', 'Innocent', 'Innocent', 'Innocent', 'Innocent', 'Innocent', 'Innocent', 'Innocent', 'Innocent', 'Innocent', 'Innocent', 'Innocent', 'Innocent', 'Innocent', 'Innocent', 'Innocent', 'Innocent', 'Innocent', 'Innocent', 'Innocent', 'Innocent', 'Innocent', 'Innocent', 'Innocent', 'Innocent', 'Innocent', 'Innocent', 'Innocent', 'Innocent', 'Innocent', 'Innocent', 'Innocent', 'Innocent', 'Innocent', 'Innocent', 'Innocent', 'Innocent', 'Innocent', 'Innocent', 'Innocent', 'Innocent', 'Innocent', 'Innocent', 'Innocent', 'Innocent', 'Innocent', 'Innocent', 'Innocent', 'Innocent', 'Innocent', 'Innocent', 'Innocent', 'Innocent', 'Innocent', 'Innocent', 'Innocent', 'Innocent', 'Innocent', 'Innocent', 'Innocent', 'Innocent', 'Innocent', 'Innocent', 'Innocent', 'Innocent', 'Innocent', 'Innocent', 'Innocent', 'Innocent', 'Innocent', 'Innocent', 'Innocent', 'Innocent', 'Innocent', 'Innocent', 'Innocent', 'Innocent', 'Innocent', 'Innocent', 'Innocent', 'Innocent', 'Innocent', 'Innocent', 'Innocent', 'Innocent', 'Innocent', 'Innocent', 'Innocent', 'Innocent', 'Innocent', 'Innocent', 'Innocent', 'Innocent', 'Innocent', 'Innocent', 'Innocent', 'Innocent', 'Innocent', 'Innocent', 'Innocent', 'Innocent', 'Innocent', 'Innocent', 'Innocent', 'Innocent', 'Innocent', 'Innocent', 'Innocent', 'Innocent', 'Innocent', 'Innocent', 'Innocent', 'Innocent', 'Innocent', 'Innocent', 'Innocent', 'Innocent', 'Innocent', 'Innocent', 'Innocent', 'Innocent', 'Innocent', 'Innocent', 'Innocent', 'Innocent', 'Innocent', 'Innocent', 'Innocent', 'Innocent', 'Innocent', 'Innocent', 'Innocent', 'Innocent', 'Innocent', 'Innocent', 'Innocent', 'Innocent', 'Innocent', 'Innocent', 'Innocent', 'Innocent', 'Innocent', 'Innocent', 'Innocent', 'Innocent', 'Innocent', 'Innocent', 'Innocent', 'Innocent', 'Innocent', 'Innocent', 'Innocent', 'Innocent', 'Innocent', 'Innocent', 'Innocent', 'Innocent', 'Innocent', 'Innocent', 'Innocent', 'Innocent', 'Innocent', 'Innocent', 'Innocent', 'Innocent', 'Innocent', 'Innocent', 'Innocent', 'Innocent', 'Innocent', 'Innocent', 'Innocent', 'Innocent', 'Innocent', 'Innocent', 'Innocent', 'Innocent', 'Innocent', 'Innocent', 'Innocent', 'Innocent', 'Innocent', 'Innocent', 'Innocent', 'Innocent', 'Innocent', 'Innocent', 'Innocent', 'Innocent', 'Innocent', 'Innocent', 'Innocent', 'Innocent', 'Innocent', 'Innocent', 'Innocent', 'Innocent', 'Innocent', 'Innocent', 'Innocent', 'Innocent', 'Innocent', 'Innocent', 'Innocent', 'Innocent', 'Innocent', 'Innocent', 'Innocent', 'Innocent', 'Innocent', 'Innocent', 'Innocent', 'Innocent', 'Innocent', 'Innocent', 'Innocent', 'Innocent', 'Innocent', 'Innocent', 'Innocent', 'Innocent', 'Innocent', 'Innocent', 'Innocent', 'Innocent', 'Innocent', 'Innocent', 'Innocent', 'Innocent', 'Innocent', 'Innocent', 'Innocent', 'Innocent', 'Innocent', 'Innocent', 'Innocent', 'Innocent', 'Innocent', 'Innocent', 'Innocent', 'Innocent', 'Innocent', 'Innocent', 'Innocent', 'Innocent', 'Innocent', 'Innocent', 'Innocent', 'Innocent', 'Innocent', 'Innocent', 'Innocent', 'Innocent', 'Innocent', 'Innocent', 'Innocent', 'Innocent', 'Innocent', 'Innocent', 'Innocent', 'Innocent', 'Innocent', 'Innocent', 'Innocent', 'Innocent', 'Innocent', 'Innocent', 'Innocent', 'Innocent', 'Innocent', 'Innocent', 'Innocent', 'Innocent', 'Innocent', 'Innocent', 'Innocent', 'Innocent', 'Innocent', 'Innocent', 'Innocent', 'Innocent', 'Innocent', 'Innocent', 'Innocent', 'Innocent', 'Innocent', 'Innocent', 'Innocent', 'Innocent', 'Innocent', 'Innocent', 'Innocent', 'Innocent', 'Innocent', 'Innocent', 'Innocent', 'Innocent', 'Innocent', 'Innocent', 'Innocent', 'Innocent', 'Innocent', 'Innocent', 'Innocent', 'Innocent', 'Innocent', 'Innocent', 'Innocent', 'Innocent', 'Innocent', 'Innocent', 'Innocent', 'Innocent', 'Innocent', 'Innocent', 'Innocent', 'Innocent', 'Innocent', 'Innocent', 'Innocent', 'Innocent', 'Innocent', 'Innocent', 'Innocent', 'Innocent', 'Innocent', 'Innocent', 'Innocent', 'Innocent', 'Innocent', 'Innocent', 'Innocent', 'Innocent', 'Innocent', 'Innocent', 'Innocent', 'Innocent', 'Innocent', 'Innocent', 'Innocent', 'Innocent', 'Innocent', 'Innocent', 'Innocent', 'Innocent', 'Innocent', 'Innocent', 'Innocent', 'Innocent', 'Innocent', 'Innocent', 'Innocent', 'Innocent', 'Innocent', 'Innocent', 'Innocent', 'Innocent', 'Innocent', 'Innocent', 'Innocent', 'Innocent', 'Innocent', 'Innocent', 'Innocent', 'Innocent', 'Innocent', 'Innocent', 'Innocent', 'Innocent', 'Innocent', 'Innocent', 'Innocent', 'Innocent', 'Innocent', 'Innocent', 'Innocent', 'Innocent', 'Innocent', 'Innocent', 'Innocent', 'Innocent', 'Innocent', 'Innocent', 'Innocent', 'Innocent', 'Innocent', 'Innocent', 'Innocent', 'Innocent', 'Innocent', 'Innocent', 'Innocent', 'Innocent', 'Innocent', 'Innocent', 'Innocent', 'Innocent', 'Innocent', 'Innocent', 'Innocent', 'Innocent', 'Innocent', 'Innocent', 'Innocent', 'Innocent', 'Innocent', 'Innocent', 'Innocent', 'Innocent', 'Innocent', 'Innocent', 'Innocent', 'Innocent', 'Innocent', 'Innocent', 'Innocent', 'Innocent', 'Innocent', 'Innocent', 'Innocent', 'Innocent', 'Innocent', 'Innocent', 'Innocent', 'Innocent', 'Innocent', 'Innocent', 'Innocent', 'Innocent', 'Innocent', 'Innocent', 'Innocent', 'Innocent', 'Innocent', 'Innocent', 'Innocent', 'Innocent', 'Innocent', 'Innocent', 'Innocent', 'Innocent', 'Innocent', 'Innocent', 'Innocent', 'Innocent', 'Innocent', 'Innocent', 'Innocent', 'Innocent', 'Innocent', 'Innocent', 'Innocent', 'Innocent', 'Innocent', 'Innocent', 'Innocent', 'Innocent', 'Innocent', 'Innocent', 'Innocent', 'Innocent', 'Innocent', 'Innocent', 'Innocent', 'Innocent', 'Innocent', 'Innocent', 'Innocent', 'Innocent', 'Innocent', 'Innocent', 'Innocent', 'Innocent', 'Innocent', 'Innocent', 'Innocent', 'Innocent', 'Innocent', 'Innocent', 'Innocent', 'Innocent', 'Innocent', 'Innocent', 'Innocent', 'Innocent', 'Innocent', 'Innocent', 'Innocent', 'Innocent', 'Innocent', 'Innocent', 'Innocent', 'Innocent', 'Innocent', 'Innocent', 'Innocent', 'Innocent', 'Innocent', 'Innocent', 'Innocent', 'Innocent', 'Innocent', 'Innocent', 'Innocent', 'Innocent', 'Innocent', 'Innocent', 'Innocent', 'Innocent', 'Innocent', 'Innocent', 'Innocent', 'Innocent', 'Innocent', 'Innocent', 'Innocent', 'Innocent', 'Innocent', 'Innocent', 'Innocent', 'Innocent', 'Innocent', 'Innocent', 'Innocent', 'Innocent', 'Innocent', 'Innocent', 'Innocent', 'Innocent', 'Innocent', 'Innocent', 'Innocent', 'Innocent', 'Innocent', 'Innocent', 'Innocent', 'Innocent', 'Innocent', 'Innocent', 'Innocent', 'Innocent', 'Innocent', 'Innocent', 'Innocent', 'Innocent', 'Innocent', 'Innocent', 'Innocent', 'Innocent', 'Innocent', 'Innocent', 'Innocent', 'Innocent', 'Innocent', 'Innocent', 'Innocent', 'Innocent', 'Innocent', 'Innocent', 'Innocent', 'Innocent', 'Innocent', 'Innocent', 'Innocent', 'Innocent', 'Innocent', 'Innocent', 'Innocent', 'Innocent', 'Innocent', 'Innocent', 'Innocent', 'Innocent', 'Innocent', 'Innocent', 'Innocent', 'Innocent', 'Innocent', 'Innocent', 'Innocent', 'Innocent', 'Innocent', 'Innocent', 'Innocent', 'Innocent', 'Innocent', 'Innocent', 'Innocent', 'Innocent', 'Innocent', 'Innocent', 'Innocent', 'Innocent', 'Innocent', 'Innocent', 'Innocent', 'Innocent', 'Innocent', 'Innocent', 'Innocent', 'Innocent', 'Innocent', 'Innocent', 'Innocent', 'Innocent', 'Innocent', 'Innocent', 'Innocent', 'Innocent', 'Innocent', 'Innocent', 'Innocent', 'Innocent', 'Innocent', 'Innocent', 'Innocent', 'Innocent', 'Innocent', 'Innocent', 'Innocent', 'Innocent', 'Innocent', 'Innocent', 'Innocent', 'Innocent', 'Innocent', 'Innocent', 'Innocent', 'Innocent', 'Innocent', 'Innocent', 'Innocent', 'Innocent', 'Innocent', 'Innocent', 'Innocent', 'Innocent', 'Innocent', 'Innocent', 'Innocent', 'Innocent', 'Innocent', 'Innocent', 'Innocent', 'Innocent', 'Innocent', 'Innocent', 'Innocent', 'Innocent', 'Innocent', 'Innocent', 'Innocent', 'Innocent', 'Innocent', 'Innocent', 'Innocent', 'Innocent', 'Innocent', 'Innocent', 'Innocent', 'Innocent', 'Innocent', 'Innocent', 'Innocent', 'Innocent', 'Innocent', 'Innocent', 'Innocent', 'Innocent', 'Innocent', 'Innocent', 'Innocent', 'Innocent', 'Innocent', 'Innocent', 'Innocent', 'Innocent', 'Innocent', 'Innocent', 'Innocent', 'Innocent', 'Innocent', 'Innocent', 'Innocent', 'Innocent', 'Innocent', 'Innocent', 'Innocent', 'Innocent', 'Innocent', 'Innocent', 'Innocent', 'Innocent', 'Innocent', 'Innocent', 'Innocent', 'Innocent', 'Innocent', 'Innocent', 'Innocent', 'Innocent', 'Innocent', 'Innocent', 'Innocent', 'Innocent', 'Innocent', 'Innocent', 'Innocent', 'Innocent', 'Innocent', 'Innocent', 'Innocent', 'Innocent', 'Innocent', 'Innocent', 'Innocent', 'Innocent', 'Innocent', 'Innocent', 'Innocent', 'Innocent', 'Innocent', 'Innocent', 'Innocent', 'Innocent', 'Innocent', 'Innocent', 'Innocent', 'Innocent', 'Innocent', 'Innocent', 'Innocent', 'Innocent', 'Innocent', 'Innocent', 'Innocent', 'Innocent', 'Innocent', 'Innocent', 'Innocent', 'Innocent', 'Innocent', 'Innocent', 'Innocent', 'Innocent', 'Innocent', 'Innocent', 'Innocent', 'Innocent', 'Innocent', 'Innocent', 'Innocent', 'Innocent', 'Innocent', 'Innocent', 'Innocent', 'Innocent', 'Innocent', 'Innocent', 'Innocent', 'Innocent', 'Innocent', 'Innocent', 'Innocent', 'Innocent', 'Innocent', 'Innocent', 'Innocent', 'Innocent', 'Innocent', 'Innocent', 'Innocent', 'Innocent', 'Innocent', 'Innocent', 'Innocent', 'Innocent', 'Innocent', 'Innocent', 'Innocent', 'Innocent', 'Innocent', 'Innocent', 'Innocent', 'Innocent', 'Innocent', 'Innocent', 'Innocent', 'Innocent', 'Innocent', 'Innocent', 'Innocent', 'Innocent', 'Innocent', 'Innocent', 'Innocent', 'Innocent', 'Innocent', 'Innocent', 'Innocent', 'Innocent', 'Innocent', 'Innocent', 'Innocent', 'Innocent', 'Innocent', 'Innocent', 'Innocent', 'Innocent', 'Innocent', 'Innocent', 'Innocent', 'Innocent', 'Innocent', 'Innocent', 'Innocent', 'Innocent', 'Innocent', 'Innocent', 'Innocent', 'Innocent', 'Innocent', 'Innocent', 'Innocent', 'Innocent', 'Innocent', 'Innocent', 'Innocent', 'Innocent', 'Innocent', 'Innocent', 'Innocent', 'Innocent', 'Innocent', 'Innocent', 'Innocent', 'Innocent', 'Innocent', 'Innocent', 'Innocent', 'Innocent', 'Innocent', 'Innocent', 'Innocent', 'Innocent', 'Innocent', 'Innocent', 'Innocent', 'Innocent', 'Innocent', 'Innocent', 'Innocent', 'Innocent', 'Innocent', 'Innocent', 'Innocent', 'Innocent', 'Innocent', 'Innocent', 'Innocent', 'Innocent', 'Innocent', 'Innocent', 'Innocent', 'Innocent', 'Innocent', 'Innocent', 'Innocent', 'Innocent', 'Innocent', 'Innocent', 'Innocent', 'Innocent', 'Innocent', 'Innocent', 'Innocent', 'Innocent', 'Innocent', 'Innocent', 'Innocent', 'Innocent', 'Innocent', 'Innocent', 'Innocent', 'Innocent', 'Innocent', 'Innocent', 'Innocent', 'Innocent', 'Innocent', 'Innocent', 'Innocent', 'Innocent', 'Innocent', 'Innocent', 'Innocent', 'Innocent', 'Innocent', 'Innocent', 'Innocent', 'Innocent', 'Innocent', 'Innocent', 'Innocent', 'Innocent', 'Innocent', 'Innocent', 'Innocent', 'Innocent', 'Innocent', 'Innocent', 'Innocent', 'Innocent', 'Innocent', 'Innocent', 'Innocent', 'Innocent', 'Innocent', 'Innocent', 'Innocent', 'Innocent', 'Innocent', 'Innocent', 'Innocent', 'Innocent', 'Innocent', 'Innocent', 'Innocent', 'Innocent', 'Innocent', 'Innocent', 'Innocent', 'Innocent', 'Innocent', 'Innocent', 'Innocent', 'Innocent', 'Innocent', 'Innocent', 'Innocent', 'Innocent', 'Innocent', 'Innocent', 'Innocent', 'Innocent', 'Innocent', 'Innocent', 'Innocent', 'Innocent', 'Innocent', 'Innocent', 'Innocent', 'Innocent', 'Innocent', 'Innocent', 'Innocent', 'Innocent', 'Innocent', 'Innocent', 'Innocent', 'Innocent', 'Innocent', 'Innocent', 'Innocent', 'Innocent', 'Innocent', 'Innocent', 'Innocent', 'Innocent', 'Innocent', 'Innocent', 'Innocent', 'Innocent', 'Innocent', 'Innocent', 'Innocent', 'Innocent', 'Innocent', 'Innocent', 'Innocent', 'Innocent', 'Innocent', 'Innocent', 'Innocent', 'Innocent', 'Innocent', 'Innocent', 'Innocent', 'Innocent', 'Innocent', 'Innocent', 'Innocent', 'Innocent', 'Innocent', 'Innocent', 'Innocent', 'Innocent', 'Innocent', 'Innocent', 'Innocent', 'Innocent', 'Innocent', 'Innocent', 'Innocent', 'Innocent', 'Innocent', 'Innocent', 'Innocent', 'Innocent', 'Innocent', 'Innocent', 'Innocent', 'Innocent', 'Innocent', 'Innocent', 'Innocent', 'Innocent', 'Innocent', 'Innocent', 'Innocent', 'Innocent', 'Innocent', 'Innocent', 'Innocent', 'Innocent', 'Innocent', 'Innocent', 'Innocent', 'Innocent', 'Innocent', 'Innocent', 'Innocent', 'Innocent', 'Innocent', 'Innocent', 'Innocent', 'Innocent', 'Innocent', 'Innocent', 'Innocent', 'Innocent', 'Innocent', 'Innocent', 'Innocent', 'Innocent', 'Innocent', 'Innocent', 'Innocent', 'Innocent', 'Innocent', 'Innocent', 'Innocent', 'Innocent', 'Innocent', 'Innocent', 'Innocent', 'Innocent', 'Innocent', 'Innocent', 'Innocent', 'Innocent', 'Innocent', 'Innocent', 'Innocent', 'Innocent', 'Innocent', 'Innocent', 'Innocent', 'Innocent', 'Innocent', 'Innocent', 'Innocent', 'Innocent', 'Innocent', 'Innocent', 'Innocent', 'Innocent', 'Innocent', 'Innocent', 'Innocent', 'Innocent', 'Innocent', 'Innocent', 'Innocent', 'Innocent', 'Innocent', 'Innocent', 'Innocent', 'Innocent', 'Innocent', 'Innocent', 'Innocent', 'Innocent', 'Innocent', 'Innocent', 'Innocent', 'Innocent', 'Innocent', 'Innocent', 'Innocent', 'Innocent', 'Innocent', 'Innocent', 'Innocent', 'Innocent', 'Innocent', 'Innocent', 'Innocent', 'Innocent', 'Innocent', 'Innocent', 'Innocent', 'Innocent', 'Innocent', 'Innocent', 'Innocent', 'Innocent', 'Innocent', 'Innocent', 'Innocent', 'Innocent', 'Innocent', 'Innocent', 'Innocent', 'Innocent', 'Innocent', 'Innocent', 'Innocent', 'Innocent', 'Innocent', 'Innocent', 'Innocent', 'Innocent', 'Innocent', 'Innocent', 'Innocent', 'Innocent', 'Innocent', 'Innocent', 'Innocent', 'Innocent', 'Innocent', 'Innocent', 'Innocent', 'Innocent', 'Innocent', 'Innocent', 'Innocent', 'Innocent', 'Innocent', 'Innocent', 'Innocent', 'Innocent', 'Innocent', 'Innocent', 'Innocent', 'Innocent', 'Innocent', 'Innocent', 'Innocent', 'Innocent', 'Innocent', 'Innocent', 'Innocent', 'Innocent', 'Innocent', 'Innocent', 'Innocent', 'Innocent', 'Innocent', 'Innocent', 'Innocent', 'Innocent', 'Innocent', 'Innocent', 'Innocent', 'Innocent', 'Innocent', 'Innocent', 'Innocent', 'Innocent', 'Innocent', 'Innocent', 'Innocent', 'Innocent', 'Innocent', 'Innocent', 'Innocent', 'Innocent', 'Innocent', 'Innocent', 'Innocent', 'Innocent', 'Innocent', 'Innocent', 'Innocent', 'Innocent', 'Innocent', 'Innocent', 'Innocent', 'Innocent', 'Innocent', 'Innocent', 'Innocent', 'Innocent', 'Innocent', 'Innocent', 'Innocent', 'Innocent', 'Innocent', 'Innocent', 'Innocent', 'Innocent', 'Innocent', 'Innocent', 'Innocent', 'Innocent', 'Innocent', 'Innocent', 'Innocent', 'Innocent', 'Innocent', 'Innocent', 'Innocent', 'Innocent', 'Innocent', 'Innocent', 'Innocent', 'Innocent', 'Innocent', 'Innocent', 'Innocent', 'Innocent', 'Innocent', 'Innocent', 'Innocent', 'Innocent', 'Innocent', 'Innocent', 'Innocent', 'Innocent', 'Innocent', 'Innocent', 'Innocent', 'Innocent', 'Innocent', 'Innocent', 'Innocent', 'Innocent', 'Innocent', 'Innocent', 'Innocent', 'Innocent', 'Innocent', 'Innocent', 'Innocent', 'Innocent', 'Innocent', 'Innocent', 'Innocent', 'Innocent', 'Innocent', 'Innocent', 'Innocent', 'Innocent', 'Innocent', 'Innocent', 'Innocent', 'Innocent', 'Innocent', 'Innocent', 'Innocent', 'Innocent', 'Innocent', 'Innocent', 'Innocent', 'Innocent', 'Innocent', 'Innocent', 'Innocent', 'Innocent', 'Innocent', 'Innocent', 'Innocent', 'Innocent', 'Innocent', 'Innocent', 'Innocent', 'Innocent', 'Innocent', 'Innocent', 'Innocent', 'Innocent', 'Innocent', 'Innocent', 'Innocent', 'Innocent', 'Innocent', 'Innocent', 'Innocent', 'Innocent', 'Innocent', 'Innocent', 'Innocent', 'Innocent', 'Innocent', 'Innocent', 'Innocent', 'Innocent', 'Innocent', 'Innocent', 'Innocent', 'Innocent', 'Innocent', 'Innocent', 'Innocent', 'Innocent', 'Innocent', 'Innocent', 'Innocent', 'Innocent', 'Innocent', 'Innocent', 'Innocent', 'Innocent', 'Innocent', 'Innocent', 'Innocent', 'Innocent', 'Innocent', 'Innocent', 'Innocent', 'Innocent', 'Innocent', 'Innocent', 'Innocent', 'Innocent', 'Innocent', 'Innocent', 'Innocent', 'Innocent', 'Innocent', 'Innocent', 'Innocent', 'Innocent', 'Innocent', 'Innocent', 'Innocent', 'Innocent', 'Innocent', 'Innocent', 'Innocent', 'Innocent', 'Innocent', 'Innocent', 'Innocent', 'Innocent', 'Innocent', 'Innocent', 'Innocent', 'Innocent', 'Innocent', 'Innocent', 'Innocent', 'Innocent', 'Innocent', 'Innocent', 'Innocent', 'Innocent', 'Innocent', 'Innocent', 'Innocent', 'Innocent', 'Innocent', 'Innocent', 'Innocent', 'Innocent', 'Innocent', 'Innocent', 'Innocent', 'Innocent', 'Innocent', 'Innocent', 'Innocent', 'Innocent', 'Innocent', 'Innocent', 'Innocent', 'Innocent', 'Innocent', 'Innocent', 'Innocent', 'Innocent', 'Innocent', 'Innocent', 'Innocent', 'Innocent', 'Innocent', 'Innocent', 'Innocent', 'Innocent', 'Innocent', 'Innocent', 'Innocent', 'Innocent', 'Innocent', 'Innocent', 'Innocent', 'Innocent', 'Innocent', 'Innocent', 'Innocent', 'Innocent', 'Innocent', 'Innocent', 'Innocent', 'Innocent', 'Innocent', 'Innocent', 'Innocent', 'Innocent', 'Innocent', 'Innocent', 'Innocent', 'Innocent', 'Innocent', 'Innocent', 'Innocent', 'Innocent', 'Innocent', 'Innocent', 'Innocent', 'Innocent', 'Innocent', 'Innocent', 'Innocent', 'Innocent', 'Innocent', 'Innocent', 'Innocent', 'Innocent', 'Innocent', 'Innocent', 'Innocent', 'Innocent', 'Innocent', 'Innocent', 'Innocent', 'Innocent', 'Innocent', 'Innocent', 'Innocent', 'Innocent', 'Innocent', 'Innocent', 'Innocent', 'Innocent', 'Innocent', 'Innocent', 'Innocent', 'Innocent', 'Innocent', 'Innocent', 'Innocent', 'Innocent', 'Innocent', 'Innocent', 'Innocent', 'Innocent', 'Innocent', 'Innocent', 'Innocent', 'Innocent', 'Innocent', 'Innocent', 'Innocent', 'Innocent', 'Innocent', 'Innocent', 'Innocent', 'Innocent', 'Innocent', 'Innocent', 'Innocent', 'Innocent', 'Innocent', 'Innocent', 'Innocent', 'Innocent', 'Innocent', 'Innocent', 'Innocent', 'Innocent', 'Innocent', 'Innocent', 'Innocent', 'Innocent', 'Innocent', 'Innocent', 'Innocent', 'Innocent', 'Innocent', 'Innocent', 'Innocent', 'Innocent', 'Innocent', 'Innocent', 'Innocent', 'Innocent', 'Innocent', 'Innocent', 'Innocent', 'Innocent', 'Innocent', 'Innocent', 'Innocent', 'Innocent', 'Innocent', 'Innocent', 'Innocent', 'Innocent', 'Innocent', 'Innocent', 'Innocent', 'Innocent', 'Innocent', 'Innocent', 'Innocent', 'Innocent', 'Innocent', 'Innocent', 'Innocent', 'Innocent', 'Innocent', 'Innocent', 'Innocent', 'Innocent', 'Innocent', 'Innocent', 'Innocent', 'Innocent', 'Innocent', 'Innocent', 'Innocent', 'Innocent', 'Innocent', 'Innocent', 'Innocent', 'Innocent', 'Innocent', 'Innocent', 'Innocent', 'Innocent', 'Innocent', 'Innocent', 'Innocent', 'Innocent', 'Innocent', 'Innocent', 'Innocent', 'Innocent', 'Innocent', 'Innocent', 'Innocent', 'Innocent', 'Innocent', 'Innocent', 'Innocent', 'Innocent', 'Innocent', 'Innocent', 'Innocent', 'Innocent', 'Innocent', 'Innocent', 'Innocent', 'Innocent', 'Innocent', 'Innocent', 'Innocent', 'Innocent', 'Innocent', 'Innocent', 'Innocent', 'Innocent', 'Innocent', 'Innocent', 'Innocent', 'Innocent', 'Innocent', 'Innocent', 'Innocent', 'Innocent', 'Innocent', 'Innocent', 'Innocent', 'Innocent', 'Innocent', 'Innocent', 'Innocent', 'Innocent', 'Innocent', 'Innocent', 'Innocent', 'Innocent', 'Innocent', 'Innocent', 'Innocent', 'Innocent', 'Innocent', 'Innocent', 'Innocent', 'Innocent', 'Innocent', 'Innocent', 'Innocent', 'Innocent', 'Innocent', 'Innocent', 'Innocent', 'Innocent', 'Innocent', 'Innocent', 'Innocent', 'Innocent', 'Innocent', 'Innocent', 'Innocent', 'Innocent', 'Innocent', 'Innocent', 'Innocent', 'Innocent', 'Innocent', 'Innocent', 'Innocent', 'Innocent', 'Innocent', 'Innocent', 'Innocent', 'Innocent', 'Innocent', 'Innocent', 'Innocent', 'Innocent', 'Innocent', 'Innocent', 'Innocent', 'Innocent', 'Innocent', 'Innocent', 'Innocent', 'Innocent', 'Innocent', 'Innocent', 'Innocent', 'Innocent', 'Innocent', 'Innocent', 'Innocent', 'Innocent', 'Innocent', 'Innocent', 'Innocent', 'Innocent', 'Innocent', 'Innocent', 'Innocent', 'Innocent', 'Innocent', 'Innocent', 'Innocent', 'Innocent', 'Innocent', 'Innocent', 'Innocent', 'Innocent', 'Innocent', 'Innocent', 'Innocent', 'Innocent', 'Innocent', 'Innocent', 'Innocent', 'Innocent', 'Innocent', 'Innocent', 'Innocent', 'Innocent', 'Innocent', 'Innocent', 'Innocent', 'Innocent', 'Innocent', 'Innocent', 'Innocent', 'Innocent', 'Innocent', 'Innocent', 'Innocent', 'Innocent', 'Innocent', 'Innocent', 'Innocent', 'Innocent', 'Innocent', 'Innocent', 'Innocent', 'Innocent', 'Innocent', 'Innocent', 'Innocent', 'Innocent', 'Innocent', 'Innocent', 'Innocent', 'Innocent', 'Innocent', 'Innocent', 'Innocent', 'Innocent', 'Innocent', 'Innocent', 'Innocent', 'Innocent', 'Innocent', 'Innocent', 'Innocent', 'Innocent', 'Innocent', 'Innocent', 'Innocent', 'Innocent', 'Innocent', 'Innocent', 'Innocent', 'Innocent', 'Innocent', 'Innocent', 'Innocent', 'Innocent', 'Innocent', 'Innocent', 'Innocent', 'Innocent', 'Innocent', 'Innocent', 'Innocent', 'Innocent', 'Innocent', 'Innocent', 'Innocent', 'Innocent', 'Innocent', 'Innocent', 'Innocent', 'Innocent', 'Innocent', 'Innocent', 'Innocent', 'Innocent', 'Innocent', 'Innocent', 'Innocent', 'Innocent', 'Innocent', 'Innocent', 'Innocent', 'Innocent', 'Innocent', 'Innocent', 'Innocent', 'Innocent', 'Innocent', 'Innocent', 'Innocent', 'Innocent', 'Innocent', 'Innocent', 'Innocent', 'Innocent', 'Innocent', 'Innocent', 'Innocent', 'Innocent', 'Innocent', 'Innocent', 'Innocent', 'Innocent', 'Innocent', 'Innocent', 'Innocent', 'Innocent', 'Innocent', 'Innocent', 'Innocent', 'Innocent', 'Innocent', 'Innocent', 'Innocent', 'Innocent', 'Innocent', 'Innocent', 'Innocent', 'Innocent', 'Innocent', 'Innocent', 'Innocent', 'Innocent', 'Innocent', 'Innocent', 'Innocent', 'Innocent', 'Innocent', 'Innocent', 'Innocent', 'Innocent', 'Innocent', 'Innocent', 'Innocent', 'Innocent', 'Innocent', 'Innocent', 'Innocent', 'Innocent', 'Innocent', 'Innocent', 'Innocent', 'Innocent', 'Innocent', 'Innocent', 'Innocent', 'Innocent', 'Innocent', 'Innocent', 'Innocent', 'Innocent', 'Innocent', 'Innocent', 'Innocent', 'Innocent', 'Innocent', 'Innocent', 'Innocent', 'Innocent', 'Innocent', 'Innocent', 'Innocent', 'Innocent', 'Innocent', 'Innocent', 'Innocent', 'Innocent', 'Innocent', 'Innocent', 'Innocent', 'Innocent', 'Innocent', 'Innocent', 'Innocent', 'Innocent', 'Innocent', 'Innocent', 'Innocent', 'Innocent', 'Innocent', 'Innocent', 'Innocent', 'Innocent', 'Innocent', 'Innocent', 'Innocent', 'Innocent', 'Innocent', 'Innocent', 'Innocent', 'Innocent', 'Innocent', 'Innocent', 'Innocent', 'Innocent', 'Innocent', 'Innocent', 'Innocent', 'Innocent', 'Innocent', 'Innocent', 'Innocent', 'Innocent', 'Innocent', 'Innocent', 'Innocent', 'Innocent', 'Innocent', 'Innocent', 'Innocent', 'Innocent', 'Innocent', 'Innocent', 'Innocent', 'Innocent', 'Innocent', 'Innocent', 'Innocent', 'Innocent', 'Innocent', 'Innocent', 'Innocent', 'Innocent', 'Innocent', 'Innocent', 'Innocent', 'Innocent', 'Innocent', 'Innocent', 'Innocent', 'Innocent', 'Innocent', 'Innocent', 'Innocent', 'Innocent', 'Innocent', 'Innocent', 'Innocent', 'Innocent', 'Innocent', 'Innocent', 'Innocent', 'Innocent', 'Innocent', 'Innocent', 'Innocent', 'Innocent', 'Innocent', 'Innocent', 'Innocent', 'Innocent', 'Innocent', 'Innocent', 'Innocent', 'Innocent', 'Innocent', 'Innocent', 'Innocent', 'Innocent', 'Innocent', 'Innocent', 'Innocent', 'Innocent', 'Innocent', 'Innocent', 'Innocent', 'Innocent', 'Innocent', 'Innocent', 'Innocent', 'Innocent', 'Innocent', 'Innocent', 'Innocent', 'Innocent', 'Innocent', 'Innocent', 'Innocent', 'Innocent', 'Innocent', 'Innocent', 'Innocent', 'Innocent', 'Innocent', 'Innocent', 'Innocent', 'Innocent', 'Innocent', 'Innocent', 'Innocent', 'Innocent', 'Innocent', 'Innocent', 'Innocent', 'Innocent', 'Innocent', 'Innocent', 'Innocent', 'Innocent', 'Innocent', 'Innocent', 'Innocent', 'Innocent', 'Innocent', 'Innocent', 'Innocent', 'Innocent', 'Innocent', 'Innocent', 'Innocent', 'Innocent', 'Innocent', 'Innocent', 'Innocent', 'Innocent', 'Innocent', 'Innocent', 'Innocent', 'Innocent', 'Innocent', 'Innocent', 'Innocent', 'Innocent', 'Innocent', 'Innocent', 'Innocent', 'Innocent', 'Innocent', 'Innocent', 'Innocent', 'Innocent', 'Innocent', 'Innocent', 'Innocent', 'Innocent', 'Innocent', 'Innocent', 'Innocent', 'Innocent', 'Innocent', 'Innocent', 'Innocent', 'Innocent', 'Innocent', 'Innocent', 'Innocent', 'Innocent', 'Innocent', 'Innocent', 'Innocent', 'Innocent', 'Innocent', 'Innocent', 'Innocent', 'Innocent', 'Innocent', 'Innocent', 'Innocent', 'Innocent', 'Innocent', 'Innocent', 'Innocent', 'Innocent', 'Innocent', 'Innocent', 'Innocent', 'Innocent', 'Innocent', 'Innocent', 'Innocent', 'Innocent', 'Innocent', 'Innocent', 'Innocent', 'Innocent', 'Innocent', 'Innocent', 'Innocent', 'Innocent', 'Innocent', 'Innocent', 'Innocent', 'Innocent', 'Innocent', 'Innocent', 'Innocent', 'Innocent', 'Innocent', 'Innocent', 'Innocent', 'Innocent', 'Innocent', 'Innocent', 'Innocent', 'Innocent', 'Innocent', 'Innocent', 'Innocent', 'Innocent', 'Innocent', 'Innocent', 'Innocent', 'Innocent', 'Innocent', 'Innocent', 'Innocent', 'Innocent', 'Innocent', 'Innocent', 'Innocent', 'Innocent', 'Innocent', 'Innocent', 'Innocent', 'Innocent', 'Innocent', 'Innocent', 'Innocent', 'Innocent', 'Innocent', 'Innocent', 'Innocent', 'Innocent', 'Innocent', 'Innocent', 'Innocent', 'Innocent', 'Innocent', 'Innocent', 'Innocent', 'Innocent', 'Innocent', 'Innocent', 'Innocent', 'Innocent', 'Innocent', 'Innocent', 'Innocent', 'Innocent', 'Innocent', 'Innocent', 'Innocent', 'Innocent', 'Innocent', 'Innocent', 'Innocent', 'Innocent', 'Innocent', 'Innocent', 'Innocent', 'Innocent', 'Innocent', 'Innocent', 'Innocent', 'Innocent', 'Innocent', 'Innocent', 'Innocent', 'Innocent', 'Innocent', 'Innocent', 'Innocent', 'Innocent', 'Innocent', 'Innocent', 'Innocent', 'Innocent', 'Innocent', 'Innocent', 'Innocent', 'Innocent', 'Innocent', 'Innocent', 'Innocent', 'Innocent', 'Innocent', 'Innocent', 'Innocent', 'Innocent', 'Innocent', 'Innocent', 'Innocent', 'Innocent', 'Innocent', 'Innocent', 'Innocent', 'Innocent', 'Innocent', 'Innocent', 'Innocent', 'Innocent', 'Innocent', 'Innocent', 'Innocent', 'Innocent', 'Innocent', 'Innocent', 'Innocent', 'Innocent', 'Innocent', 'Innocent', 'Innocent', 'Innocent', 'Innocent', 'Innocent', 'Innocent', 'Innocent', 'Innocent', 'Innocent', 'Innocent', 'Innocent', 'Innocent', 'Innocent', 'Innocent', 'Innocent', 'Innocent', 'Innocent', 'Innocent', 'Innocent', 'Innocent', 'Innocent', 'Innocent', 'Innocent', 'Innocent', 'Innocent', 'Innocent', 'Innocent', 'Innocent', 'Innocent', 'Innocent', 'Innocent', 'Innocent', 'Innocent', 'Innocent', 'Innocent', 'Innocent', 'Innocent', 'Innocent', 'Innocent', 'Innocent', 'Innocent', 'Innocent', 'Innocent', 'Innocent', 'Innocent', 'Innocent', 'Innocent', 'Innocent', 'Innocent', 'Innocent', 'Innocent', 'Innocent', 'Innocent', 'Innocent', 'Innocent', 'Innocent', 'Innocent', 'Innocent', 'Innocent', 'Innocent', 'Innocent', 'Innocent', 'Innocent', 'Innocent', 'Innocent', 'Innocent', 'Innocent', 'Innocent', 'Innocent', 'Innocent', 'Innocent', 'Innocent', 'Innocent', 'Innocent', 'Innocent', 'Innocent', 'Innocent', 'Innocent', 'Innocent', 'Innocent', 'Innocent', 'Innocent', 'Innocent', 'Innocent', 'Innocent', 'Innocent', 'Innocent', 'Innocent', 'Innocent', 'Innocent', 'Innocent', 'Innocent', 'Innocent', 'Innocent', 'Innocent', 'Innocent', 'Innocent', 'Innocent', 'Innocent', 'Innocent', 'Innocent', 'Innocent', 'Innocent', 'Innocent', 'Innocent', 'Innocent', 'Innocent', 'Innocent', 'Innocent', 'Innocent', 'Innocent', 'Innocent', 'Innocent', 'Innocent', 'Innocent', 'Innocent', 'Innocent', 'Innocent', 'Innocent', 'Innocent', 'Innocent', 'Innocent', 'Innocent', 'Innocent', 'Innocent', 'Innocent', 'Innocent', 'Innocent', 'Innocent', 'Innocent', 'Innocent', 'Innocent', 'Innocent', 'Innocent', 'Innocent', 'Innocent', 'Innocent', 'Innocent', 'Innocent', 'Innocent', 'Innocent', 'Innocent', 'Innocent', 'Innocent', 'Innocent', 'Innocent', 'Innocent', 'Innocent', 'Innocent', 'Innocent', 'Innocent', 'Innocent', 'Innocent', 'Innocent', 'Innocent', 'Innocent', 'Innocent', 'Innocent', 'Innocent', 'Innocent', 'Innocent', 'Innocent', 'Innocent', 'Innocent', 'Innocent', 'Innocent', 'Innocent', 'Innocent', 'Innocent', 'Innocent', 'Innocent', 'Innocent', 'Innocent', 'Innocent', 'Innocent', 'Innocent', 'Innocent', 'Innocent', 'Innocent', 'Innocent', 'Innocent', 'Innocent', 'Innocent', 'Innocent', 'Innocent', 'Innocent', 'Innocent', 'Innocent', 'Innocent', 'Innocent', 'Innocent', 'Innocent', 'Innocent', 'Innocent', 'Innocent', 'Innocent', 'Innocent', 'Innocent', 'Innocent', 'Innocent', 'Innocent', 'Innocent', 'Innocent', 'Innocent', 'Innocent', 'Innocent', 'Innocent', 'Innocent', 'Innocent', 'Innocent', 'Innocent', 'Innocent', 'Innocent', 'Innocent', 'Innocent', 'Innocent', 'Innocent', 'Innocent', 'Innocent', 'Innocent', 'Innocent', 'Innocent', 'Innocent', 'Innocent', 'Innocent', 'Innocent', 'Innocent', 'Innocent', 'Innocent', 'Innocent', 'Innocent', 'Innocent', 'Innocent', 'Innocent', 'Innocent', 'Innocent', 'Innocent', 'Innocent', 'Innocent', 'Innocent', 'Innocent', 'Innocent', 'Innocent', 'Innocent', 'Innocent', 'Innocent', 'Innocent', 'Innocent', 'Innocent', 'Innocent', 'Innocent', 'Innocent', 'Innocent', 'Innocent', 'Innocent', 'Innocent', 'Innocent', 'Innocent', 'Innocent', 'Innocent', 'Innocent', 'Innocent', 'Innocent', 'Innocent', 'Innocent', 'Innocent', 'Innocent', 'Innocent', 'Innocent', 'Innocent', 'Innocent', 'Innocent', 'Innocent', 'Innocent', 'Innocent', 'Innocent', 'Innocent', 'Innocent', 'Innocent', 'Innocent', 'Innocent', 'Innocent', 'Innocent', 'Innocent', 'Innocent', 'Innocent', 'Innocent', 'Innocent', 'Innocent', 'Innocent', 'Innocent', 'Innocent', 'Innocent', 'Innocent', 'Innocent', 'Innocent', 'Innocent', 'Innocent', 'Innocent', 'Innocent', 'Innocent', 'Innocent', 'Innocent', 'Innocent', 'Innocent', 'Innocent', 'Innocent', 'Innocent', 'Innocent', 'Innocent', 'Innocent', 'Innocent', 'Innocent', 'Innocent', 'Innocent', 'Innocent', 'Innocent', 'Innocent', 'Innocent', 'Innocent', 'Innocent', 'Innocent', 'Innocent', 'Innocent', 'Innocent', 'Innocent', 'Innocent', 'Innocent', 'Innocent', 'Innocent', 'Innocent', 'Innocent', 'Innocent', 'Innocent', 'Innocent', 'Innocent', 'Innocent', 'Innocent', 'Innocent', 'Innocent', 'Innocent', 'Innocent', 'Innocent', 'Innocent', 'Innocent', 'Innocent', 'Innocent', 'Innocent', 'Innocent', 'Innocent', 'Innocent', 'Innocent', 'Innocent', 'Innocent', 'Innocent', 'Innocent', 'Innocent', 'Innocent', 'Innocent', 'Innocent', 'Innocent', 'Innocent', 'Innocent', 'Innocent', 'Innocent', 'Innocent', 'Innocent', 'Innocent', 'Innocent', 'Innocent', 'Innocent', 'Innocent', 'Innocent', 'Innocent', 'Innocent', 'Innocent', 'Innocent', 'Innocent', 'Innocent', 'Innocent', 'Innocent', 'Innocent', 'Innocent', 'Innocent', 'Innocent', 'Innocent', 'Innocent', 'Innocent', 'Innocent', 'Innocent', 'Innocent', 'Innocent', 'Innocent', 'Innocent', 'Innocent', 'Innocent', 'Innocent', 'Innocent', 'Innocent', 'Innocent', 'Innocent', 'Innocent', 'Innocent', 'Innocent', 'Innocent', 'Innocent', 'Innocent', 'Innocent', 'Innocent', 'Innocent', 'Innocent', 'Innocent', 'Innocent', 'Innocent', 'Innocent', 'Innocent', 'Innocent', 'Innocent', 'Innocent', 'Innocent', 'Innocent', 'Innocent', 'Innocent', 'Innocent', 'Innocent', 'Innocent', 'Innocent', 'Innocent', 'Innocent', 'Innocent', 'Innocent', 'Innocent', 'Innocent', 'Innocent', 'Innocent', 'Innocent', 'Innocent', 'Innocent', 'Innocent', 'Innocent', 'Innocent', 'Innocent', 'Innocent', 'Innocent', 'Innocent', 'Innocent', 'Innocent', 'Innocent', 'Innocent', 'Innocent', 'Innocent', 'Innocent', 'Innocent', 'Innocent', 'Innocent', 'Innocent', 'Innocent', 'Innocent', 'Innocent', 'Innocent', 'Innocent', 'Innocent', 'Innocent', 'Innocent', 'Innocent', 'Innocent', 'Innocent', 'Innocent', 'Innocent', 'Innocent', 'Innocent', 'Innocent', 'Innocent', 'Innocent', 'Innocent', 'Innocent', 'Innocent', 'Innocent', 'Innocent', 'Innocent', 'Innocent', 'Innocent', 'Innocent', 'Innocent', 'Innocent', 'Innocent', 'Innocent', 'Innocent', 'Innocent', 'Innocent', 'Innocent', 'Innocent', 'Innocent', 'Innocent', 'Innocent', 'Innocent', 'Innocent', 'Innocent', 'Innocent', 'Innocent', 'Innocent', 'Innocent', 'Innocent', 'Innocent', 'Innocent', 'Innocent', 'Innocent', 'Innocent', 'Innocent', 'Innocent', 'Innocent', 'Innocent', 'Innocent', 'Innocent', 'Innocent', 'Innocent', 'Innocent', 'Innocent', 'Innocent', 'Innocent', 'Innocent', 'Innocent', 'Innocent', 'Innocent', 'Innocent', 'Innocent', 'Innocent', 'Innocent', 'Innocent', 'Innocent', 'Innocent', 'Innocent', 'Innocent', 'Innocent', 'Innocent', 'Innocent', 'Innocent', 'Innocent', 'Innocent', 'Innocent', 'Innocent', 'Innocent', 'Innocent', 'Innocent', 'Innocent', 'Innocent', 'Innocent', 'Innocent', 'Innocent', 'Innocent', 'Innocent', 'Innocent', 'Innocent', 'Innocent', 'Innocent', 'Innocent', 'Innocent', 'Innocent', 'Innocent', 'Innocent', 'Innocent', 'Innocent', 'Innocent', 'Innocent', 'Innocent', 'Innocent', 'Innocent', 'Innocent', 'Innocent', 'Innocent', 'Innocent', 'Innocent', 'Innocent', 'Innocent', 'Innocent', 'Innocent', 'Innocent', 'Innocent', 'Innocent', 'Innocent', 'Innocent', 'Innocent', 'Innocent', 'Innocent', 'Innocent', 'Innocent', 'Innocent', 'Innocent', 'Innocent', 'Innocent', 'Innocent', 'Innocent', 'Innocent', 'Innocent', 'Innocent', 'Innocent', 'Innocent', 'Innocent', 'Innocent', 'Innocent', 'Innocent', 'Innocent', 'Innocent', 'Innocent', 'Innocent', 'Innocent', 'Innocent', 'Innocent', 'Innocent', 'Innocent', 'Innocent', 'Innocent', 'Innocent', 'Innocent', 'Innocent', 'Innocent', 'Innocent', 'Innocent', 'Innocent', 'Innocent', 'Innocent', 'Innocent', 'Innocent', 'Innocent', 'Innocent', 'Innocent', 'Innocent', 'Innocent', 'Innocent', 'Innocent', 'Innocent', 'Innocent', 'Innocent', 'Innocent', 'Innocent', 'Innocent', 'Innocent', 'Innocent', 'Innocent', 'Innocent', 'Innocent', 'Innocent', 'Innocent', 'Innocent', 'Innocent', 'Innocent', 'Innocent', 'Innocent', 'Innocent', 'Innocent', 'Innocent', 'Innocent', 'Innocent', 'Innocent', 'Innocent', 'Innocent', 'Innocent', 'Innocent', 'Innocent', 'Innocent', 'Innocent', 'Innocent', 'Innocent', 'Innocent', 'Innocent', 'Innocent', 'Innocent', 'Innocent', 'Innocent', 'Innocent', 'Innocent', 'Innocent', 'Innocent', 'Innocent', 'Innocent', 'Innocent', 'Innocent', 'Innocent', 'Innocent', 'Innocent', 'Innocent', 'Innocent', 'Innocent', 'Innocent', 'Innocent', 'Innocent', 'Innocent', 'Innocent', 'Innocent', 'Innocent', 'Innocent', 'Innocent', 'Innocent', 'Innocent', 'Innocent', 'Innocent', 'Innocent', 'Innocent', 'Innocent', 'Innocent', 'Innocent', 'Innocent', 'Innocent', 'Innocent', 'Innocent', 'Innocent', 'Innocent', 'Innocent', 'Innocent', 'Innocent', 'Innocent', 'Innocent', 'Innocent', 'Innocent', 'Innocent', 'Innocent', 'Innocent', 'Innocent', 'Innocent', 'Innocent', 'Innocent', 'Innocent', 'Innocent', 'Innocent', 'Innocent', 'Innocent', 'Innocent', 'Innocent', 'Innocent', 'Innocent', 'Innocent', 'Innocent', 'Innocent', 'Innocent', 'Innocent', 'Innocent', 'Innocent', 'Innocent', 'Innocent', 'Innocent', 'Innocent', 'Innocent', 'Innocent', 'Innocent', 'Innocent', 'Innocent', 'Innocent', 'Innocent', 'Innocent', 'Innocent', 'Innocent', 'Innocent', 'Innocent', 'Innocent', 'Innocent', 'Innocent', 'Innocent', 'Innocent', 'Innocent', 'Innocent', 'Innocent', 'Innocent', 'Innocent', 'Innocent', 'Innocent', 'Innocent', 'Innocent', 'Innocent', 'Innocent', 'Innocent', 'Innocent', 'Innocent', 'Innocent', 'Innocent', 'Innocent', 'Innocent', 'Innocent', 'Innocent', 'Innocent', 'Innocent', 'Innocent', 'Innocent', 'Innocent', 'Innocent', 'Innocent', 'Innocent', 'Innocent', 'Innocent', 'Innocent', 'Innocent', 'Innocent', 'Innocent', 'Innocent', 'Innocent', 'Innocent', 'Innocent', 'Innocent', 'Innocent', 'Innocent', 'Innocent', 'Innocent', 'Innocent', 'Innocent', 'Innocent', 'Innocent', 'Innocent', 'Innocent', 'Innocent', 'Innocent', 'Innocent', 'Innocent', 'Innocent', 'Innocent', 'Innocent', 'Innocent', 'Innocent', 'Innocent', 'Innocent', 'Innocent', 'Innocent', 'Innocent', 'Innocent', 'Innocent', 'Innocent', 'Innocent', 'Innocent', 'Innocent', 'Innocent', 'Innocent', 'Innocent', 'Innocent', 'Innocent', 'Innocent', 'Innocent', 'Innocent', 'Innocent', 'Innocent', 'Innocent', 'Innocent', 'Innocent', 'Innocent', 'Innocent', 'Innocent', 'Innocent', 'Innocent', 'Innocent', 'Innocent', 'Innocent', 'Innocent', 'Innocent', 'Innocent', 'Innocent', 'Innocent', 'Innocent', 'Innocent', 'Innocent', 'Innocent', 'Innocent', 'Innocent', 'Innocent', 'Innocent', 'Innocent', 'Innocent', 'Innocent', 'Innocent', 'Innocent', 'Innocent', 'Innocent', 'Innocent', 'Innocent', 'Innocent', 'Innocent', 'Innocent', 'Innocent', 'Innocent', 'Innocent', 'Innocent', 'Innocent', 'Innocent', 'Innocent', 'Innocent', 'Innocent', 'Innocent', 'Innocent', 'Innocent', 'Innocent', 'Innocent', 'Innocent', 'Innocent', 'Innocent', 'Innocent', 'Innocent', 'Innocent', 'Innocent', 'Innocent', 'Innocent', 'Innocent', 'Innocent', 'Innocent', 'Innocent', 'Innocent', 'Innocent', 'Innocent', 'Innocent', 'Innocent', 'Innocent', 'Innocent', 'Innocent', 'Innocent', 'Innocent', 'Innocent', 'Innocent', 'Innocent', 'Innocent', 'Innocent', 'Innocent', 'Innocent', 'Innocent', 'Innocent', 'Innocent', 'Innocent', 'Innocent', 'Innocent', 'Innocent', 'Innocent', 'Innocent', 'Innocent', 'Innocent', 'Innocent', 'Innocent', 'Innocent', 'Innocent', 'Innocent', 'Innocent', 'Innocent', 'Innocent', 'Innocent', 'Innocent', 'Innocent', 'Innocent', 'Innocent', 'Innocent', 'Innocent', 'Innocent', 'Innocent', 'Innocent', 'Innocent', 'Innocent', 'Innocent', 'Innocent', 'Innocent', 'Innocent', 'Innocent', 'Innocent', 'Innocent', 'Innocent', 'Innocent', 'Innocent', 'Innocent', 'Innocent', 'Innocent', 'Innocent', 'Innocent', 'Innocent', 'Innocent', 'Innocent', 'Innocent', 'Innocent', 'Innocent', 'Innocent', 'Innocent', 'Innocent', 'Innocent', 'Innocent', 'Innocent', 'Innocent', 'Innocent', 'Innocent', 'Innocent', 'Innocent', 'Innocent', 'Innocent', 'Innocent', 'Innocent', 'Innocent', 'Innocent', 'Innocent', 'Innocent', 'Innocent', 'Innocent', 'Innocent', 'Innocent', 'Innocent', 'Innocent', 'Innocent', 'Innocent', 'Innocent', 'Innocent', 'Innocent', 'Innocent', 'Innocent', 'Innocent', 'Innocent', 'Innocent', 'Innocent', 'Innocent', 'Innocent', 'Innocent', 'Innocent', 'Innocent', 'Innocent', 'Innocent', 'Innocent', 'Innocent', 'Innocent', 'Innocent', 'Innocent', 'Innocent', 'Innocent', 'Innocent', 'Innocent', 'Innocent', 'Innocent', 'Innocent', 'Innocent', 'Innocent', 'Innocent', 'Innocent', 'Innocent', 'Innocent', 'Innocent', 'Innocent', 'Innocent', 'Innocent', 'Innocent', 'Innocent', 'Innocent', 'Innocent', 'Innocent', 'Innocent', 'Innocent', 'Innocent', 'Innocent', 'Innocent', 'Innocent', 'Innocent', 'Innocent', 'Innocent', 'Innocent', 'Innocent', 'Innocent', 'Innocent', 'Innocent', 'Innocent', 'Innocent', 'Innocent', 'Innocent', 'Innocent', 'Innocent', 'Innocent', 'Innocent', 'Innocent', 'Innocent', 'Innocent', 'Innocent', 'Innocent', 'Innocent', 'Innocent', 'Innocent', 'Innocent', 'Innocent', 'Innocent', 'Innocent', 'Innocent', 'Innocent', 'Innocent', 'Innocent', 'Innocent', 'Innocent', 'Innocent', 'Innocent', 'Innocent', 'Innocent', 'Innocent', 'Innocent', 'Innocent', 'Innocent', 'Innocent', 'Innocent', 'Innocent', 'Innocent', 'Innocent', 'Innocent', 'Innocent', 'Innocent', 'Innocent', 'Innocent', 'Innocent', 'Innocent', 'Innocent', 'Innocent', 'Innocent', 'Innocent', 'Innocent', 'Innocent', 'Innocent', 'Innocent', 'Innocent', 'Innocent', 'Innocent', 'Innocent', 'Innocent', 'Innocent', 'Innocent', 'Innocent', 'Innocent', 'Innocent', 'Innocent', 'Innocent', 'Innocent', 'Innocent', 'Innocent', 'Innocent', 'Innocent', 'Innocent', 'Innocent', 'Innocent', 'Innocent', 'Innocent', 'Innocent', 'Innocent', 'Innocent', 'Innocent', 'Innocent', 'Innocent', 'Innocent', 'Innocent', 'Innocent', 'Innocent', 'Innocent', 'Innocent', 'Innocent', 'Innocent', 'Innocent', 'Innocent', 'Innocent', 'Innocent', 'Innocent', 'Innocent', 'Innocent', 'Innocent', 'Innocent', 'Innocent', 'Innocent', 'Innocent', 'Innocent', 'Innocent', 'Innocent', 'Innocent', 'Innocent', 'Innocent', 'Innocent', 'Innocent', 'Innocent', 'Innocent', 'Innocent', 'Innocent', 'Innocent', 'Innocent', 'Innocent', 'Innocent', 'Innocent', 'Innocent', 'Innocent', 'Innocent', 'Innocent', 'Innocent', 'Innocent', 'Innocent', 'Innocent', 'Innocent', 'Innocent', 'Innocent', 'Innocent', 'Innocent', 'Innocent', 'Innocent', 'Innocent', 'Innocent', 'Innocent', 'Innocent', 'Innocent', 'Innocent', 'Innocent', 'Innocent', 'Innocent', 'Innocent', 'Innocent', 'Innocent', 'Innocent', 'Innocent', 'Innocent', 'Innocent', 'Innocent', 'Innocent', 'Innocent', 'Innocent', 'Innocent', 'Innocent', 'Innocent', 'Innocent', 'Innocent', 'Innocent', 'Innocent', 'Innocent', 'Innocent', 'Innocent', 'Innocent', 'Innocent', 'Innocent', 'Innocent', 'Innocent', 'Innocent', 'Innocent', 'Innocent', 'Innocent', 'Innocent', 'Innocent', 'Innocent', 'Innocent', 'Innocent', 'Innocent', 'Innocent', 'Innocent', 'Innocent', 'Innocent', 'Innocent', 'Innocent', 'Innocent', 'Innocent', 'Innocent', 'Innocent', 'Innocent', 'Innocent', 'Innocent', 'Innocent', 'Innocent', 'Innocent', 'Innocent', 'Innocent', 'Innocent', 'Innocent', 'Innocent', 'Innocent', 'Innocent', 'Innocent', 'Innocent', 'Innocent', 'Innocent', 'Innocent', 'Innocent', 'Innocent', 'Innocent', 'Innocent', 'Innocent', 'Innocent', 'Innocent', 'Innocent', 'Innocent', 'Innocent', 'Innocent', 'Innocent', 'Innocent', 'Innocent', 'Innocent', 'Innocent', 'Innocent', 'Innocent', 'Innocent', 'Innocent', 'Innocent', 'Innocent', 'Innocent', 'Innocent', 'Innocent', 'Innocent', 'Innocent', 'Innocent', 'Innocent', 'Innocent', 'Innocent', 'Innocent', 'Innocent', 'Innocent', 'Innocent', 'Innocent', 'Innocent', 'Innocent', 'Innocent', 'Innocent', 'Innocent', 'Innocent', 'Innocent', 'Innocent', 'Innocent', 'Innocent', 'Innocent', 'Innocent', 'Innocent', 'Innocent', 'Innocent', 'Innocent', 'Innocent', 'Innocent', 'Innocent', 'Innocent', 'Innocent', 'Innocent', 'Innocent', 'Innocent', 'Innocent', 'Innocent', 'Innocent', 'Innocent', 'Innocent', 'Innocent', 'Innocent', 'Innocent', 'Innocent', 'Innocent', 'Innocent', 'Innocent', 'Innocent', 'Innocent', 'Innocent', 'Innocent', 'Innocent', 'Innocent', 'Innocent', 'Innocent', 'Innocent', 'Innocent', 'Innocent', 'Innocent', 'Innocent', 'Innocent', 'Innocent', 'Innocent', 'Innocent', 'Innocent', 'Innocent', 'Innocent', 'Innocent', 'Innocent', 'Innocent', 'Innocent', 'Innocent', 'Innocent', 'Innocent', 'Innocent', 'Innocent', 'Innocent', 'Innocent', 'Innocent', 'Innocent', 'Innocent', 'Innocent', 'Innocent', 'Innocent', 'Innocent', 'Innocent', 'Innocent', 'Innocent', 'Innocent', 'Innocent', 'Innocent', 'Innocent', 'Innocent', 'Innocent', 'Innocent', 'Innocent', 'Innocent', 'Innocent', 'Innocent', 'Innocent', 'Innocent', 'Innocent', 'Innocent', 'Innocent', 'Innocent', 'Innocent', 'Innocent', 'Innocent', 'Innocent', 'Innocent', 'Innocent', 'Innocent', 'Innocent', 'Innocent', 'Innocent', 'Innocent', 'Innocent', 'Innocent', 'Innocent', 'Innocent', 'Innocent', 'Innocent', 'Innocent', 'Innocent', 'Innocent', 'Innocent', 'Innocent', 'Innocent', 'Innocent', 'Innocent', 'Innocent', 'Innocent', 'Innocent', 'Innocent', 'Innocent', 'Innocent', 'Innocent', 'Innocent', 'Innocent', 'Innocent', 'Innocent', 'Innocent', 'Innocent', 'Innocent', 'Innocent', 'Innocent', 'Innocent', 'Innocent', 'Innocent', 'Innocent', 'Innocent', 'Innocent', 'Innocent', 'Innocent', 'Innocent', 'Innocent', 'Innocent', 'Innocent', 'Innocent', 'Innocent', 'Innocent', 'Innocent', 'Innocent', 'Innocent', 'Innocent', 'Innocent', 'Innocent', 'Innocent', 'Innocent', 'Innocent', 'Innocent', 'Innocent', 'Innocent', 'Innocent', 'Innocent', 'Innocent', 'Innocent', 'Innocent', 'Innocent', 'Innocent', 'Innocent', 'Innocent', 'Innocent', 'Innocent', 'Innocent', 'Innocent', 'Innocent', 'Innocent', 'Innocent', 'Innocent', 'Innocent', 'Innocent', 'Innocent', 'Innocent', 'Innocent', 'Innocent', 'Innocent', 'Innocent', 'Innocent', 'Innocent', 'Innocent', 'Innocent', 'Innocent', 'Innocent', 'Innocent', 'Innocent', 'Innocent', 'Innocent', 'Innocent', 'Innocent', 'Innocent', 'Innocent', 'Innocent', 'Innocent', 'Innocent', 'Innocent', 'Innocent', 'Innocent', 'Innocent', 'Innocent', 'Innocent', 'Innocent', 'Innocent', 'Innocent', 'Innocent', 'Innocent', 'Innocent', 'Innocent', 'Innocent', 'Innocent', 'Innocent', 'Innocent', 'Innocent', 'Innocent', 'Innocent', 'Innocent', 'Innocent', 'Innocent', 'Innocent', 'Innocent', 'Innocent', 'Innocent', 'Innocent', 'Innocent', 'Innocent', 'Innocent', 'Innocent', 'Innocent', 'Innocent', 'Innocent', 'Innocent', 'Innocent', 'Innocent', 'Innocent', 'Innocent', 'Innocent', 'Innocent', 'Innocent', 'Innocent', 'Innocent', 'Innocent', 'Innocent', 'Innocent', 'Innocent', 'Innocent', 'Innocent', 'Innocent', 'Innocent', 'Innocent', 'Innocent', 'Innocent', 'Innocent', 'Innocent', 'Innocent', 'Innocent', 'Innocent', 'Innocent', 'Innocent', 'Innocent', 'Innocent', 'Innocent', 'Innocent', 'Innocent', 'Innocent', 'Innocent', 'Innocent', 'Innocent', 'Innocent', 'Innocent', 'Innocent', 'Innocent', 'Innocent', 'Innocent', 'Innocent', 'Innocent', 'Innocent', 'Innocent', 'Innocent', 'Innocent', 'Innocent', 'Innocent', 'Innocent', 'Innocent', 'Innocent', 'Innocent', 'Innocent', 'Innocent', 'Innocent', 'Innocent', 'Innocent', 'Innocent', 'Innocent', 'Innocent', 'Innocent', 'Innocent', 'Innocent', 'Innocent', 'Innocent', 'Innocent', 'Innocent', 'Innocent', 'Innocent', 'Innocent', 'Innocent', 'Innocent', 'Innocent', 'Innocent', 'Innocent', 'Innocent', 'Innocent', 'Innocent', 'Innocent', 'Innocent', 'Innocent', 'Innocent', 'Innocent', 'Innocent', 'Innocent', 'Innocent', 'Innocent', 'Innocent', 'Innocent', 'Innocent', 'Innocent', 'Innocent', 'Innocent', 'Innocent', 'Innocent', 'Innocent', 'Innocent', 'Innocent', 'Innocent', 'Innocent', 'Innocent', 'Innocent', 'Innocent', 'Innocent', 'Innocent', 'Innocent', 'Innocent', 'Innocent', 'Innocent', 'Innocent', 'Innocent', 'Innocent', 'Innocent', 'Innocent', 'Innocent', 'Innocent', 'Innocent', 'Innocent', 'Innocent', 'Innocent', 'Innocent', 'Innocent', 'Innocent', 'Innocent', 'Innocent', 'Innocent', 'Innocent', 'Innocent', 'Innocent', 'Innocent', 'Innocent', 'Innocent', 'Innocent', 'Innocent', 'Innocent', 'Innocent', 'Innocent', 'Innocent', 'Innocent', 'Innocent', 'Innocent', 'Innocent', 'Innocent', 'Innocent', 'Innocent', 'Innocent', 'Innocent', 'Innocent', 'Innocent', 'Innocent', 'Innocent', 'Innocent', 'Innocent', 'Innocent', 'Innocent', 'Innocent', 'Innocent', 'Innocent', 'Innocent', 'Innocent', 'Innocent', 'Innocent', 'Innocent', 'Innocent', 'Innocent', 'Innocent', 'Innocent', 'Innocent', 'Innocent', 'Innocent', 'Innocent', 'Innocent', 'Innocent', 'Innocent', 'Innocent', 'Innocent', 'Innocent', 'Innocent', 'Innocent', 'Innocent', 'Innocent', 'Innocent', 'Innocent', 'Innocent', 'Innocent', 'Innocent', 'Innocent', 'Innocent', 'Innocent', 'Innocent', 'Innocent', 'Innocent', 'Innocent', 'Innocent', 'Innocent', 'Innocent', 'Innocent', 'Innocent', 'Innocent', 'Innocent', 'Innocent', 'Innocent', 'Innocent', 'Innocent', 'Innocent', 'Innocent', 'Innocent', 'Innocent', 'Innocent', 'Innocent', 'Innocent', 'Innocent', 'Innocent', 'Innocent', 'Innocent', 'Innocent', 'Innocent', 'Innocent', 'Innocent', 'Innocent', 'Innocent', 'Innocent', 'Innocent', 'Innocent', 'Innocent', 'Innocent', 'Innocent', 'Innocent', 'Innocent', 'Innocent', 'Innocent', 'Innocent', 'Innocent', 'Innocent', 'Innocent', 'Innocent', 'Innocent', 'Innocent', 'Innocent', 'Innocent', 'Innocent', 'Innocent', 'Innocent', 'Innocent', 'Innocent', 'Innocent', 'Innocent', 'Innocent', 'Innocent', 'Innocent', 'Innocent', 'Innocent', 'Innocent', 'Innocent', 'Innocent', 'Innocent', 'Innocent', 'Innocent', 'Innocent', 'Innocent', 'Innocent', 'Innocent', 'Innocent', 'Innocent', 'Innocent', 'Innocent', 'Innocent', 'Innocent', 'Innocent', 'Innocent', 'Innocent', 'Innocent', 'Innocent', 'Innocent', 'Innocent', 'Innocent', 'Innocent', 'Innocent', 'Innocent', 'Innocent', 'Innocent', 'Innocent', 'Innocent', 'Innocent', 'Innocent', 'Innocent', 'Innocent', 'Innocent', 'Innocent', 'Innocent', 'Innocent', 'Innocent', 'Innocent', 'Innocent', 'Innocent', 'Innocent', 'Innocent', 'Innocent', 'Innocent', 'Innocent', 'Innocent', 'Innocent', 'Innocent', 'Innocent', 'Innocent', 'Innocent', 'Innocent', 'Innocent', 'Innocent', 'Innocent', 'Innocent', 'Innocent', 'Innocent', 'Innocent', 'Innocent', 'Innocent', 'Innocent', 'Innocent', 'Innocent', 'Innocent', 'Innocent', 'Innocent', 'Innocent', 'Innocent', 'Innocent', 'Innocent', 'Innocent', 'Innocent', 'Innocent', 'Innocent', 'Innocent', 'Innocent', 'Innocent', 'Innocent', 'Innocent', 'Innocent', 'Innocent', 'Innocent', 'Innocent', 'Innocent', 'Innocent', 'Innocent', 'Innocent', 'Innocent', 'Innocent', 'Innocent', 'Innocent', 'Innocent', 'Innocent', 'Innocent', 'Innocent', 'Innocent', 'Innocent', 'Innocent', 'Innocent', 'Innocent', 'Innocent', 'Innocent', 'Innocent', 'Innocent', 'Innocent', 'Innocent', 'Innocent', 'Innocent', 'Innocent', 'Innocent', 'Innocent', 'Innocent', 'Innocent', 'Innocent', 'Innocent', 'Innocent', 'Innocent', 'Innocent', 'Innocent', 'Innocent', 'Innocent', 'Innocent', 'Innocent', 'Innocent', 'Innocent', 'Innocent', 'Innocent', 'Innocent', 'Innocent', 'Innocent', 'Innocent', 'Innocent', 'Innocent', 'Innocent', 'Innocent', 'Innocent', 'Innocent', 'Innocent', 'Innocent', 'Innocent', 'Innocent', 'Innocent', 'Innocent', 'Innocent', 'Innocent', 'Innocent', 'Innocent', 'Innocent', 'Innocent', 'Innocent', 'Innocent', 'Innocent', 'Innocent', 'Innocent', 'Innocent', 'Innocent', 'Innocent', 'Innocent', 'Innocent', 'Innocent', 'Innocent', 'Innocent', 'Innocent', 'Innocent', 'Innocent', 'Innocent', 'Innocent', 'Innocent', 'Innocent', 'Innocent', 'Innocent', 'Innocent', 'Innocent', 'Innocent', 'Innocent', 'Innocent', 'Innocent', 'Innocent', 'Innocent', 'Innocent', 'Innocent', 'Innocent', 'Innocent', 'Innocent', 'Innocent', 'Innocent', 'Innocent', 'Innocent', 'Innocent', 'Innocent', 'Innocent', 'Innocent', 'Innocent', 'Innocent', 'Innocent', 'Innocent', 'Innocent', 'Innocent', 'Innocent', 'Innocent', 'Innocent', 'Innocent', 'Innocent', 'Innocent', 'Innocent', 'Innocent', 'Innocent', 'Innocent', 'Innocent', 'Innocent', 'Innocent', 'Innocent', 'Innocent', 'Innocent', 'Innocent', 'Innocent', 'Innocent', 'Innocent', 'Innocent', 'Innocent', 'Innocent', 'Innocent', 'Innocent', 'Innocent', 'Innocent', 'Innocent', 'Innocent', 'Innocent', 'Innocent', 'Innocent', 'Innocent', 'Innocent', 'Innocent', 'Innocent', 'Innocent', 'Innocent', 'Innocent', 'Innocent', 'Innocent', 'Innocent', 'Innocent', 'Innocent', 'Innocent', 'Innocent', 'Innocent', 'Innocent', 'Innocent', 'Innocent', 'Innocent', 'Innocent', 'Innocent', 'Innocent', 'Innocent', 'Innocent', 'Innocent', 'Innocent', 'Innocent', 'Innocent', 'Innocent', 'Innocent', 'Innocent', 'Innocent', 'Innocent', 'Innocent', 'Innocent', 'Innocent', 'Innocent', 'Innocent', 'Innocent', 'Innocent', 'Innocent', 'Innocent', 'Innocent', 'Innocent', 'Innocent', 'Innocent', 'Innocent', 'Innocent', 'Innocent', 'Innocent', 'Innocent', 'Innocent', 'Innocent', 'Innocent', 'Innocent', 'Innocent', 'Innocent', 'Innocent', 'Innocent', 'Innocent', 'Innocent', 'Innocent', 'Innocent', 'Innocent', 'Innocent', 'Innocent', 'Innocent', 'Innocent', 'Innocent', 'Innocent', 'Innocent', 'Innocent', 'Innocent', 'Innocent', 'Innocent', 'Innocent', 'Innocent', 'Innocent', 'Innocent', 'Innocent', 'Innocent', 'Innocent', 'Innocent', 'Innocent', 'Innocent', 'Innocent', 'Innocent', 'Innocent', 'Innocent', 'Innocent', 'Innocent', 'Innocent', 'Innocent', 'Innocent', 'Innocent', 'Innocent', 'Innocent', 'Innocent', 'Innocent', 'Innocent', 'Innocent', 'Innocent', 'Innocent', 'Innocent', 'Innocent', 'Innocent', 'Innocent', 'Innocent', 'Innocent', 'Innocent', 'Innocent', 'Innocent', 'Innocent', 'Innocent', 'Innocent', 'Innocent', 'Innocent', 'Innocent', 'Innocent', 'Innocent', 'Innocent', 'Innocent', 'Innocent', 'Innocent', 'Innocent', 'Innocent', 'Innocent', 'Innocent', 'Innocent', 'Innocent', 'Innocent', 'Innocent', 'Innocent', 'Innocent', 'Innocent', 'Innocent', 'Innocent', 'Innocent', 'Innocent', 'Innocent', 'Innocent', 'Innocent', 'Innocent', 'Innocent', 'Innocent', 'Innocent', 'Innocent', 'Innocent', 'Innocent', 'Innocent', 'Innocent', 'Innocent', 'Innocent', 'Innocent', 'Innocent', 'Innocent', 'Innocent', 'Innocent', 'Innocent', 'Innocent', 'Innocent', 'Innocent', 'Innocent', 'Innocent', 'Innocent', 'Innocent', 'Innocent', 'Innocent', 'Innocent', 'Innocent', 'Innocent', 'Innocent', 'Innocent', 'Innocent', 'Innocent', 'Innocent', 'Innocent', 'Innocent', 'Innocent', 'Innocent', 'Innocent', 'Innocent', 'Innocent', 'Innocent', 'Innocent', 'Innocent', 'Innocent', 'Innocent', 'Innocent', 'Innocent', 'Innocent', 'Innocent', 'Innocent', 'Innocent', 'Innocent', 'Innocent', 'Innocent', 'Innocent', 'Innocent', 'Innocent', 'Innocent', 'Innocent', 'Innocent', 'Innocent', 'Innocent', 'Innocent', 'Innocent', 'Innocent', 'Innocent', 'Innocent', 'Innocent', 'Innocent', 'Innocent', 'Innocent', 'Innocent', 'Innocent', 'Innocent', 'Innocent', 'Innocent', 'Innocent', 'Innocent', 'Innocent', 'Innocent', 'Innocent', 'Innocent', 'Innocent', 'Innocent', 'Innocent', 'Innocent', 'Innocent', 'Innocent', 'Innocent', 'Innocent', 'Innocent', 'Innocent', 'Innocent', 'Innocent', 'Innocent', 'Innocent', 'Innocent', 'Innocent', 'Innocent', 'Innocent', 'Innocent', 'Innocent', 'Innocent', 'Innocent', 'Innocent', 'Innocent', 'Innocent', 'Innocent', 'Innocent', 'Innocent', 'Innocent', 'Innocent', 'Innocent', 'Innocent', 'Innocent', 'Innocent', 'Innocent', 'Innocent', 'Innocent', 'Innocent', 'Innocent', 'Innocent', 'Innocent', 'Innocent', 'Innocent', 'Innocent', 'Innocent', 'Innocent', 'Innocent', 'Innocent', 'Innocent', 'Innocent', 'Innocent', 'Innocent', 'Innocent', 'Innocent', 'Innocent', 'Innocent', 'Innocent', 'Innocent', 'Innocent', 'Innocent', 'Innocent', 'Innocent', 'Innocent', 'Innocent', 'Innocent', 'Innocent', 'Innocent', 'Innocent', 'Innocent', 'Innocent', 'Innocent', 'Innocent', 'Innocent', 'Innocent', 'Innocent', 'Innocent', 'Innocent', 'Innocent', 'Innocent', 'Innocent', 'Innocent', 'Innocent', 'Innocent', 'Innocent', 'Innocent', 'Innocent', 'Innocent', 'Innocent', 'Innocent', 'Innocent', 'Innocent', 'Innocent', 'Innocent', 'Innocent', 'Innocent', 'Innocent', 'Innocent', 'Innocent', 'Innocent', 'Innocent', 'Innocent', 'Innocent', 'Innocent', 'Innocent', 'Innocent', 'Innocent', 'Innocent', 'Innocent', 'Innocent', 'Innocent', 'Innocent', 'Innocent', 'Innocent', 'Innocent', 'Innocent', 'Innocent', 'Innocent', 'Innocent', 'Innocent', 'Innocent', 'Innocent', 'Innocent', 'Innocent', 'Innocent', 'Innocent', 'Innocent', 'Innocent', 'Innocent', 'Innocent', 'Innocent', 'Innocent', 'Innocent', 'Innocent', 'Innocent', 'Innocent', 'Innocent', 'Innocent', 'Innocent', 'Innocent', 'Innocent', 'Innocent', 'Innocent', 'Innocent', 'Innocent', 'Innocent', 'Innocent', 'Innocent', 'Innocent', 'Innocent', 'Innocent', 'Innocent', 'Innocent', 'Innocent', 'Innocent', 'Innocent', 'Innocent', 'Innocent', 'Innocent', 'Innocent', 'Innocent', 'Innocent', 'Innocent', 'Innocent', 'Innocent', 'Innocent', 'Innocent', 'Innocent', 'Innocent', 'Innocent', 'Innocent', 'Innocent', 'Innocent', 'Innocent', 'Innocent', 'Innocent', 'Innocent', 'Innocent', 'Innocent', 'Innocent', 'Innocent', 'Innocent', 'Innocent', 'Innocent', 'Innocent', 'Innocent', 'Innocent', 'Innocent', 'Innocent', 'Innocent', 'Innocent', 'Innocent', 'Innocent', 'Innocent', 'Innocent', 'Innocent', 'Innocent', 'Innocent', 'Innocent', 'Innocent', 'Innocent', 'Innocent', 'Innocent', 'Innocent', 'Innocent', 'Innocent', 'Innocent', 'Innocent', 'Innocent', 'Innocent', 'Innocent', 'Innocent', 'Innocent', 'Innocent', 'Innocent', 'Innocent', 'Innocent', 'Innocent', 'Innocent', 'Innocent', 'Innocent', 'Innocent', 'Innocent', 'Innocent', 'Innocent', 'Innocent', 'Innocent', 'Innocent', 'Innocent', 'Innocent', 'Innocent', 'Innocent', 'Innocent', 'Innocent', 'Innocent', 'Innocent', 'Innocent', 'Innocent', 'Innocent', 'Innocent', 'Innocent', 'Innocent', 'Innocent', 'Innocent', 'Innocent', 'Innocent', 'Innocent', 'Innocent', 'Innocent', 'Innocent', 'Innocent', 'Innocent', 'Innocent', 'Innocent', 'Innocent', 'Innocent', 'Innocent', 'Innocent', 'Innocent', 'Innocent', 'Innocent', 'Innocent', 'Innocent', 'Innocent', 'Innocent', 'Innocent', 'Innocent', 'Innocent', 'Innocent', 'Innocent', 'Innocent', 'Innocent', 'Innocent', 'Innocent', 'Innocent', 'Innocent', 'Innocent', 'Innocent', 'Innocent', 'Innocent', 'Innocent', 'Innocent', 'Innocent', 'Innocent', 'Innocent', 'Innocent', 'Innocent', 'Innocent', 'Innocent', 'Innocent', 'Innocent', 'Innocent', 'Innocent', 'Innocent', 'Innocent', 'Innocent', 'Innocent', 'Innocent', 'Innocent', 'Innocent', 'Innocent', 'Innocent', 'Innocent', 'Innocent', 'Innocent', 'Innocent', 'Innocent', 'Innocent', 'Innocent', 'Innocent', 'Innocent', 'Innocent', 'Innocent', 'Innocent', 'Innocent', 'Innocent', 'Innocent', 'Innocent', 'Innocent', 'Innocent', 'Innocent', 'Innocent', 'Innocent', 'Innocent', 'Innocent', 'Innocent', 'Innocent', 'Innocent', 'Innocent', 'Innocent', 'Innocent', 'Innocent', 'Innocent', 'Innocent', 'Innocent', 'Innocent', 'Innocent', 'Innocent', 'Innocent', 'Innocent', 'Innocent', 'Innocent', 'Innocent', 'Innocent', 'Innocent', 'Innocent', 'Innocent', 'Innocent', 'Innocent', 'Innocent', 'Innocent', 'Innocent', 'Innocent', 'Innocent', 'Innocent', 'Innocent', 'Innocent', 'Innocent', 'Innocent', 'Innocent', 'Innocent', 'Innocent', 'Innocent', 'Innocent', 'Innocent', 'Innocent', 'Innocent', 'Innocent', 'Innocent', 'Innocent', 'Innocent', 'Innocent', 'Innocent', 'Innocent', 'Innocent', 'Innocent', 'Innocent', 'Innocent', 'Innocent', 'Innocent', 'Innocent', 'Innocent', 'Innocent', 'Innocent', 'Innocent', 'Innocent', 'Innocent', 'Innocent', 'Innocent', 'Innocent', 'Innocent', 'Innocent', 'Innocent', 'Innocent', 'Innocent', 'Innocent', 'Innocent', 'Innocent', 'Innocent', 'Innocent', 'Innocent', 'Innocent', 'Innocent', 'Innocent', 'Innocent', 'Innocent', 'Innocent', 'Innocent', 'Innocent', 'Innocent', 'Innocent', 'Innocent', 'Innocent', 'Innocent', 'Innocent', 'Innocent', 'Innocent', 'Innocent', 'Innocent', 'Innocent', 'Innocent', 'Innocent', 'Innocent', 'Innocent', 'Innocent', 'Innocent', 'Innocent', 'Innocent', 'Innocent', 'Innocent', 'Innocent', 'Innocent', 'Innocent', 'Innocent', 'Innocent', 'Innocent', 'Innocent', 'Innocent', 'Innocent', 'Innocent', 'Innocent', 'Innocent', 'Innocent', 'Innocent', 'Innocent', 'Innocent', 'Innocent', 'Innocent', 'Innocent', 'Innocent', 'Innocent', 'Innocent', 'Innocent', 'Innocent', 'Innocent', 'Innocent', 'Innocent', 'Innocent', 'Innocent', 'Innocent', 'Innocent', 'Innocent', 'Innocent', 'Innocent', 'Innocent', 'Innocent', 'Innocent', 'Innocent', 'Innocent', 'Innocent', 'Innocent', 'Innocent', 'Innocent', 'Innocent', 'Innocent', 'Innocent', 'Innocent', 'Innocent', 'Innocent', 'Innocent', 'Innocent', 'Innocent', 'Innocent', 'Innocent', 'Innocent', 'Innocent', 'Innocent', 'Innocent', 'Innocent', 'Innocent', 'Innocent', 'Innocent', 'Innocent', 'Innocent', 'Innocent', 'Innocent', 'Innocent', 'Innocent', 'Innocent', 'Innocent', 'Innocent', 'Innocent', 'Innocent', 'Innocent', 'Innocent', 'Innocent', 'Innocent', 'Innocent', 'Innocent', 'Innocent', 'Innocent', 'Innocent', 'Innocent', 'Innocent', 'Innocent', 'Innocent', 'Innocent', 'Innocent', 'Innocent', 'Innocent', 'Innocent', 'Innocent', 'Innocent', 'Innocent', 'Innocent', 'Innocent', 'Innocent', 'Innocent', 'Innocent', 'Innocent', 'Innocent', 'Innocent', 'Innocent', 'Innocent', 'Innocent', 'Innocent', 'Innocent', 'Innocent', 'Innocent', 'Innocent', 'Innocent', 'Innocent', 'Innocent', 'Innocent', 'Innocent', 'Innocent', 'Innocent', 'Innocent', 'Innocent', 'Innocent', 'Innocent', 'Innocent', 'Innocent', 'Innocent', 'Innocent', 'Innocent', 'Innocent', 'Innocent', 'Innocent', 'Innocent', 'Innocent', 'Innocent', 'Innocent', 'Innocent', 'Innocent', 'Innocent', 'Innocent', 'Innocent', 'Innocent', 'Innocent', 'Innocent', 'Innocent', 'Innocent', 'Innocent', 'Innocent', 'Innocent', 'Innocent', 'Innocent', 'Innocent', 'Innocent', 'Innocent', 'Innocent', 'Innocent', 'Innocent', 'Innocent', 'Innocent', 'Innocent', 'Innocent', 'Innocent', 'Innocent', 'Innocent', 'Innocent', 'Innocent', 'Innocent', 'Innocent', 'Innocent', 'Innocent', 'Innocent', 'Innocent', 'Innocent', 'Innocent', 'Innocent', 'Innocent', 'Innocent', 'Innocent', 'Innocent', 'Innocent', 'Innocent', 'Innocent', 'Innocent', 'Innocent', 'Innocent', 'Innocent', 'Innocent', 'Innocent', 'Innocent', 'Innocent', 'Innocent', 'Innocent', 'Innocent', 'Innocent', 'Innocent', 'Innocent', 'Innocent', 'Innocent', 'Innocent', 'Innocent', 'Innocent', 'Innocent', 'Innocent', 'Innocent', 'Innocent', 'Innocent', 'Innocent', 'Innocent', 'Innocent', 'Innocent', 'Innocent', 'Innocent', 'Innocent', 'Innocent', 'Innocent', 'Innocent', 'Innocent', 'Innocent', 'Innocent', 'Innocent', 'Innocent', 'Innocent', 'Innocent', 'Innocent', 'Innocent', 'Innocent', 'Innocent', 'Innocent', 'Innocent', 'Innocent', 'Innocent', 'Innocent', 'Innocent', 'Innocent', 'Innocent', 'Innocent', 'Innocent', 'Innocent', 'Innocent', 'Innocent', 'Innocent', 'Innocent', 'Innocent', 'Innocent', 'Innocent', 'Innocent', 'Innocent', 'Innocent', 'Innocent', 'Innocent', 'Innocent', 'Innocent', 'Innocent', 'Innocent', 'Innocent', 'Innocent', 'Innocent', 'Innocent', 'Innocent', 'Innocent', 'Innocent', 'Innocent', 'Innocent', 'Innocent', 'Innocent', 'Innocent', 'Innocent', 'Innocent', 'Innocent', 'Innocent', 'Innocent', 'Innocent', 'Innocent', 'Innocent', 'Innocent', 'Innocent', 'Innocent', 'Innocent', 'Innocent', 'Innocent', 'Innocent', 'Innocent', 'Innocent', 'Innocent', 'Innocent', 'Innocent', 'Innocent', 'Innocent', 'Innocent', 'Innocent', 'Innocent', 'Innocent', 'Innocent', 'Innocent', 'Innocent', 'Innocent', 'Innocent', 'Innocent', 'Innocent', 'Innocent', 'Innocent', 'Innocent', 'Innocent', 'Innocent', 'Innocent', 'Innocent', 'Innocent', 'Innocent', 'Innocent', 'Innocent', 'Innocent', 'Innocent', 'Innocent', 'Innocent', 'Innocent', 'Innocent', 'Innocent', 'Innocent', 'Innocent', 'Innocent', 'Innocent', 'Innocent', 'Innocent', 'Innocent', 'Innocent', 'Innocent', 'Innocent', 'Innocent', 'Innocent', 'Innocent', 'Innocent', 'Innocent', 'Innocent', 'Innocent', 'Innocent', 'Innocent', 'Innocent', 'Innocent', 'Innocent', 'Innocent', 'Innocent', 'Innocent', 'Innocent', 'Innocent', 'Innocent', 'Innocent', 'Innocent', 'Innocent', 'Innocent', 'Innocent', 'Innocent', 'Innocent', 'Innocent', 'Innocent', 'Innocent', 'Innocent', 'Innocent', 'Innocent', 'Innocent', 'Innocent', 'Innocent', 'Innocent', 'Innocent', 'Innocent', 'Innocent', 'Innocent', 'Innocent', 'Innocent', 'Innocent', 'Innocent', 'Innocent', 'Innocent', 'Innocent', 'Innocent', 'Innocent', 'Innocent', 'Innocent', 'Innocent', 'Innocent', 'Innocent', 'Innocent', 'Innocent', 'Innocent', 'Innocent', 'Innocent', 'Innocent', 'Innocent', 'Innocent', 'Innocent', 'Innocent', 'Innocent', 'Innocent', 'Innocent', 'Innocent', 'Innocent', 'Innocent', 'Innocent', 'Innocent', 'Innocent', 'Innocent', 'Innocent', 'Innocent', 'Innocent', 'Innocent', 'Innocent', 'Innocent', 'Innocent', 'Innocent', 'Innocent', 'Innocent', 'Innocent', 'Innocent', 'Innocent', 'Innocent', 'Innocent', 'Innocent', 'Innocent', 'Innocent', 'Innocent', 'Innocent', 'Innocent', 'Innocent', 'Innocent', 'Innocent', 'Innocent', 'Innocent', 'Innocent', 'Innocent', 'Innocent', 'Innocent', 'Innocent', 'Innocent', 'Innocent', 'Innocent', 'Innocent', 'Innocent', 'Innocent', 'Innocent', 'Innocent', 'Innocent', 'Innocent', 'Innocent', 'Innocent', 'Innocent', 'Innocent', 'Innocent', 'Innocent', 'Innocent', 'Innocent', 'Innocent', 'Innocent', 'Innocent', 'Innocent', 'Innocent', 'Innocent', 'Innocent', 'Innocent', 'Innocent', 'Innocent', 'Innocent', 'Innocent', 'Innocent', 'Innocent', 'Innocent', 'Innocent', 'Innocent', 'Innocent', 'Innocent', 'Innocent', 'Innocent', 'Innocent', 'Innocent', 'Innocent', 'Innocent', 'Innocent', 'Innocent', 'Innocent', 'Innocent', 'Innocent', 'Innocent', 'Innocent', 'Innocent', 'Innocent', 'Innocent', 'Innocent', 'Innocent', 'Innocent', 'Innocent', 'Innocent', 'Innocent', 'Innocent', 'Innocent', 'Innocent', 'Innocent', 'Innocent', 'Innocent', 'Innocent', 'Innocent', 'Innocent', 'Innocent', 'Innocent', 'Innocent', 'Innocent', 'Innocent', 'Innocent', 'Innocent', 'Innocent', 'Innocent', 'Innocent', 'Innocent', 'Innocent', 'Innocent', 'Innocent', 'Innocent', 'Innocent', 'Innocent', 'Innocent', 'Innocent', 'Innocent', 'Innocent', 'Innocent', 'Innocent', 'Innocent', 'Innocent', 'Innocent', 'Innocent', 'Innocent', 'Innocent', 'Innocent', 'Innocent', 'Innocent', 'Innocent', 'Innocent', 'Innocent', 'Innocent', 'Innocent', 'Innocent', 'Innocent', 'Innocent', 'Innocent', 'Innocent', 'Innocent', 'Innocent', 'Innocent', 'Innocent', 'Innocent', 'Innocent', 'Innocent', 'Innocent', 'Innocent', 'Innocent', 'Innocent', 'Innocent', 'Innocent', 'Innocent', 'Innocent', 'Innocent', 'Innocent', 'Innocent', 'Innocent', 'Innocent', 'Innocent', 'Innocent', 'Innocent', 'Innocent', 'Innocent', 'Innocent', 'Innocent', 'Innocent', 'Innocent', 'Innocent', 'Innocent', 'Innocent', 'Innocent', 'Innocent', 'Innocent', 'Innocent', 'Innocent', 'Innocent', 'Innocent', 'Innocent', 'Innocent', 'Innocent', 'Innocent', 'Innocent', 'Innocent', 'Innocent', 'Innocent', 'Innocent', 'Innocent', 'Innocent', 'Innocent', 'Innocent', 'Innocent', 'Innocent', 'Innocent', 'Innocent', 'Innocent', 'Innocent', 'Innocent', 'Innocent', 'Innocent', 'Innocent', 'Innocent', 'Innocent', 'Innocent', 'Innocent', 'Innocent', 'Innocent', 'Innocent', 'Innocent', 'Innocent', 'Innocent', 'Innocent', 'Innocent', 'Innocent', 'Innocent', 'Innocent', 'Innocent', 'Innocent', 'Innocent', 'Innocent', 'Innocent', 'Innocent', 'Innocent', 'Innocent', 'Innocent', 'Innocent', 'Innocent', 'Innocent', 'Innocent', 'Innocent', 'Innocent', 'Innocent', 'Innocent', 'Innocent', 'Innocent', 'Innocent', 'Innocent', 'Innocent', 'Innocent', 'Innocent', 'Innocent', 'Innocent', 'Innocent', 'Innocent', 'Innocent', 'Innocent', 'Innocent', 'Innocent', 'Innocent', 'Innocent', 'Innocent', 'Innocent', 'Innocent', 'Innocent', 'Innocent', 'Innocent', 'Innocent', 'Innocent', 'Innocent', 'Innocent', 'Innocent', 'Innocent', 'Innocent', 'Innocent', 'Innocent', 'Innocent', 'Innocent', 'Innocent', 'Innocent', 'Innocent', 'Innocent', 'Innocent', 'Innocent', 'Innocent', 'Innocent', 'Innocent', 'Innocent', 'Innocent', 'Innocent', 'Innocent', 'Innocent', 'Innocent', 'Innocent', 'Innocent', 'Innocent', 'Innocent', 'Innocent', 'Innocent', 'Innocent', 'Innocent', 'Innocent', 'Innocent', 'Innocent', 'Innocent', 'Innocent', 'Innocent', 'Innocent', 'Innocent', 'Innocent', 'Innocent', 'Innocent', 'Innocent', 'Innocent', 'Innocent', 'Innocent', 'Innocent', 'Innocent', 'Innocent', 'Innocent', 'Innocent', 'Innocent', 'Innocent', 'Innocent', 'Innocent', 'Innocent', 'Innocent', 'Innocent', 'Innocent', 'Innocent', 'Innocent', 'Innocent', 'Innocent', 'Innocent', 'Innocent', 'Innocent', 'Innocent', 'Innocent', 'Innocent', 'Innocent', 'Innocent', 'Innocent', 'Innocent', 'Innocent', 'Innocent', 'Innocent', 'Innocent', 'Innocent', 'Innocent', 'Innocent', 'Innocent', 'Innocent', 'Innocent', 'Innocent', 'Innocent', 'Innocent', 'Innocent', 'Innocent', 'Innocent', 'Innocent', 'Innocent', 'Innocent', 'Innocent', 'Innocent', 'Innocent', 'Innocent', 'Innocent', 'Innocent', 'Innocent', 'Innocent', 'Innocent', 'Innocent', 'Innocent', 'Innocent', 'Innocent', 'Innocent', 'Innocent', 'Innocent', 'Innocent', 'Innocent', 'Innocent', 'Innocent', 'Innocent', 'Innocent', 'Innocent', 'Innocent', 'Innocent', 'Innocent', 'Innocent', 'Innocent', 'Innocent', 'Innocent', 'Innocent', 'Innocent', 'Innocent', 'Innocent', 'Innocent', 'Innocent', 'Innocent', 'Innocent', 'Innocent', 'Innocent', 'Innocent', 'Innocent', 'Innocent', 'Innocent', 'Innocent', 'Innocent', 'Innocent', 'Innocent', 'Innocent', 'Innocent', 'Innocent', 'Innocent', 'Innocent', 'Innocent', 'Innocent', 'Innocent', 'Innocent', 'Innocent', 'Innocent', 'Innocent', 'Innocent', 'Innocent', 'Innocent', 'Innocent', 'Innocent', 'Innocent', 'Innocent', 'Innocent', 'Innocent', 'Innocent', 'Innocent', 'Innocent', 'Innocent', 'Innocent', 'Innocent', 'Innocent', 'Innocent', 'Innocent', 'Innocent', 'Innocent', 'Innocent', 'Innocent', 'Innocent', 'Innocent', 'Innocent', 'Innocent', 'Innocent', 'Innocent', 'Innocent', 'Innocent', 'Innocent', 'Innocent', 'Innocent', 'Innocent', 'Innocent', 'Innocent', 'Innocent', 'Innocent', 'Innocent', 'Innocent', 'Innocent', 'Innocent', 'Innocent', 'Innocent', 'Innocent', 'Innocent', 'Innocent', 'Innocent', 'Innocent', 'Innocent', 'Innocent', 'Innocent', 'Innocent', 'Innocent', 'Innocent', 'Innocent', 'Innocent', 'Innocent', 'Innocent', 'Innocent', 'Innocent', 'Innocent', 'Innocent', 'Innocent', 'Innocent', 'Innocent', 'Innocent', 'Innocent', 'Innocent', 'Innocent', 'Innocent', 'Innocent', 'Innocent', 'Innocent', 'Innocent', 'Innocent', 'Innocent', 'Innocent', 'Innocent', 'Innocent', 'Innocent', 'Innocent', 'Innocent', 'Innocent', 'Innocent', 'Innocent', 'Innocent', 'Innocent', 'Innocent', 'Innocent', 'Innocent', 'Innocent', 'Innocent', 'Innocent', 'Innocent', 'Innocent', 'Innocent', 'Innocent', 'Innocent', 'Innocent', 'Innocent', 'Innocent', 'Innocent', 'Innocent', 'Innocent', 'Innocent', 'Innocent', 'Innocent', 'Innocent', 'Innocent', 'Innocent', 'Innocent', 'Innocent', 'Innocent', 'Innocent', 'Innocent', 'Innocent', 'Innocent', 'Innocent', 'Innocent', 'Innocent', 'Innocent', 'Innocent', 'Innocent', 'Innocent', 'Innocent', 'Innocent', 'Innocent', 'Innocent', 'Innocent', 'Innocent', 'Innocent', 'Innocent', 'Innocent', 'Innocent', 'Innocent', 'Innocent', 'Innocent', 'Innocent', 'Innocent', 'Innocent', 'Innocent', 'Innocent', 'Innocent', 'Innocent', 'Innocent', 'Innocent', 'Innocent', 'Innocent', 'Innocent', 'Innocent', 'Innocent', 'Innocent', 'Innocent', 'Innocent', 'Innocent', 'Innocent', 'Innocent', 'Innocent', 'Innocent', 'Innocent', 'Innocent', 'Innocent', 'Innocent', 'Innocent', 'Innocent', 'Innocent', 'Innocent', 'Innocent', 'Innocent', 'Innocent', 'Innocent', 'Innocent', 'Innocent', 'Innocent', 'Innocent', 'Innocent', 'Innocent', 'Innocent', 'Innocent', 'Innocent', 'Innocent', 'Innocent', 'Innocent', 'Innocent', 'Innocent', 'Innocent', 'Innocent', 'Innocent', 'Innocent', 'Innocent', 'Innocent', 'Innocent', 'Innocent', 'Innocent', 'Innocent', 'Innocent', 'Innocent', 'Innocent', 'Innocent', 'Innocent', 'Innocent', 'Innocent', 'Innocent', 'Innocent', 'Innocent', 'Innocent', 'Innocent', 'Innocent', 'Innocent', 'Innocent', 'Innocent', 'Innocent', 'Innocent', 'Innocent', 'Innocent', 'Innocent', 'Innocent', 'Innocent', 'Innocent', 'Innocent', 'Innocent', 'Innocent', 'Innocent', 'Innocent', 'Innocent', 'Innocent', 'Innocent', 'Innocent', 'Innocent', 'Innocent', 'Innocent', 'Innocent', 'Innocent', 'Innocent', 'Innocent', 'Innocent', 'Innocent', 'Innocent', 'Innocent', 'Innocent', 'Innocent', 'Innocent', 'Innocent', 'Innocent', 'Innocent', 'Innocent', 'Innocent', 'Innocent', 'Innocent', 'Innocent', 'Innocent', 'Innocent', 'Innocent', 'Innocent', 'Innocent', 'Innocent', 'Innocent', 'Innocent', 'Innocent', 'Innocent', 'Innocent', 'Innocent', 'Innocent', 'Innocent', 'Innocent', 'Innocent', 'Innocent', 'Innocent', 'Innocent', 'Innocent', 'Innocent', 'Innocent', 'Innocent', 'Innocent', 'Innocent', 'Innocent', 'Innocent', 'Innocent', 'Innocent', 'Innocent', 'Innocent', 'Innocent', 'Innocent', 'Innocent', 'Innocent', 'Innocent', 'Innocent', 'Innocent', 'Innocent', 'Innocent', 'Innocent', 'Innocent', 'Innocent', 'Innocent', 'Innocent', 'Innocent', 'Innocent', 'Innocent', 'Innocent', 'Innocent', 'Innocent', 'Innocent', 'Innocent', 'Innocent', 'Innocent', 'Innocent', 'Innocent', 'Innocent', 'Innocent', 'Innocent', 'Innocent', 'Innocent', 'Innocent', 'Innocent', 'Innocent', 'Innocent', 'Innocent', 'Innocent', 'Innocent', 'Innocent', 'Innocent', 'Innocent', 'Innocent', 'Innocent', 'Innocent', 'Innocent', 'Innocent', 'Innocent', 'Innocent', 'Innocent', 'Innocent', 'Innocent', 'Innocent', 'Innocent', 'Innocent', 'Innocent', 'Innocent', 'Innocent', 'Innocent', 'Innocent', 'Innocent', 'Innocent', 'Innocent', 'Innocent', 'Innocent', 'Innocent', 'Innocent', 'Innocent', 'Innocent', 'Innocent', 'Innocent', 'Innocent', 'Innocent', 'Innocent', 'Innocent', 'Innocent', 'Innocent', 'Innocent', 'Innocent', 'Innocent', 'Innocent', 'Innocent', 'Innocent', 'Innocent', 'Innocent', 'Innocent', 'Innocent', 'Innocent', 'Innocent', 'Innocent', 'Innocent', 'Innocent', 'Innocent', 'Innocent', 'Innocent', 'Innocent', 'Innocent', 'Innocent', 'Innocent', 'Innocent', 'Innocent', 'Innocent', 'Innocent', 'Innocent', 'Innocent', 'Innocent', 'Innocent', 'Innocent', 'Innocent', 'Innocent', 'Innocent', 'Innocent', 'Innocent', 'Innocent', 'Innocent', 'Innocent', 'Innocent', 'Innocent', 'Innocent', 'Innocent', 'Innocent', 'Innocent', 'Innocent', 'Innocent', 'Innocent', 'Innocent', 'Innocent', 'Innocent', 'Innocent', 'Innocent', 'Innocent', 'Innocent', 'Innocent', 'Innocent', 'Innocent', 'Innocent', 'Innocent', 'Innocent', 'Innocent', 'Innocent', 'Innocent', 'Innocent', 'Innocent', 'Innocent', 'Innocent', 'Innocent', 'Innocent', 'Innocent', 'Innocent', 'Innocent', 'Innocent', 'Innocent', 'Innocent', 'Innocent', 'Innocent', 'Innocent', 'Innocent', 'Innocent', 'Innocent', 'Innocent', 'Innocent', 'Innocent', 'Innocent', 'Innocent', 'Innocent', 'Innocent', 'Innocent', 'Innocent', 'Innocent', 'Innocent', 'Innocent', 'Innocent', 'Innocent', 'Innocent', 'Innocent', 'Innocent', 'Innocent', 'Innocent', 'Innocent', 'Innocent', 'Innocent', 'Innocent', 'Innocent', 'Innocent', 'Innocent', 'Innocent', 'Innocent', 'Innocent', 'Innocent', 'Innocent', 'Innocent', 'Innocent', 'Innocent', 'Innocent', 'Innocent', 'Innocent', 'Innocent', 'Innocent', 'Innocent', 'Innocent', 'Innocent', 'Innocent', 'Innocent', 'Innocent', 'Innocent', 'Innocent', 'Innocent', 'Innocent', 'Innocent', 'Innocent', 'Innocent', 'Innocent', 'Innocent', 'Innocent', 'Innocent', 'Innocent', 'Innocent', 'Innocent', 'Innocent', 'Innocent', 'Innocent', 'Innocent', 'Innocent', 'Innocent', 'Innocent', 'Innocent', 'Innocent', 'Innocent', 'Innocent', 'Innocent', 'Innocent', 'Innocent', 'Innocent', 'Innocent', 'Innocent', 'Innocent', 'Innocent', 'Innocent', 'Innocent', 'Innocent', 'Innocent', 'Innocent', 'Innocent', 'Innocent', 'Innocent', 'Innocent', 'Innocent', 'Innocent', 'Innocent', 'Innocent', 'Innocent', 'Innocent', 'Innocent', 'Innocent', 'Innocent', 'Innocent', 'Innocent', 'Innocent', 'Innocent', 'Innocent', 'Innocent', 'Innocent', 'Innocent', 'Innocent', 'Innocent', 'Innocent', 'Innocent', 'Innocent', 'Innocent', 'Innocent', 'Innocent', 'Innocent', 'Innocent', 'Innocent', 'Innocent', 'Innocent', 'Innocent', 'Innocent', 'Innocent', 'Innocent', 'Innocent', 'Innocent', 'Innocent', 'Innocent', 'Innocent', 'Innocent', 'Innocent', 'Innocent', 'Innocent', 'Innocent', 'Innocent', 'Innocent', 'Innocent', 'Innocent', 'Innocent', 'Innocent', 'Innocent', 'Innocent', 'Innocent', 'Innocent', 'Innocent', 'Innocent', 'Innocent', 'Innocent', 'Innocent', 'Innocent', 'Innocent', 'Innocent', 'Innocent', 'Innocent', 'Innocent', 'Innocent', 'Innocent', 'Innocent', 'Innocent', 'Innocent', 'Innocent', 'Innocent', 'Innocent', 'Innocent', 'Innocent', 'Innocent', 'Innocent', 'Innocent', 'Innocent', 'Innocent', 'Innocent', 'Innocent', 'Innocent', 'Innocent', 'Innocent', 'Innocent', 'Innocent', 'Innocent', 'Innocent', 'Innocent', 'Innocent', 'Innocent', 'Innocent', 'Innocent', 'Innocent', 'Innocent', 'Innocent', 'Innocent', 'Innocent', 'Innocent', 'Innocent', 'Innocent', 'Innocent', 'Innocent', 'Innocent', 'Innocent', 'Innocent', 'Innocent', 'Innocent', 'Innocent', 'Innocent', 'Innocent', 'Innocent', 'Innocent', 'Innocent', 'Innocent', 'Innocent', 'Innocent', 'Innocent', 'Innocent', 'Innocent', 'Innocent', 'Innocent', 'Innocent', 'Innocent', 'Innocent', 'Innocent', 'Innocent', 'Innocent', 'Innocent', 'Innocent', 'Innocent', 'Innocent', 'Innocent', 'Innocent', 'Innocent', 'Innocent', 'Innocent', 'Innocent', 'Innocent', 'Innocent', 'Innocent', 'Innocent', 'Innocent', 'Innocent', 'Innocent', 'Innocent', 'Innocent', 'Innocent', 'Innocent', 'Innocent', 'Innocent', 'Innocent', 'Innocent', 'Innocent', 'Innocent', 'Innocent', 'Innocent', 'Innocent', 'Innocent', 'Innocent', 'Innocent', 'Innocent', 'Innocent', 'Innocent', 'Innocent', 'Innocent', 'Innocent', 'Innocent', 'Innocent', 'Innocent', 'Innocent', 'Innocent', 'Innocent', 'Innocent', 'Innocent', 'Innocent', 'Innocent', 'Innocent', 'Innocent', 'Innocent', 'Innocent', 'Innocent', 'Innocent', 'Innocent', 'Innocent', 'Innocent', 'Innocent', 'Innocent', 'Innocent', 'Innocent', 'Innocent', 'Innocent', 'Innocent', 'Innocent', 'Innocent', 'Innocent', 'Innocent', 'Innocent', 'Innocent', 'Innocent', 'Innocent', 'Innocent', 'Innocent', 'Innocent', 'Innocent', 'Innocent', 'Innocent', 'Innocent', 'Innocent', 'Innocent', 'Innocent', 'Innocent', 'Innocent', 'Innocent', 'Innocent', 'Innocent', 'Innocent', 'Innocent', 'Innocent', 'Innocent', 'Innocent', 'Innocent', 'Innocent', 'Innocent', 'Innocent', 'Innocent', 'Innocent', 'Innocent', 'Innocent', 'Innocent', 'Innocent', 'Innocent', 'Innocent', 'Innocent', 'Innocent', 'Innocent', 'Innocent', 'Innocent', 'Innocent', 'Innocent', 'Innocent', 'Innocent', 'Innocent', 'Innocent', 'Innocent', 'Innocent', 'Innocent', 'Innocent', 'Innocent', 'Innocent', 'Innocent', 'Innocent', 'Innocent', 'Innocent', 'Innocent', 'Innocent', 'Innocent', 'Innocent', 'Innocent', 'Innocent', 'Innocent', 'Innocent', 'Innocent', 'Innocent', 'Innocent', 'Innocent', 'Innocent', 'Innocent', 'Innocent', 'Innocent', 'Innocent', 'Innocent', 'Innocent', 'Innocent', 'Innocent', 'Innocent', 'Innocent', 'Innocent', 'Innocent', 'Innocent', 'Innocent', 'Innocent', 'Innocent', 'Innocent', 'Innocent', 'Innocent', 'Innocent', 'Innocent', 'Innocent', 'Innocent', 'Innocent', 'Innocent', 'Innocent', 'Innocent', 'Innocent', 'Innocent', 'Innocent', 'Innocent', 'Innocent', 'Innocent', 'Innocent', 'Innocent', 'Innocent', 'Innocent', 'Innocent', 'Innocent', 'Innocent', 'Innocent', 'Innocent', 'Innocent', 'Innocent', 'Innocent', 'Innocent', 'Innocent', 'Innocent', 'Innocent', 'Innocent', 'Innocent', 'Innocent', 'Innocent', 'Innocent', 'Innocent', 'Innocent', 'Innocent', 'Innocent', 'Innocent', 'Innocent', 'Innocent', 'Innocent', 'Innocent', 'Innocent', 'Innocent', 'Innocent', 'Innocent', 'Innocent', 'Innocent', 'Innocent', 'Innocent', 'Innocent', 'Innocent', 'Innocent', 'Innocent', 'Innocent', 'Innocent', 'Innocent', 'Innocent', 'Innocent', 'Innocent', 'Innocent', 'Innocent', 'Innocent', 'Innocent', 'Innocent', 'Innocent', 'Innocent', 'Innocent', 'Innocent', 'Innocent', 'Innocent', 'Innocent', 'Innocent', 'Innocent', 'Innocent', 'Innocent', 'Innocent', 'Innocent', 'Innocent', 'Innocent', 'Innocent', 'Innocent', 'Innocent', 'Innocent', 'Innocent', 'Innocent', 'Innocent', 'Innocent', 'Innocent', 'Innocent', 'Innocent', 'Innocent', 'Innocent', 'Innocent', 'Innocent', 'Innocent', 'Innocent', 'Innocent', 'Innocent', 'Innocent', 'Innocent', 'Innocent', 'Innocent', 'Innocent', 'Innocent', 'Innocent', 'Innocent', 'Innocent', 'Innocent', 'Innocent', 'Innocent', 'Innocent', 'Innocent', 'Innocent', 'Innocent', 'Innocent', 'Innocent', 'Innocent', 'Innocent', 'Innocent', 'Innocent', 'Innocent', 'Innocent', 'Innocent', 'Innocent', 'Innocent', 'Innocent', 'Innocent', 'Innocent', 'Innocent', 'Innocent', 'Innocent', 'Innocent', 'Innocent', 'Innocent', 'Innocent', 'Innocent', 'Innocent', 'Innocent', 'Innocent', 'Innocent', 'Innocent', 'Innocent', 'Innocent', 'Innocent', 'Innocent', 'Innocent', 'Innocent', 'Innocent', 'Innocent', 'Innocent', 'Innocent', 'Innocent', 'Innocent', 'Innocent', 'Innocent', 'Innocent', 'Innocent', 'Innocent', 'Innocent', 'Innocent', 'Innocent', 'Innocent', 'Innocent', 'Innocent', 'Innocent', 'Innocent', 'Innocent', 'Innocent', 'Innocent', 'Innocent', 'Innocent', 'Innocent', 'Innocent', 'Innocent', 'Innocent', 'Innocent', 'Innocent', 'Innocent', 'Innocent', 'Innocent', 'Innocent', 'Innocent', 'Innocent', 'Innocent', 'Innocent', 'Innocent', 'Innocent', 'Innocent', 'Innocent', 'Innocent', 'Innocent', 'Innocent', 'Innocent', 'Innocent', 'Innocent', 'Innocent', 'Innocent', 'Innocent', 'Innocent', 'Innocent', 'Innocent', 'Innocent', 'Innocent', 'Innocent', 'Innocent', 'Innocent', 'Innocent', 'Innocent', 'Innocent', 'Innocent', 'Innocent', 'Innocent', 'Innocent', 'Innocent', 'Innocent', 'Innocent', 'Innocent', 'Innocent', 'Innocent', 'Innocent', 'Innocent', 'Innocent', 'Innocent', 'Innocent', 'Innocent', 'Innocent', 'Innocent', 'Innocent', 'Innocent', 'Innocent', 'Innocent', 'Innocent', 'Innocent', 'Innocent', 'Innocent', 'Innocent', 'Innocent', 'Innocent', 'Innocent', 'Innocent', 'Innocent', 'Innocent', 'Innocent', 'Innocent', 'Innocent', 'Innocent', 'Innocent', 'Innocent', 'Innocent', 'Innocent', 'Innocent', 'Innocent', 'Innocent', 'Innocent', 'Innocent', 'Innocent', 'Innocent', 'Innocent', 'Innocent', 'Innocent', 'Innocent', 'Innocent', 'Innocent', 'Innocent', 'Innocent', 'Innocent', 'Innocent', 'Innocent', 'Innocent', 'Innocent', 'Innocent', 'Innocent', 'Innocent', 'Innocent', 'Innocent', 'Innocent', 'Innocent', 'Innocent', 'Innocent', 'Innocent', 'Innocent', 'Innocent', 'Innocent', 'Innocent', 'Innocent', 'Innocent', 'Innocent', 'Innocent', 'Innocent', 'Innocent', 'Innocent', 'Innocent', 'Innocent', 'Innocent', 'Innocent', 'Innocent', 'Innocent', 'Innocent', 'Innocent', 'Innocent', 'Innocent', 'Innocent', 'Innocent', 'Innocent', 'Innocent', 'Innocent', 'Innocent', 'Innocent', 'Innocent', 'Innocent', 'Innocent', 'Innocent', 'Innocent', 'Innocent', 'Innocent', 'Innocent', 'Innocent', 'Innocent', 'Innocent', 'Innocent', 'Innocent', 'Innocent', 'Innocent', 'Innocent', 'Innocent', 'Innocent', 'Innocent', 'Innocent', 'Innocent', 'Innocent', 'Innocent', 'Innocent', 'Innocent', 'Innocent', 'Innocent', 'Innocent', 'Innocent', 'Innocent', 'Innocent', 'Innocent', 'Innocent', 'Innocent', 'Innocent', 'Innocent', 'Innocent', 'Innocent', 'Innocent', 'Innocent', 'Innocent', 'Innocent', 'Innocent', 'Innocent', 'Innocent', 'Innocent', 'Innocent', 'Innocent', 'Innocent', 'Innocent', 'Innocent', 'Innocent', 'Innocent', 'Innocent', 'Innocent', 'Innocent', 'Innocent', 'Innocent', 'Innocent', 'Innocent', 'Innocent', 'Innocent', 'Innocent', 'Innocent', 'Innocent', 'Innocent', 'Innocent', 'Innocent', 'Innocent', 'Innocent', 'Innocent', 'Innocent', 'Innocent', 'Innocent', 'Innocent', 'Innocent', 'Innocent', 'Innocent', 'Innocent', 'Innocent', 'Innocent', 'Innocent', 'Innocent', 'Innocent', 'Innocent', 'Innocent', 'Innocent', 'Innocent', 'Innocent', 'Innocent', 'Innocent', 'Innocent', 'Innocent', 'Innocent', 'Innocent', 'Innocent', 'Innocent', 'Innocent', 'Innocent', 'Innocent', 'Innocent', 'Innocent', 'Innocent', 'Innocent', 'Innocent', 'Innocent', 'Innocent', 'Innocent', 'Innocent', 'Innocent', 'Innocent', 'Innocent', 'Innocent', 'Innocent', 'Innocent', 'Innocent', 'Innocent', 'Innocent', 'Innocent', 'Innocent', 'Innocent', 'Innocent', 'Innocent', 'Innocent', 'Innocent', 'Innocent', 'Innocent', 'Innocent', 'Innocent', 'Innocent', 'Innocent', 'Innocent', 'Innocent', 'Innocent', 'Innocent', 'Innocent', 'Innocent', 'Innocent', 'Innocent', 'Innocent', 'Innocent', 'Innocent', 'Innocent', 'Innocent', 'Innocent', 'Innocent', 'Innocent', 'Innocent', 'Innocent', 'Innocent', 'Innocent', 'Innocent', 'Innocent', 'Innocent', 'Innocent', 'Innocent', 'Innocent', 'Innocent', 'Innocent', 'Innocent', 'Innocent', 'Innocent', 'Innocent', 'Innocent', 'Innocent', 'Innocent', 'Innocent', 'Innocent', 'Innocent', 'Innocent', 'Innocent', 'Innocent', 'Innocent', 'Innocent', 'Innocent', 'Innocent', 'Innocent', 'Innocent', 'Innocent', 'Innocent', 'Innocent', 'Innocent', 'Innocent', 'Innocent', 'Innocent', 'Innocent', 'Innocent', 'Innocent', 'Innocent', 'Innocent', 'Innocent', 'Innocent', 'Innocent', 'Innocent', 'Innocent', 'Innocent', 'Innocent', 'Innocent', 'Innocent', 'Innocent', 'Innocent', 'Innocent', 'Innocent', 'Innocent', 'Innocent', 'Innocent', 'Innocent', 'Innocent', 'Innocent', 'Innocent', 'Innocent', 'Innocent', 'Innocent', 'Innocent', 'Innocent', 'Innocent', 'Innocent', 'Innocent', 'Innocent', 'Innocent', 'Innocent', 'Innocent', 'Innocent', 'Innocent', 'Innocent', 'Innocent', 'Innocent', 'Innocent', 'Innocent', 'Innocent', 'Innocent', 'Innocent', 'Innocent', 'Innocent', 'Innocent', 'Innocent', 'Innocent', 'Innocent', 'Innocent', 'Innocent', 'Innocent', 'Innocent', 'Innocent', 'Innocent', 'Innocent', 'Innocent', 'Innocent', 'Innocent', 'Innocent', 'Innocent', 'Innocent', 'Innocent', 'Innocent', 'Innocent', 'Innocent', 'Innocent', 'Innocent', 'Innocent', 'Innocent', 'Innocent', 'Innocent', 'Innocent', 'Innocent', 'Innocent', 'Innocent', 'Innocent', 'Innocent', 'Innocent', 'Innocent', 'Innocent', 'Innocent', 'Innocent', 'Innocent', 'Innocent', 'Innocent', 'Innocent', 'Innocent', 'Innocent', 'Innocent', 'Innocent', 'Innocent', 'Innocent', 'Innocent', 'Innocent', 'Innocent', 'Innocent', 'Innocent', 'Innocent', 'Innocent', 'Innocent', 'Innocent', 'Innocent', 'Innocent', 'Innocent', 'Innocent', 'Innocent', 'Innocent', 'Innocent', 'Innocent', 'Innocent', 'Innocent', 'Innocent', 'Innocent', 'Innocent', 'Innocent', 'Innocent', 'Innocent', 'Innocent', 'Innocent', 'Innocent', 'Innocent', 'Innocent', 'Innocent', 'Innocent', 'Innocent', 'Innocent', 'Innocent', 'Innocent', 'Innocent', 'Innocent', 'Innocent', 'Innocent', 'Innocent', 'Innocent', 'Innocent', 'Innocent', 'Innocent', 'Innocent', 'Innocent', 'Innocent', 'Innocent', 'Innocent', 'Innocent', 'Innocent', 'Innocent', 'Innocent', 'Innocent', 'Innocent', 'Innocent', 'Innocent', 'Innocent', 'Innocent', 'Innocent', 'Innocent', 'Innocent', 'Innocent', 'Innocent', 'Innocent', 'Innocent', 'Innocent', 'Innocent', 'Innocent', 'Innocent', 'Innocent', 'Innocent', 'Innocent', 'Innocent', 'Innocent', 'Innocent', 'Innocent', 'Innocent', 'Innocent', 'Innocent', 'Innocent', 'Innocent', 'Innocent', 'Innocent', 'Innocent', 'Innocent', 'Innocent', 'Innocent', 'Innocent', 'Innocent', 'Innocent', 'Innocent', 'Innocent', 'Innocent', 'Innocent', 'Innocent', 'Innocent', 'Innocent', 'Innocent', 'Innocent', 'Innocent', 'Innocent', 'Innocent', 'Innocent', 'Innocent', 'Innocent', 'Innocent', 'Innocent', 'Innocent', 'Innocent', 'Innocent', 'Innocent', 'Innocent', 'Innocent', 'Innocent', 'Innocent', 'Innocent', 'Innocent', 'Innocent', 'Innocent', 'Innocent', 'Innocent', 'Innocent', 'Innocent', 'Innocent', 'Innocent', 'Innocent', 'Innocent', 'Innocent', 'Innocent', 'Innocent', 'Innocent', 'Innocent', 'Innocent', 'Innocent', 'Innocent', 'Innocent', 'Innocent', 'Innocent', 'Innocent', 'Innocent', 'Innocent', 'Innocent', 'Innocent', 'Innocent', 'Innocent', 'Innocent', 'Innocent', 'Innocent', 'Innocent', 'Innocent', 'Innocent', 'Innocent', 'Innocent', 'Innocent', 'Innocent', 'Innocent', 'Innocent', 'Innocent', 'Innocent', 'Innocent', 'Innocent', 'Innocent', 'Innocent', 'Innocent', 'Innocent', 'Innocent', 'Innocent', 'Innocent', 'Innocent', 'Innocent', 'Innocent', 'Innocent', 'Innocent', 'Innocent', 'Innocent', 'Innocent', 'Innocent', 'Innocent', 'Innocent', 'Innocent', 'Innocent', 'Innocent', 'Innocent', 'Innocent', 'Innocent', 'Innocent', 'Innocent', 'Innocent', 'Innocent', 'Innocent', 'Innocent', 'Innocent', 'Innocent', 'Innocent', 'Innocent', 'Innocent', 'Innocent', 'Innocent', 'Innocent', 'Innocent', 'Innocent', 'Innocent', 'Innocent', 'Innocent', 'Innocent', 'Innocent', 'Innocent', 'Innocent', 'Innocent', 'Innocent', 'Innocent', 'Innocent', 'Innocent', 'Innocent', 'Innocent', 'Innocent', 'Innocent', 'Innocent', 'Innocent', 'Innocent', 'Innocent', 'Innocent', 'Innocent', 'Innocent', 'Innocent', 'Innocent', 'Innocent', 'Innocent', 'Innocent', 'Innocent', 'Innocent', 'Innocent', 'Innocent', 'Innocent', 'Innocent', 'Innocent', 'Innocent', 'Innocent', 'Innocent', 'Innocent', 'Innocent', 'Innocent', 'Innocent', 'Innocent', 'Innocent', 'Innocent', 'Innocent', 'Innocent', 'Innocent', 'Innocent', 'Innocent', 'Innocent', 'Innocent', 'Innocent', 'Innocent', 'Innocent', 'Innocent', 'Innocent', 'Innocent', 'Innocent', 'Innocent', 'Innocent', 'Innocent', 'Innocent', 'Innocent', 'Innocent', 'Innocent', 'Innocent', 'Innocent', 'Innocent', 'Innocent', 'Innocent', 'Innocent', 'Innocent', 'Innocent', 'Innocent', 'Innocent', 'Innocent', 'Innocent', 'Innocent', 'Innocent', 'Innocent', 'Innocent', 'Innocent', 'Innocent', 'Innocent', 'Innocent', 'Innocent', 'Innocent', 'Innocent', 'Innocent', 'Innocent', 'Innocent', 'Innocent', 'Innocent', 'Innocent', 'Innocent', 'Innocent', 'Innocent', 'Innocent', 'Innocent', 'Innocent', 'Innocent', 'Innocent', 'Innocent', 'Innocent', 'Innocent', 'Innocent', 'Innocent', 'Innocent', 'Innocent', 'Innocent', 'Innocent', 'Innocent', 'Innocent', 'Innocent', 'Innocent', 'Innocent', 'Innocent', 'Innocent', 'Innocent', 'Innocent', 'Innocent', 'Innocent', 'Innocent', 'Innocent', 'Innocent', 'Innocent', 'Innocent', 'Innocent', 'Innocent', 'Innocent', 'Innocent', 'Innocent', 'Innocent', 'Innocent', 'Innocent', 'Innocent', 'Innocent', 'Innocent', 'Innocent', 'Innocent', 'Innocent', 'Innocent', 'Innocent', 'Innocent', 'Innocent', 'Innocent', 'Innocent', 'Innocent', 'Innocent', 'Innocent', 'Innocent', 'Innocent', 'Innocent', 'Innocent', 'Innocent', 'Innocent', 'Innocent', 'Innocent', 'Innocent', 'Innocent', 'Innocent', 'Innocent', 'Innocent', 'Innocent', 'Innocent', 'Innocent', 'Innocent', 'Innocent', 'Innocent', 'Innocent', 'Innocent', 'Innocent', 'Innocent', 'Innocent', 'Innocent', 'Innocent', 'Innocent', 'Innocent', 'Innocent', 'Innocent', 'Innocent', 'Innocent', 'Innocent', 'Innocent', 'Innocent', 'Innocent', 'Innocent', 'Innocent', 'Innocent', 'Innocent', 'Innocent', 'Innocent', 'Innocent', 'Innocent', 'Innocent', 'Innocent', 'Innocent', 'Innocent', 'Innocent', 'Innocent', 'Innocent', 'Innocent', 'Innocent', 'Innocent', 'Innocent', 'Innocent', 'Innocent', 'Innocent', 'Innocent', 'Innocent', 'Innocent', 'Innocent', 'Innocent', 'Innocent', 'Innocent', 'Innocent', 'Innocent', 'Innocent', 'Innocent', 'Innocent', 'Innocent', 'Innocent', 'Innocent', 'Innocent', 'Innocent', 'Innocent', 'Innocent', 'Innocent', 'Innocent', 'Innocent', 'Innocent', 'Innocent', 'Innocent', 'Innocent', 'Innocent', 'Innocent', 'Innocent', 'Innocent', 'Innocent', 'Innocent', 'Innocent', 'Innocent', 'Innocent', 'Innocent', 'Innocent', 'Innocent', 'Innocent', 'Innocent', 'Innocent', 'Innocent', 'Innocent', 'Innocent', 'Innocent', 'Innocent', 'Innocent', 'Innocent', 'Innocent', 'Innocent', 'Innocent', 'Innocent', 'Innocent', 'Innocent', 'Innocent', 'Innocent', 'Innocent', 'Innocent', 'Innocent', 'Innocent', 'Innocent', 'Innocent', 'Innocent', 'Innocent', 'Innocent', 'Innocent', 'Innocent', 'Innocent', 'Innocent', 'Innocent', 'Innocent', 'Innocent', 'Innocent', 'Innocent', 'Innocent', 'Innocent', 'Innocent', 'Innocent', 'Innocent', 'Innocent', 'Innocent', 'Innocent', 'Innocent', 'Innocent', 'Innocent', 'Innocent', 'Innocent', 'Innocent', 'Innocent', 'Innocent', 'Innocent', 'Innocent', 'Innocent', 'Innocent', 'Innocent', 'Innocent', 'Innocent', 'Innocent', 'Innocent', 'Innocent', 'Innocent', 'Innocent', 'Innocent', 'Innocent', 'Innocent', 'Innocent', 'Innocent', 'Innocent', 'Innocent', 'Innocent', 'Innocent', 'Innocent', 'Innocent', 'Innocent', 'Innocent', 'Innocent', 'Innocent', 'Innocent', 'Innocent', 'Innocent', 'Innocent', 'Innocent', 'Innocent', 'Innocent', 'Innocent', 'Innocent', 'Innocent', 'Innocent', 'Innocent', 'Innocent', 'Innocent', 'Innocent', 'Innocent', 'Innocent', 'Innocent', 'Innocent', 'Innocent', 'Innocent', 'Innocent', 'Innocent', 'Innocent', 'Innocent', 'Innocent', 'Innocent', 'Innocent', 'Innocent', 'Innocent', 'Innocent', 'Innocent', 'Innocent', 'Innocent', 'Innocent', 'Innocent', 'Innocent', 'Innocent', 'Innocent', 'Innocent', 'Innocent', 'Innocent', 'Innocent', 'Innocent', 'Innocent', 'Innocent', 'Innocent', 'Innocent', 'Innocent', 'Innocent', 'Innocent', 'Innocent', 'Innocent', 'Innocent', 'Innocent', 'Innocent', 'Innocent', 'Innocent', 'Innocent', 'Innocent', 'Innocent', 'Innocent', 'Innocent', 'Innocent', 'Innocent', 'Innocent', 'Innocent', 'Innocent', 'Innocent', 'Innocent', 'Innocent', 'Innocent', 'Innocent', 'Innocent', 'Innocent', 'Innocent', 'Innocent', 'Innocent', 'Innocent', 'Innocent', 'Innocent', 'Innocent', 'Innocent', 'Innocent', 'Innocent', 'Innocent', 'Innocent', 'Innocent', 'Innocent', 'Innocent', 'Innocent', 'Innocent', 'Innocent', 'Innocent', 'Innocent', 'Innocent', 'Innocent', 'Innocent', 'Innocent', 'Innocent', 'Innocent', 'Innocent', 'Innocent', 'Innocent', 'Innocent', 'Innocent', 'Innocent', 'Innocent', 'Innocent', 'Innocent', 'Innocent', 'Innocent', 'Innocent', 'Innocent', 'Innocent', 'Innocent', 'Innocent', 'Innocent', 'Innocent', 'Innocent', 'Innocent', 'Innocent', 'Innocent', 'Innocent', 'Innocent', 'Innocent', 'Innocent', 'Innocent', 'Innocent', 'Innocent', 'Innocent', 'Innocent', 'Innocent', 'Innocent', 'Innocent', 'Innocent', 'Innocent', 'Innocent', 'Innocent', 'Innocent', 'Innocent', 'Innocent', 'Innocent', 'Innocent', 'Innocent', 'Innocent', 'Innocent', 'Innocent', 'Innocent', 'Innocent', 'Innocent', 'Innocent', 'Innocent', 'Innocent', 'Innocent', 'Innocent', 'Innocent', 'Innocent', 'Innocent', 'Innocent', 'Innocent', 'Innocent', 'Innocent', 'Innocent', 'Innocent', 'Innocent', 'Innocent', 'Innocent', 'Innocent', 'Innocent', 'Innocent', 'Innocent', 'Innocent', 'Innocent', 'Innocent', 'Innocent', 'Innocent', 'Innocent', 'Innocent', 'Innocent', 'Innocent', 'Innocent', 'Innocent', 'Innocent', 'Innocent', 'Innocent', 'Innocent', 'Innocent', 'Innocent', 'Innocent', 'Innocent', 'Innocent', 'Innocent', 'Innocent', 'Innocent', 'Innocent', 'Innocent', 'Innocent', 'Innocent', 'Innocent', 'Innocent', 'Innocent', 'Innocent', 'Innocent', 'Innocent', 'Innocent', 'Innocent', 'Innocent', 'Innocent', 'Innocent', 'Innocent', 'Innocent', 'Innocent', 'Innocent', 'Innocent', 'Innocent', 'Innocent', 'Innocent', 'Innocent', 'Innocent', 'Innocent', 'Innocent', 'Innocent', 'Innocent', 'Innocent', 'Innocent', 'Innocent', 'Innocent', 'Innocent', 'Innocent', 'Innocent', 'Innocent', 'Innocent', 'Innocent', 'Innocent', 'Innocent', 'Innocent', 'Innocent', 'Innocent', 'Innocent', 'Innocent', 'Innocent', 'Innocent', 'Innocent', 'Innocent', 'Innocent', 'Innocent', 'Innocent', 'Innocent', 'Innocent', 'Innocent', 'Innocent', 'Innocent', 'Innocent', 'Innocent', 'Innocent', 'Innocent', 'Innocent', 'Innocent', 'Innocent', 'Innocent', 'Innocent', 'Innocent', 'Innocent', 'Innocent', 'Innocent', 'Innocent', 'Innocent', 'Innocent', 'Innocent', 'Innocent', 'Innocent', 'Innocent', 'Innocent', 'Innocent', 'Innocent', 'Innocent', 'Innocent', 'Innocent', 'Innocent', 'Innocent', 'Innocent', 'Innocent', 'Innocent', 'Innocent', 'Innocent', 'Innocent', 'Innocent', 'Innocent', 'Innocent', 'Innocent', 'Innocent', 'Innocent', 'Innocent', 'Innocent', 'Innocent', 'Innocent', 'Innocent', 'Innocent', 'Innocent', 'Innocent', 'Innocent', 'Innocent', 'Innocent', 'Innocent', 'Innocent', 'Innocent', 'Innocent', 'Innocent', 'Innocent', 'Innocent', 'Innocent', 'Innocent', 'Innocent', 'Innocent', 'Innocent', 'Innocent', 'Innocent', 'Innocent', 'Innocent', 'Innocent', 'Innocent', 'Innocent', 'Innocent', 'Innocent', 'Innocent', 'Innocent', 'Innocent', 'Innocent', 'Innocent', 'Innocent', 'Innocent', 'Innocent', 'Innocent', 'Innocent', 'Innocent', 'Innocent', 'Innocent', 'Innocent', 'Innocent', 'Innocent', 'Innocent', 'Innocent', 'Innocent', 'Innocent', 'Innocent', 'Innocent', 'Innocent', 'Innocent', 'Innocent', 'Innocent', 'Innocent', 'Innocent', 'Innocent', 'Innocent', 'Innocent', 'Innocent', 'Innocent', 'Innocent', 'Innocent', 'Innocent', 'Innocent', 'Innocent', 'Innocent', 'Innocent', 'Innocent', 'Innocent', 'Innocent', 'Innocent', 'Innocent', 'Innocent', 'Innocent', 'Innocent', 'Innocent', 'Innocent', 'Innocent', 'Innocent', 'Innocent', 'Innocent', 'Innocent', 'Innocent', 'Innocent', 'Innocent', 'Innocent', 'Innocent', 'Innocent', 'Innocent', 'Innocent', 'Innocent', 'Innocent', 'Innocent', 'Innocent', 'Innocent', 'Innocent', 'Innocent', 'Innocent', 'Innocent', 'Innocent', 'Innocent', 'Innocent', 'Innocent', 'Innocent', 'Innocent', 'Innocent', 'Innocent', 'Innocent', 'Innocent', 'Innocent', 'Innocent', 'Innocent', 'Innocent', 'Innocent', 'Innocent', 'Innocent', 'Innocent', 'Innocent', 'Innocent', 'Innocent', 'Innocent', 'Innocent', 'Innocent', 'Innocent', 'Innocent', 'Innocent', 'Innocent', 'Innocent', 'Innocent', 'Innocent', 'Innocent', 'Innocent', 'Innocent', 'Innocent', 'Innocent', 'Innocent', 'Innocent', 'Innocent', 'Innocent', 'Innocent', 'Innocent', 'Innocent', 'Innocent', 'Innocent', 'Innocent', 'Innocent', 'Innocent', 'Innocent', 'Innocent', 'Innocent', 'Innocent', 'Innocent', 'Innocent', 'Innocent', 'Innocent', 'Innocent', 'Innocent', 'Innocent', 'Innocent', 'Innocent', 'Innocent', 'Innocent', 'Innocent', 'Innocent', 'Innocent', 'Innocent', 'Innocent', 'Innocent', 'Innocent', 'Innocent', 'Innocent', 'Innocent', 'Innocent', 'Innocent', 'Innocent', 'Innocent', 'Innocent', 'Innocent', 'Innocent', 'Innocent', 'Innocent', 'Innocent', 'Innocent', 'Innocent', 'Innocent', 'Innocent', 'Innocent', 'Innocent', 'Innocent', 'Innocent', 'Innocent', 'Innocent', 'Innocent', 'Innocent', 'Innocent', 'Innocent', 'Innocent', 'Innocent', 'Innocent', 'Innocent', 'Innocent', 'Innocent', 'Innocent', 'Innocent', 'Innocent', 'Innocent', 'Innocent', 'Innocent', 'Innocent', 'Innocent', 'Innocent', 'Innocent', 'Innocent', 'Innocent', 'Innocent', 'Innocent', 'Innocent', 'Innocent', 'Innocent', 'Innocent', 'Innocent', 'Innocent', 'Innocent', 'Innocent', 'Innocent', 'Innocent', 'Innocent', 'Innocent', 'Innocent', 'Innocent', 'Innocent', 'Innocent', 'Innocent', 'Innocent', 'Innocent', 'Innocent', 'Innocent', 'Innocent', 'Innocent', 'Innocent', 'Innocent', 'Innocent', 'Innocent', 'Innocent', 'Innocent', 'Innocent', 'Innocent', 'Innocent', 'Innocent', 'Innocent', 'Innocent', 'Innocent', 'Innocent', 'Innocent', 'Innocent', 'Innocent', 'Innocent', 'Innocent', 'Innocent', 'Innocent', 'Innocent', 'Innocent', 'Innocent', 'Innocent', 'Innocent', 'Innocent', 'Innocent', 'Innocent', 'Innocent', 'Innocent', 'Innocent', 'Innocent', 'Innocent', 'Innocent', 'Innocent', 'Innocent', 'Innocent', 'Innocent', 'Innocent', 'Innocent', 'Innocent', 'Innocent', 'Innocent', 'Innocent', 'Innocent', 'Innocent', 'Innocent', 'Innocent', 'Innocent', 'Innocent', 'Innocent', 'Innocent', 'Innocent', 'Innocent', 'Innocent', 'Innocent', 'Innocent', 'Innocent', 'Innocent', 'Innocent', 'Innocent', 'Innocent', 'Innocent', 'Innocent', 'Innocent', 'Innocent', 'Innocent', 'Innocent', 'Innocent', 'Innocent', 'Innocent', 'Innocent', 'Innocent', 'Innocent', 'Innocent', 'Innocent', 'Innocent', 'Innocent', 'Innocent', 'Innocent', 'Innocent', 'Innocent', 'Innocent', 'Innocent', 'Innocent', 'Innocent', 'Innocent', 'Innocent', 'Innocent', 'Innocent', 'Innocent', 'Innocent', 'Innocent', 'Innocent', 'Innocent', 'Innocent', 'Innocent', 'Innocent', 'Innocent', 'Innocent', 'Innocent', 'Innocent', 'Innocent', 'Innocent', 'Innocent', 'Innocent', 'Innocent', 'Innocent', 'Innocent', 'Innocent', 'Innocent', 'Innocent', 'Innocent', 'Innocent', 'Innocent', 'Innocent', 'Innocent', 'Innocent', 'Innocent', 'Innocent', 'Innocent', 'Innocent', 'Innocent', 'Innocent', 'Innocent', 'Innocent', 'Innocent', 'Innocent', 'Innocent', 'Innocent', 'Innocent', 'Innocent', 'Innocent', 'Innocent', 'Innocent', 'Innocent', 'Innocent', 'Innocent', 'Innocent', 'Innocent', 'Innocent', 'Innocent', 'Innocent', 'Innocent', 'Innocent', 'Innocent', 'Innocent', 'Innocent', 'Innocent', 'Innocent', 'Innocent', 'Innocent', 'Innocent', 'Innocent', 'Innocent', 'Innocent', 'Innocent', 'Innocent', 'Innocent', 'Innocent', 'Innocent', 'Innocent', 'Innocent', 'Innocent', 'Innocent', 'Innocent', 'Innocent', 'Innocent', 'Innocent', 'Innocent', 'Innocent', 'Innocent', 'Innocent', 'Innocent', 'Innocent', 'Innocent', 'Innocent', 'Innocent', 'Innocent', 'Innocent', 'Innocent', 'Innocent', 'Innocent', 'Innocent', 'Innocent', 'Innocent', 'Innocent', 'Innocent', 'Innocent', 'Innocent', 'Innocent', 'Innocent', 'Innocent', 'Innocent', 'Innocent', 'Innocent', 'Innocent', 'Innocent', 'Innocent', 'Innocent', 'Innocent', 'Innocent', 'Innocent', 'Innocent', 'Innocent', 'Innocent', 'Innocent', 'Innocent', 'Innocent', 'Innocent', 'Innocent', 'Innocent', 'Innocent', 'Innocent', 'Innocent', 'Innocent', 'Innocent', 'Innocent', 'Innocent', 'Innocent', 'Innocent', 'Innocent', 'Innocent', 'Innocent', 'Innocent', 'Innocent', 'Innocent', 'Innocent', 'Innocent', 'Innocent', 'Innocent', 'Innocent', 'Innocent', 'Innocent', 'Innocent', 'Innocent', 'Innocent', 'Innocent', 'Innocent', 'Innocent', 'Innocent', 'Innocent', 'Innocent', 'Innocent', 'Innocent', 'Innocent', 'Innocent', 'Innocent', 'Innocent', 'Innocent', 'Innocent', 'Innocent', 'Innocent', 'Innocent', 'Innocent', 'Innocent', 'Innocent', 'Innocent', 'Innocent', 'Innocent', 'Innocent', 'Innocent', 'Innocent', 'Innocent', 'Innocent', 'Innocent', 'Innocent', 'Innocent', 'Innocent', 'Innocent', 'Innocent', 'Innocent', 'Innocent', 'Innocent', 'Innocent', 'Innocent', 'Innocent', 'Innocent', 'Innocent', 'Innocent', 'Innocent', 'Innocent', 'Innocent', 'Innocent', 'Innocent', 'Innocent', 'Innocent', 'Innocent', 'Innocent', 'Innocent', 'Innocent', 'Innocent', 'Innocent', 'Innocent', 'Innocent', 'Innocent', 'Innocent', 'Innocent', 'Innocent', 'Innocent', 'Innocent', 'Innocent', 'Innocent', 'Innocent', 'Innocent', 'Innocent', 'Innocent', 'Innocent', 'Innocent', 'Innocent', 'Innocent', 'Innocent', 'Innocent', 'Innocent', 'Innocent', 'Innocent', 'Innocent', 'Innocent', 'Innocent', 'Innocent', 'Innocent', 'Innocent', 'Innocent', 'Innocent', 'Innocent', 'Innocent', 'Innocent', 'Innocent', 'Innocent', 'Innocent', 'Innocent', 'Innocent', 'Innocent', 'Innocent', 'Innocent', 'Innocent', 'Innocent', 'Innocent', 'Innocent', 'Innocent', 'Innocent', 'Innocent', 'Innocent', 'Innocent', 'Innocent', 'Innocent', 'Innocent', 'Innocent', 'Innocent', 'Innocent', 'Innocent', 'Innocent', 'Innocent', 'Innocent', 'Innocent', 'Innocent', 'Innocent', 'Innocent', 'Innocent', 'Innocent', 'Innocent', 'Innocent', 'Innocent', 'Innocent', 'Innocent', 'Innocent', 'Innocent', 'Innocent', 'Innocent', 'Innocent', 'Innocent', 'Innocent', 'Innocent', 'Innocent', 'Innocent', 'Innocent', 'Innocent', 'Innocent', 'Innocent', 'Innocent', 'Innocent', 'Innocent', 'Innocent', 'Innocent', 'Innocent', 'Innocent', 'Innocent', 'Innocent', 'Innocent', 'Innocent', 'Innocent', 'Innocent', 'Innocent', 'Innocent', 'Innocent', 'Innocent', 'Innocent', 'Innocent', 'Innocent', 'Innocent', 'Innocent', 'Innocent', 'Innocent', 'Innocent', 'Innocent', 'Innocent', 'Innocent', 'Innocent', 'Innocent', 'Innocent', 'Innocent', 'Innocent', 'Innocent', 'Innocent', 'Innocent', 'Innocent', 'Innocent', 'Innocent', 'Innocent', 'Innocent', 'Innocent', 'Innocent', 'Innocent', 'Innocent', 'Innocent', 'Innocent', 'Innocent', 'Innocent', 'Innocent', 'Innocent', 'Innocent', 'Innocent', 'Innocent', 'Innocent', 'Innocent', 'Innocent', 'Innocent', 'Innocent', 'Innocent', 'Innocent', 'Innocent', 'Innocent', 'Innocent', 'Innocent', 'Innocent', 'Innocent', 'Innocent', 'Innocent', 'Innocent', 'Innocent', 'Innocent', 'Innocent', 'Innocent', 'Innocent', 'Innocent', 'Innocent', 'Innocent', 'Innocent', 'Innocent', 'Innocent', 'Innocent', 'Innocent', 'Innocent', 'Innocent', 'Innocent', 'Innocent', 'Innocent', 'Innocent', 'Innocent', 'Innocent', 'Innocent', 'Innocent', 'Innocent', 'Innocent', 'Innocent', 'Innocent', 'Innocent', 'Innocent', 'Innocent', 'Innocent', 'Innocent', 'Innocent', 'Innocent', 'Innocent', 'Innocent', 'Innocent', 'Innocent', 'Innocent', 'Innocent', 'Innocent', 'Innocent', 'Innocent', 'Innocent', 'Innocent', 'Innocent', 'Innocent', 'Innocent', 'Innocent', 'Innocent', 'Innocent', 'Innocent', 'Innocent', 'Innocent', 'Innocent', 'Innocent', 'Innocent', 'Innocent', 'Innocent', 'Innocent', 'Innocent', 'Innocent', 'Innocent', 'Innocent', 'Innocent', 'Innocent', 'Innocent', 'Innocent', 'Innocent', 'Innocent', 'Innocent', 'Innocent', 'Innocent', 'Innocent', 'Innocent', 'Innocent', 'Innocent', 'Innocent', 'Innocent', 'Innocent', 'Innocent', 'Innocent', 'Innocent', 'Innocent', 'Innocent', 'Innocent', 'Innocent', 'Innocent', 'Innocent', 'Innocent', 'Innocent', 'Innocent', 'Innocent', 'Innocent', 'Innocent', 'Innocent', 'Innocent', 'Innocent', 'Innocent', 'Innocent', 'Innocent', 'Innocent', 'Innocent', 'Innocent', 'Innocent', 'Innocent', 'Innocent', 'Innocent', 'Innocent', 'Innocent', 'Innocent', 'Innocent', 'Innocent', 'Innocent', 'Innocent', 'Innocent', 'Innocent', 'Innocent', 'Innocent', 'Innocent', 'Innocent', 'Innocent', 'Innocent', 'Innocent', 'Innocent', 'Innocent', 'Innocent', 'Innocent', 'Innocent', 'Innocent', 'Innocent', 'Innocent', 'Innocent', 'Innocent', 'Innocent', 'Innocent', 'Innocent', 'Innocent', 'Innocent', 'Innocent', 'Innocent', 'Innocent', 'Innocent', 'Innocent', 'Innocent', 'Innocent', 'Innocent', 'Innocent', 'Innocent', 'Innocent', 'Innocent', 'Innocent', 'Innocent', 'Innocent', 'Innocent', 'Innocent', 'Innocent', 'Innocent', 'Innocent', 'Innocent', 'Innocent', 'Innocent', 'Innocent', 'Innocent', 'Innocent', 'Innocent', 'Innocent', 'Innocent', 'Innocent', 'Innocent', 'Innocent', 'Innocent', 'Innocent', 'Innocent', 'Innocent', 'Innocent', 'Innocent', 'Innocent', 'Innocent', 'Innocent', 'Innocent', 'Innocent', 'Innocent', 'Innocent', 'Innocent', 'Innocent', 'Innocent', 'Innocent', 'Innocent', 'Innocent', 'Innocent', 'Innocent', 'Innocent', 'Innocent', 'Innocent', 'Innocent', 'Innocent', 'Innocent', 'Innocent', 'Innocent', 'Innocent', 'Innocent', 'Innocent', 'Innocent', 'Innocent', 'Innocent', 'Innocent', 'Innocent', 'Innocent', 'Innocent', 'Innocent', 'Innocent', 'Innocent', 'Innocent', 'Innocent', 'Innocent', 'Innocent', 'Innocent', 'Innocent', 'Innocent', 'Innocent', 'Innocent', 'Innocent', 'Innocent', 'Innocent', 'Innocent', 'Innocent', 'Innocent', 'Innocent', 'Innocent', 'Innocent', 'Innocent', 'Innocent', 'Innocent', 'Innocent', 'Innocent', 'Innocent', 'Innocent', 'Innocent', 'Innocent', 'Innocent', 'Innocent', 'Innocent', 'Innocent', 'Innocent', 'Innocent', 'Innocent', 'Innocent', 'Innocent', 'Innocent', 'Innocent', 'Innocent', 'Innocent', 'Innocent', 'Innocent', 'Innocent', 'Innocent', 'Innocent', 'Innocent', 'Innocent', 'Innocent', 'Innocent', 'Innocent', 'Innocent', 'Innocent', 'Innocent', 'Innocent', 'Innocent', 'Innocent', 'Innocent', 'Innocent', 'Innocent', 'Innocent', 'Innocent', 'Innocent', 'Innocent', 'Innocent', 'Innocent', 'Innocent', 'Innocent', 'Innocent', 'Innocent', 'Innocent', 'Innocent', 'Innocent', 'Innocent', 'Innocent', 'Innocent', 'Innocent', 'Innocent', 'Innocent', 'Innocent', 'Innocent', 'Innocent', 'Innocent', 'Innocent', 'Innocent', 'Innocent', 'Innocent', 'Innocent', 'Innocent', 'Innocent', 'Innocent', 'Innocent', 'Innocent', 'Innocent', 'Innocent', 'Innocent', 'Innocent', 'Innocent', 'Innocent', 'Innocent', 'Innocent', 'Innocent', 'Innocent', 'Innocent', 'Innocent', 'Innocent', 'Innocent', 'Innocent', 'Innocent', 'Innocent', 'Innocent', 'Innocent', 'Innocent', 'Innocent', 'Innocent', 'Innocent', 'Innocent', 'Innocent', 'Innocent', 'Innocent', 'Innocent', 'Innocent', 'Innocent', 'Innocent', 'Innocent', 'Innocent', 'Innocent', 'Innocent', 'Innocent', 'Innocent', 'Innocent', 'Innocent', 'Innocent', 'Innocent', 'Innocent', 'Innocent', 'Innocent', 'Innocent', 'Innocent', 'Innocent', 'Innocent', 'Innocent', 'Innocent', 'Innocent', 'Innocent', 'Innocent', 'Innocent', 'Innocent', 'Innocent', 'Innocent', 'Innocent', 'Innocent', 'Innocent', 'Innocent', 'Innocent', 'Innocent', 'Innocent', 'Innocent', 'Innocent', 'Innocent', 'Innocent', 'Innocent', 'Innocent', 'Innocent', 'Innocent', 'Innocent', 'Innocent', 'Innocent', 'Innocent', 'Innocent', 'Innocent', 'Innocent', 'Innocent', 'Innocent', 'Innocent', 'Innocent', 'Innocent', 'Innocent', 'Innocent', 'Innocent', 'Innocent', 'Innocent', 'Innocent', 'Innocent', 'Innocent', 'Innocent', 'Innocent', 'Innocent', 'Innocent', 'Innocent', 'Innocent', 'Innocent', 'Innocent', 'Innocent', 'Innocent', 'Innocent', 'Innocent', 'Innocent', 'Innocent', 'Innocent', 'Innocent', 'Innocent', 'Innocent', 'Innocent', 'Innocent', 'Innocent', 'Innocent', 'Innocent', 'Innocent', 'Innocent', 'Innocent', 'Innocent', 'Innocent', 'Innocent', 'Innocent', 'Innocent', 'Innocent', 'Innocent', 'Innocent', 'Innocent', 'Innocent', 'Innocent', 'Innocent', 'Innocent', 'Innocent', 'Innocent', 'Innocent', 'Innocent', 'Innocent', 'Innocent', 'Innocent', 'Innocent', 'Innocent', 'Innocent', 'Innocent', 'Innocent', 'Innocent', 'Innocent', 'Innocent', 'Innocent', 'Innocent', 'Innocent', 'Innocent', 'Innocent', 'Innocent', 'Innocent', 'Innocent', 'Innocent', 'Innocent', 'Innocent', 'Innocent', 'Innocent', 'Innocent', 'Innocent', 'Innocent', 'Innocent', 'Innocent', 'Innocent', 'Innocent', 'Innocent', 'Innocent', 'Innocent', 'Innocent', 'Innocent', 'Innocent', 'Innocent', 'Innocent', 'Innocent', 'Innocent', 'Innocent', 'Innocent', 'Innocent', 'Innocent', 'Innocent', 'Innocent', 'Innocent', 'Innocent', 'Innocent', 'Innocent', 'Innocent', 'Innocent', 'Innocent', 'Innocent', 'Innocent', 'Innocent', 'Innocent', 'Innocent', 'Innocent', 'Innocent', 'Innocent', 'Innocent', 'Innocent', 'Innocent', 'Innocent', 'Innocent', 'Innocent', 'Innocent', 'Innocent', 'Innocent', 'Innocent', 'Innocent', 'Innocent', 'Innocent', 'Innocent', 'Innocent', 'Innocent', 'Innocent', 'Innocent', 'Innocent', 'Innocent', 'Innocent', 'Innocent', 'Innocent', 'Innocent', 'Innocent', 'Innocent', 'Innocent', 'Innocent', 'Innocent', 'Innocent', 'Innocent', 'Innocent', 'Innocent', 'Innocent', 'Innocent', 'Innocent', 'Innocent', 'Innocent', 'Innocent', 'Innocent', 'Innocent', 'Innocent', 'Innocent', 'Innocent', 'Innocent', 'Innocent', 'Innocent', 'Innocent', 'Innocent', 'Innocent', 'Innocent', 'Innocent', 'Innocent', 'Innocent', 'Innocent', 'Innocent', 'Innocent', 'Innocent', 'Innocent', 'Innocent', 'Innocent', 'Innocent', 'Innocent', 'Innocent', 'Innocent', 'Innocent', 'Innocent', 'Innocent', 'Innocent', 'Innocent', 'Innocent', 'Innocent', 'Innocent', 'Innocent', 'Innocent', 'Innocent', 'Innocent', 'Innocent', 'Innocent', 'Innocent', 'Innocent', 'Innocent', 'Innocent', 'Innocent', 'Innocent', 'Innocent', 'Innocent', 'Innocent', 'Innocent', 'Innocent', 'Innocent', 'Innocent', 'Innocent', 'Innocent', 'Innocent', 'Innocent', 'Innocent', 'Innocent', 'Innocent', 'Innocent', 'Innocent', 'Innocent', 'Innocent', 'Innocent', 'Innocent', 'Innocent', 'Innocent', 'Innocent', 'Innocent', 'Innocent', 'Innocent', 'Innocent', 'Innocent', 'Innocent', 'Innocent', 'Innocent', 'Innocent', 'Innocent', 'Innocent', 'Innocent', 'Innocent', 'Innocent', 'Innocent', 'Innocent', 'Innocent', 'Innocent', 'Innocent', 'Innocent', 'Innocent', 'Innocent', 'Innocent', 'Innocent', 'Innocent', 'Innocent', 'Innocent', 'Innocent', 'Innocent', 'Innocent', 'Innocent', 'Innocent', 'Innocent', 'Innocent', 'Innocent', 'Innocent', 'Innocent', 'Innocent', 'Innocent', 'Innocent', 'Innocent', 'Innocent', 'Innocent', 'Innocent', 'Innocent', 'Innocent', 'Innocent', 'Innocent', 'Innocent', 'Innocent', 'Innocent', 'Innocent', 'Innocent', 'Innocent', 'Innocent', 'Innocent', 'Innocent', 'Innocent', 'Innocent', 'Innocent', 'Innocent', 'Innocent', 'Innocent', 'Innocent', 'Innocent', 'Innocent', 'Innocent', 'Innocent', 'Innocent', 'Innocent', 'Innocent', 'Innocent', 'Innocent', 'Innocent', 'Innocent', 'Innocent', 'Innocent', 'Innocent', 'Innocent', 'Innocent', 'Innocent', 'Innocent', 'Innocent', 'Innocent', 'Innocent', 'Innocent', 'Innocent', 'Innocent', 'Innocent', 'Innocent', 'Innocent', 'Innocent', 'Innocent', 'Innocent', 'Innocent', 'Innocent', 'Innocent', 'Innocent', 'Innocent', 'Innocent', 'Innocent', 'Innocent', 'Innocent', 'Innocent', 'Innocent', 'Innocent', 'Innocent', 'Innocent', 'Innocent', 'Innocent', 'Innocent', 'Innocent', 'Innocent', 'Innocent', 'Innocent', 'Innocent', 'Innocent', 'Innocent', 'Innocent', 'Innocent', 'Innocent', 'Innocent', 'Innocent', 'Innocent', 'Innocent', 'Innocent', 'Innocent', 'Innocent', 'Innocent', 'Innocent', 'Innocent', 'Innocent', 'Innocent', 'Innocent', 'Innocent', 'Innocent', 'Innocent', 'Innocent', 'Innocent', 'Innocent', 'Innocent', 'Innocent', 'Innocent', 'Innocent', 'Innocent', 'Innocent', 'Innocent', 'Innocent', 'Innocent', 'Innocent', 'Innocent', 'Innocent', 'Innocent', 'Innocent', 'Innocent', 'Innocent', 'Innocent', 'Innocent', 'Innocent', 'Innocent', 'Innocent', 'Innocent', 'Innocent', 'Innocent', 'Innocent', 'Innocent', 'Innocent', 'Innocent', 'Innocent', 'Innocent', 'Innocent', 'Innocent', 'Innocent', 'Innocent', 'Innocent', 'Innocent', 'Innocent', 'Innocent', 'Innocent', 'Innocent', 'Innocent', 'Innocent', 'Innocent', 'Innocent', 'Innocent', 'Innocent', 'Innocent', 'Innocent', 'Innocent', 'Innocent', 'Innocent', 'Innocent', 'Innocent', 'Innocent', 'Innocent', 'Innocent', 'Innocent', 'Innocent', 'Innocent', 'Innocent', 'Innocent', 'Innocent', 'Innocent', 'Innocent', 'Innocent', 'Innocent', 'Innocent', 'Innocent', 'Innocent', 'Innocent', 'Innocent', 'Innocent', 'Innocent', 'Innocent', 'Innocent', 'Innocent', 'Innocent', 'Innocent', 'Innocent', 'Innocent', 'Innocent', 'Innocent', 'Innocent', 'Innocent', 'Innocent', 'Innocent', 'Innocent', 'Innocent', 'Innocent', 'Innocent', 'Innocent', 'Innocent', 'Innocent', 'Innocent', 'Innocent', 'Innocent', 'Innocent', 'Innocent', 'Innocent', 'Innocent', 'Innocent', 'Innocent', 'Innocent', 'Innocent', 'Innocent', 'Innocent', 'Innocent', 'Innocent', 'Innocent', 'Innocent', 'Innocent', 'Innocent', 'Innocent', 'Innocent', 'Innocent', 'Innocent', 'Innocent', 'Innocent', 'Innocent', 'Innocent', 'Innocent', 'Innocent', 'Innocent', 'Innocent', 'Innocent', 'Innocent', 'Innocent', 'Innocent', 'Innocent', 'Innocent', 'Innocent', 'Innocent', 'Innocent', 'Innocent', 'Innocent', 'Innocent', 'Innocent', 'Innocent', 'Innocent', 'Innocent', 'Innocent', 'Innocent', 'Innocent', 'Innocent', 'Innocent', 'Innocent', 'Innocent', 'Innocent', 'Innocent', 'Innocent', 'Innocent', 'Innocent', 'Innocent', 'Innocent', 'Innocent', 'Innocent', 'Innocent', 'Innocent', 'Innocent', 'Innocent', 'Innocent', 'Innocent', 'Innocent', 'Innocent', 'Innocent', 'Innocent', 'Innocent', 'Innocent', 'Innocent', 'Innocent', 'Innocent', 'Innocent', 'Innocent', 'Innocent', 'Innocent', 'Innocent', 'Innocent', 'Innocent', 'Innocent', 'Innocent', 'Innocent', 'Innocent', 'Innocent', 'Innocent', 'Innocent', 'Innocent', 'Innocent', 'Innocent', 'Innocent', 'Innocent', 'Innocent', 'Innocent', 'Innocent', 'Innocent', 'Innocent', 'Innocent', 'Innocent', 'Innocent', 'Innocent', 'Innocent', 'Innocent', 'Innocent', 'Innocent', 'Innocent', 'Innocent', 'Innocent', 'Innocent', 'Innocent', 'Innocent', 'Innocent', 'Innocent', 'Innocent', 'Innocent', 'Innocent', 'Innocent', 'Innocent', 'Innocent', 'Innocent', 'Innocent', 'Innocent', 'Innocent', 'Innocent', 'Innocent', 'Innocent', 'Innocent', 'Innocent', 'Innocent', 'Innocent', 'Innocent', 'Innocent', 'Innocent', 'Innocent', 'Innocent', 'Innocent', 'Innocent', 'Innocent', 'Innocent', 'Innocent', 'Innocent', 'Innocent', 'Innocent', 'Innocent', 'Innocent', 'Innocent', 'Innocent', 'Innocent', 'Innocent', 'Innocent', 'Innocent', 'Innocent', 'Innocent', 'Innocent', 'Innocent', 'Innocent', 'Innocent', 'Innocent', 'Innocent', 'Innocent', 'Innocent', 'Innocent', 'Innocent', 'Innocent', 'Innocent', 'Innocent', 'Innocent', 'Innocent', 'Innocent', 'Innocent', 'Innocent', 'Innocent', 'Innocent', 'Innocent', 'Innocent', 'Innocent', 'Innocent', 'Innocent', 'Innocent', 'Innocent', 'Innocent', 'Innocent', 'Innocent', 'Innocent', 'Innocent', 'Innocent', 'Innocent', 'Innocent', 'Innocent', 'Innocent', 'Innocent', 'Innocent', 'Innocent', 'Innocent', 'Innocent', 'Innocent', 'Innocent', 'Innocent', 'Innocent', 'Innocent', 'Innocent', 'Innocent', 'Innocent', 'Innocent', 'Innocent', 'Innocent', 'Innocent', 'Innocent', 'Innocent', 'Innocent', 'Innocent', 'Innocent', 'Innocent', 'Innocent', 'Innocent', 'Innocent', 'Innocent', 'Innocent', 'Innocent', 'Innocent', 'Innocent', 'Innocent', 'Innocent', 'Innocent', 'Innocent', 'Innocent', 'Innocent', 'Innocent', 'Innocent', 'Innocent', 'Innocent', 'Innocent', 'Innocent', 'Innocent', 'Innocent', 'Innocent', 'Innocent', 'Innocent', 'Innocent', 'Innocent', 'Innocent', 'Innocent', 'Innocent', 'Innocent', 'Innocent', 'Innocent', 'Innocent', 'Innocent', 'Innocent', 'Innocent', 'Innocent', 'Innocent', 'Innocent', 'Innocent', 'Innocent', 'Innocent', 'Innocent', 'Innocent', 'Innocent', 'Innocent', 'Innocent', 'Innocent', 'Innocent', 'Innocent', 'Innocent', 'Innocent', 'Innocent', 'Innocent', 'Innocent', 'Innocent', 'Innocent', 'Innocent', 'Innocent', 'Innocent', 'Innocent', 'Innocent', 'Innocent', 'Innocent', 'Innocent', 'Innocent', 'Innocent', 'Innocent', 'Innocent', 'Innocent', 'Innocent', 'Innocent', 'Innocent', 'Innocent', 'Innocent', 'Innocent', 'Innocent', 'Innocent', 'Innocent', 'Innocent', 'Innocent', 'Innocent', 'Innocent', 'Innocent', 'Innocent', 'Innocent', 'Innocent', 'Innocent', 'Innocent', 'Innocent', 'Innocent', 'Innocent', 'Innocent', 'Innocent', 'Innocent', 'Innocent', 'Innocent', 'Innocent', 'Innocent', 'Innocent', 'Innocent', 'Innocent', 'Innocent', 'Innocent', 'Innocent', 'Innocent', 'Innocent', 'Innocent', 'Innocent', 'Innocent', 'Innocent', 'Innocent', 'Innocent', 'Innocent', 'Innocent', 'Innocent', 'Innocent', 'Innocent', 'Innocent', 'Innocent', 'Innocent', 'Innocent', 'Innocent', 'Innocent', 'Innocent', 'Innocent', 'Innocent', 'Innocent', 'Innocent', 'Innocent', 'Innocent', 'Innocent', 'Innocent', 'Innocent', 'Innocent', 'Innocent', 'Innocent', 'Innocent', 'Innocent', 'Innocent', 'Innocent', 'Innocent', 'Innocent', 'Innocent', 'Innocent', 'Innocent', 'Innocent', 'Innocent', 'Innocent', 'Innocent', 'Innocent', 'Innocent', 'Innocent', 'Innocent', 'Innocent', 'Innocent', 'Innocent', 'Innocent', 'Innocent', 'Innocent', 'Innocent', 'Innocent', 'Innocent', 'Innocent', 'Innocent', 'Innocent', 'Innocent', 'Innocent', 'Innocent', 'Innocent', 'Innocent', 'Innocent', 'Innocent', 'Innocent', 'Innocent', 'Innocent', 'Innocent', 'Innocent', 'Innocent', 'Innocent', 'Innocent', 'Innocent', 'Innocent', 'Innocent', 'Innocent', 'Innocent', 'Innocent', 'Innocent', 'Innocent', 'Innocent', 'Innocent', 'Innocent', 'Innocent', 'Innocent', 'Innocent', 'Innocent', 'Innocent', 'Innocent', 'Innocent', 'Innocent', 'Innocent', 'Innocent', 'Innocent', 'Innocent', 'Innocent', 'Innocent', 'Innocent', 'Innocent', 'Innocent', 'Innocent', 'Innocent', 'Innocent', 'Innocent', 'Innocent', 'Innocent', 'Innocent', 'Innocent', 'Innocent', 'Innocent', 'Innocent', 'Innocent', 'Innocent', 'Innocent', 'Innocent', 'Innocent', 'Innocent', 'Innocent', 'Innocent', 'Innocent', 'Innocent', 'Innocent', 'Innocent', 'Innocent', 'Innocent', 'Innocent', 'Innocent', 'Innocent', 'Innocent', 'Innocent', 'Innocent', 'Innocent', 'Innocent', 'Innocent', 'Innocent', 'Innocent', 'Innocent', 'Innocent', 'Innocent', 'Innocent', 'Innocent', 'Innocent', 'Innocent', 'Innocent', 'Innocent', 'Innocent', 'Innocent', 'Innocent', 'Innocent', 'Innocent', 'Innocent', 'Innocent', 'Innocent', 'Innocent', 'Innocent', 'Innocent', 'Innocent', 'Innocent', 'Innocent', 'Innocent', 'Innocent', 'Innocent', 'Innocent', 'Innocent', 'Innocent', 'Innocent', 'Innocent', 'Innocent', 'Innocent', 'Innocent', 'Innocent', 'Innocent', 'Innocent', 'Innocent', 'Innocent', 'Innocent', 'Innocent', 'Innocent', 'Innocent', 'Innocent', 'Innocent', 'Innocent', 'Innocent', 'Innocent', 'Innocent', 'Innocent', 'Innocent', 'Innocent', 'Innocent', 'Innocent', 'Innocent', 'Innocent', 'Innocent', 'Innocent', 'Innocent', 'Innocent', 'Innocent', 'Innocent', 'Innocent', 'Innocent', 'Innocent', 'Innocent', 'Innocent', 'Innocent', 'Innocent', 'Innocent', 'Innocent', 'Innocent', 'Innocent', 'Innocent', 'Innocent', 'Innocent', 'Innocent', 'Innocent', 'Innocent', 'Innocent', 'Innocent', 'Innocent', 'Innocent', 'Innocent', 'Innocent', 'Innocent', 'Innocent', 'Innocent', 'Innocent', 'Innocent', 'Innocent', 'Innocent', 'Innocent', 'Innocent', 'Innocent', 'Innocent', 'Innocent', 'Innocent', 'Innocent', 'Innocent', 'Innocent', 'Innocent', 'Innocent', 'Innocent', 'Innocent', 'Innocent', 'Innocent', 'Innocent', 'Innocent', 'Innocent', 'Innocent', 'Innocent', 'Innocent', 'Innocent', 'Innocent', 'Innocent', 'Innocent', 'Innocent', 'Innocent', 'Innocent', 'Innocent', 'Innocent', 'Innocent', 'Innocent', 'Innocent', 'Innocent', 'Innocent', 'Innocent', 'Innocent', 'Innocent', 'Innocent', 'Innocent', 'Innocent', 'Innocent', 'Innocent', 'Innocent', 'Innocent', 'Innocent', 'Innocent', 'Innocent', 'Innocent', 'Innocent', 'Innocent', 'Innocent', 'Innocent', 'Innocent', 'Innocent', 'Innocent', 'Innocent', 'Innocent', 'Innocent', 'Innocent', 'Innocent', 'Innocent', 'Innocent', 'Innocent', 'Innocent', 'Innocent', 'Innocent', 'Innocent', 'Innocent', 'Innocent', 'Innocent', 'Innocent', 'Innocent', 'Innocent', 'Innocent', 'Innocent', 'Innocent', 'Innocent', 'Innocent', 'Innocent', 'Innocent', 'Innocent', 'Innocent', 'Innocent', 'Innocent', 'Innocent', 'Innocent', 'Innocent', 'Innocent', 'Innocent', 'Innocent', 'Innocent', 'Innocent', 'Innocent', 'Innocent', 'Innocent', 'Innocent', 'Innocent', 'Innocent', 'Innocent', 'Innocent', 'Innocent', 'Innocent', 'Innocent', 'Innocent', 'Innocent', 'Innocent', 'Innocent', 'Innocent', 'Innocent', 'Innocent', 'Innocent', 'Innocent', 'Innocent', 'Innocent', 'Innocent', 'Innocent', 'Innocent', 'Innocent', 'Innocent', 'Innocent', 'Innocent', 'Innocent', 'Innocent', 'Innocent', 'Innocent', 'Innocent', 'Innocent', 'Innocent', 'Innocent', 'Innocent', 'Innocent', 'Innocent', 'Innocent', 'Innocent', 'Innocent', 'Innocent', 'Innocent', 'Innocent', 'Innocent', 'Innocent', 'Innocent', 'Innocent', 'Innocent', 'Innocent', 'Innocent', 'Innocent', 'Innocent', 'Innocent', 'Innocent', 'Innocent', 'Innocent', 'Innocent', 'Innocent', 'Innocent', 'Innocent', 'Innocent', 'Innocent', 'Innocent', 'Innocent', 'Innocent', 'Innocent', 'Innocent', 'Innocent', 'Innocent', 'Innocent', 'Innocent', 'Innocent', 'Innocent', 'Innocent', 'Innocent', 'Innocent', 'Innocent', 'Innocent', 'Innocent', 'Innocent', 'Innocent', 'Innocent', 'Innocent', 'Innocent', 'Innocent', 'Innocent', 'Innocent', 'Innocent', 'Innocent', 'Innocent', 'Innocent', 'Innocent', 'Innocent', 'Innocent', 'Innocent', 'Innocent', 'Innocent', 'Innocent', 'Innocent', 'Innocent', 'Innocent', 'Innocent', 'Innocent', 'Innocent', 'Innocent', 'Innocent', 'Innocent', 'Innocent', 'Innocent', 'Innocent', 'Innocent', 'Innocent', 'Innocent', 'Innocent', 'Innocent', 'Innocent', 'Innocent', 'Innocent', 'Innocent', 'Innocent', 'Innocent', 'Innocent', 'Innocent', 'Innocent', 'Innocent', 'Innocent', 'Innocent', 'Innocent', 'Innocent', 'Innocent', 'Innocent', 'Innocent', 'Innocent', 'Innocent', 'Innocent', 'Innocent', 'Innocent', 'Innocent', 'Innocent', 'Innocent', 'Innocent', 'Innocent', 'Innocent', 'Innocent', 'Innocent', 'Innocent', 'Innocent', 'Innocent', 'Innocent', 'Innocent', 'Innocent', 'Innocent', 'Innocent', 'Innocent', 'Innocent', 'Innocent', 'Innocent', 'Innocent', 'Innocent', 'Innocent', 'Innocent', 'Innocent', 'Innocent', 'Innocent', 'Innocent', 'Innocent', 'Innocent', 'Innocent', 'Innocent', 'Innocent', 'Innocent', 'Innocent', 'Innocent', 'Innocent', 'Innocent', 'Innocent', 'Innocent', 'Innocent', 'Innocent', 'Innocent', 'Innocent', 'Innocent', 'Innocent', 'Innocent', 'Innocent', 'Innocent', 'Innocent', 'Innocent', 'Innocent', 'Innocent', 'Innocent', 'Innocent', 'Innocent', 'Innocent', 'Innocent', 'Innocent', 'Innocent', 'Innocent', 'Innocent', 'Innocent', 'Innocent', 'Innocent', 'Innocent', 'Innocent', 'Innocent', 'Innocent', 'Innocent', 'Innocent', 'Innocent', 'Innocent', 'Innocent', 'Innocent', 'Innocent', 'Innocent', 'Innocent', 'Innocent', 'Innocent', 'Innocent', 'Innocent', 'Innocent', 'Innocent', 'Innocent', 'Innocent', 'Innocent', 'Innocent', 'Innocent', 'Innocent', 'Innocent', 'Innocent', 'Innocent', 'Innocent', 'Innocent', 'Innocent', 'Innocent', 'Innocent', 'Innocent', 'Innocent', 'Innocent', 'Innocent', 'Innocent', 'Innocent', 'Innocent', 'Innocent', 'Innocent', 'Innocent', 'Innocent', 'Innocent', 'Innocent', 'Innocent', 'Innocent', 'Innocent', 'Innocent', 'Innocent', 'Innocent', 'Innocent', 'Innocent', 'Innocent', 'Innocent', 'Innocent', 'Innocent', 'Innocent', 'Innocent', 'Innocent', 'Innocent', 'Innocent', 'Innocent', 'Innocent', 'Innocent', 'Innocent', 'Innocent', 'Innocent', 'Innocent', 'Innocent', 'Innocent', 'Innocent', 'Innocent', 'Innocent', 'Innocent', 'Innocent', 'Innocent', 'Innocent', 'Innocent', 'Innocent', 'Innocent', 'Innocent', 'Innocent', 'Innocent', 'Innocent', 'Innocent', 'Innocent', 'Innocent', 'Innocent', 'Innocent', 'Innocent', 'Innocent', 'Innocent', 'Innocent', 'Innocent', 'Innocent', 'Innocent', 'Innocent', 'Innocent', 'Innocent', 'Innocent', 'Innocent', 'Innocent', 'Innocent', 'Innocent', 'Innocent', 'Innocent', 'Innocent', 'Innocent', 'Innocent', 'Innocent', 'Innocent', 'Innocent', 'Innocent', 'Innocent', 'Innocent', 'Innocent', 'Innocent', 'Innocent', 'Innocent', 'Innocent', 'Innocent', 'Innocent', 'Innocent', 'Innocent', 'Innocent', 'Innocent', 'Innocent', 'Innocent', 'Innocent', 'Innocent', 'Innocent', 'Innocent', 'Innocent', 'Innocent', 'Innocent', 'Innocent', 'Innocent', 'Innocent', 'Innocent', 'Innocent', 'Innocent', 'Innocent', 'Innocent', 'Innocent', 'Innocent', 'Innocent', 'Innocent', 'Innocent', 'Innocent', 'Innocent', 'Innocent', 'Innocent', 'Innocent', 'Innocent', 'Innocent', 'Innocent', 'Innocent', 'Innocent', 'Innocent', 'Innocent', 'Innocent', 'Innocent', 'Innocent', 'Innocent', 'Innocent', 'Innocent', 'Innocent', 'Innocent', 'Innocent', 'Innocent', 'Innocent', 'Innocent', 'Innocent', 'Innocent', 'Innocent', 'Innocent', 'Innocent', 'Innocent', 'Innocent', 'Innocent', 'Innocent', 'Innocent', 'Innocent', 'Innocent', 'Innocent', 'Innocent', 'Innocent', 'Innocent', 'Innocent', 'Innocent', 'Innocent', 'Innocent', 'Innocent', 'Innocent', 'Innocent', 'Innocent', 'Innocent', 'Innocent', 'Innocent', 'Innocent', 'Innocent', 'Innocent', 'Innocent', 'Innocent', 'Innocent', 'Innocent', 'Innocent', 'Innocent', 'Innocent', 'Innocent', 'Innocent', 'Innocent', 'Innocent', 'Innocent', 'Innocent', 'Innocent', 'Innocent', 'Innocent', 'Innocent', 'Innocent', 'Innocent', 'Innocent', 'Innocent', 'Innocent', 'Innocent', 'Innocent', 'Innocent', 'Innocent', 'Innocent', 'Innocent', 'Innocent', 'Innocent', 'Innocent', 'Innocent', 'Innocent', 'Innocent', 'Innocent', 'Innocent', 'Innocent', 'Innocent', 'Innocent', 'Innocent', 'Innocent', 'Innocent', 'Innocent', 'Innocent', 'Innocent', 'Innocent', 'Innocent', 'Innocent', 'Innocent', 'Innocent', 'Innocent', 'Innocent', 'Innocent', 'Innocent', 'Innocent', 'Innocent', 'Innocent', 'Innocent', 'Innocent', 'Innocent', 'Innocent', 'Innocent', 'Innocent', 'Innocent', 'Innocent', 'Innocent', 'Innocent', 'Innocent', 'Innocent', 'Innocent', 'Innocent', 'Innocent', 'Innocent', 'Innocent', 'Innocent', 'Innocent', 'Innocent', 'Innocent', 'Innocent', 'Innocent', 'Innocent', 'Innocent', 'Innocent', 'Innocent', 'Innocent', 'Innocent', 'Innocent', 'Innocent', 'Innocent', 'Innocent', 'Innocent', 'Innocent', 'Innocent', 'Innocent', 'Innocent', 'Innocent', 'Innocent', 'Innocent', 'Innocent', 'Innocent', 'Innocent', 'Innocent', 'Innocent', 'Innocent', 'Innocent', 'Innocent', 'Innocent', 'Innocent', 'Innocent', 'Innocent', 'Innocent', 'Innocent', 'Innocent', 'Innocent', 'Innocent', 'Innocent', 'Innocent', 'Innocent', 'Innocent', 'Innocent', 'Innocent', 'Innocent', 'Innocent', 'Innocent', 'Innocent', 'Innocent', 'Innocent', 'Innocent', 'Innocent', 'Innocent', 'Innocent', 'Innocent', 'Innocent', 'Innocent', 'Innocent', 'Innocent', 'Innocent', 'Innocent', 'Innocent', 'Innocent', 'Innocent', 'Innocent', 'Innocent', 'Innocent', 'Innocent', 'Innocent', 'Innocent', 'Innocent', 'Innocent', 'Innocent', 'Innocent', 'Innocent', 'Innocent', 'Innocent', 'Innocent', 'Innocent', 'Innocent', 'Innocent', 'Innocent', 'Innocent', 'Innocent', 'Innocent', 'Innocent', 'Innocent', 'Innocent', 'Innocent', 'Innocent', 'Innocent', 'Innocent', 'Innocent', 'Innocent', 'Innocent', 'Innocent', 'Innocent', 'Innocent', 'Innocent', 'Innocent', 'Innocent', 'Innocent', 'Innocent', 'Innocent', 'Innocent', 'Innocent', 'Innocent', 'Innocent', 'Innocent', 'Innocent', 'Innocent', 'Innocent', 'Innocent', 'Innocent', 'Innocent', 'Innocent', 'Innocent', 'Innocent', 'Innocent', 'Innocent', 'Innocent', 'Innocent', 'Innocent', 'Innocent', 'Innocent', 'Innocent', 'Innocent', 'Innocent', 'Innocent', 'Innocent', 'Innocent', 'Innocent', 'Innocent', 'Innocent', 'Innocent', 'Innocent', 'Innocent', 'Innocent', 'Innocent', 'Innocent', 'Innocent', 'Innocent', 'Innocent', 'Innocent', 'Innocent', 'Innocent', 'Innocent', 'Innocent', 'Innocent', 'Innocent', 'Innocent', 'Innocent', 'Innocent', 'Innocent', 'Innocent', 'Innocent', 'Innocent', 'Innocent', 'Innocent', 'Innocent', 'Innocent', 'Innocent', 'Innocent', 'Innocent', 'Innocent', 'Innocent', 'Innocent', 'Innocent', 'Innocent', 'Innocent', 'Innocent', 'Innocent', 'Innocent', 'Innocent', 'Innocent', 'Innocent', 'Innocent', 'Innocent', 'Innocent', 'Innocent', 'Innocent', 'Innocent', 'Innocent', 'Innocent', 'Innocent', 'Innocent', 'Innocent', 'Innocent', 'Innocent', 'Innocent', 'Innocent', 'Innocent', 'Innocent', 'Innocent', 'Innocent', 'Innocent', 'Innocent', 'Innocent', 'Innocent', 'Innocent', 'Innocent', 'Innocent', 'Innocent', 'Innocent', 'Innocent', 'Innocent', 'Innocent', 'Innocent', 'Innocent', 'Innocent', 'Innocent', 'Innocent', 'Innocent', 'Innocent', 'Innocent', 'Innocent', 'Innocent', 'Innocent', 'Innocent', 'Innocent', 'Innocent', 'Innocent', 'Innocent', 'Innocent', 'Innocent', 'Innocent', 'Innocent', 'Innocent', 'Innocent', 'Innocent', 'Innocent', 'Innocent', 'Innocent', 'Innocent', 'Innocent', 'Innocent', 'Innocent', 'Innocent', 'Innocent', 'Innocent', 'Innocent', 'Innocent', 'Innocent', 'Innocent', 'Innocent', 'Innocent', 'Innocent', 'Innocent', 'Innocent', 'Innocent', 'Innocent', 'Innocent', 'Innocent', 'Innocent', 'Innocent', 'Innocent', 'Innocent', 'Innocent', 'Innocent', 'Innocent', 'Innocent', 'Innocent', 'Innocent', 'Innocent', 'Innocent', 'Innocent', 'Innocent', 'Innocent', 'Innocent', 'Innocent', 'Innocent', 'Innocent', 'Innocent', 'Innocent', 'Innocent', 'Innocent', 'Innocent', 'Innocent', 'Innocent', 'Innocent', 'Innocent', 'Innocent', 'Innocent', 'Innocent', 'Innocent', 'Innocent', 'Innocent', 'Innocent', 'Innocent', 'Innocent', 'Innocent', 'Innocent', 'Innocent', 'Innocent', 'Innocent', 'Innocent', 'Innocent', 'Innocent', 'Innocent', 'Innocent', 'Innocent', 'Innocent', 'Innocent', 'Innocent', 'Innocent', 'Innocent', 'Innocent', 'Innocent', 'Innocent', 'Innocent', 'Innocent', 'Innocent', 'Innocent', 'Innocent', 'Innocent', 'Innocent', 'Innocent', 'Innocent', 'Innocent', 'Innocent', 'Innocent', 'Innocent', 'Innocent', 'Innocent', 'Innocent', 'Innocent', 'Innocent', 'Innocent', 'Innocent', 'Innocent', 'Innocent', 'Innocent', 'Innocent', 'Innocent', 'Innocent', 'Innocent', 'Innocent', 'Innocent', 'Innocent', 'Innocent', 'Innocent', 'Innocent', 'Innocent', 'Innocent', 'Innocent', 'Innocent', 'Innocent', 'Innocent', 'Innocent', 'Innocent', 'Innocent', 'Innocent', 'Innocent', 'Innocent', 'Innocent', 'Innocent', 'Innocent', 'Innocent', 'Innocent', 'Innocent', 'Innocent', 'Innocent', 'Innocent', 'Innocent', 'Innocent', 'Innocent', 'Innocent', 'Innocent', 'Innocent', 'Innocent', 'Innocent', 'Innocent', 'Innocent', 'Innocent', 'Innocent', 'Innocent', 'Innocent', 'Innocent', 'Innocent', 'Innocent', 'Innocent', 'Innocent', 'Innocent', 'Innocent', 'Innocent', 'Innocent', 'Innocent', 'Innocent', 'Innocent', 'Innocent', 'Innocent', 'Innocent', 'Innocent', 'Innocent', 'Innocent', 'Innocent', 'Innocent', 'Innocent', 'Innocent', 'Innocent', 'Innocent', 'Innocent', 'Innocent', 'Innocent', 'Innocent', 'Innocent', 'Innocent', 'Innocent', 'Innocent', 'Innocent', 'Innocent', 'Innocent', 'Innocent', 'Innocent', 'Innocent', 'Innocent', 'Innocent', 'Innocent', 'Innocent', 'Innocent', 'Innocent', 'Innocent', 'Innocent', 'Innocent', 'Innocent', 'Innocent', 'Innocent', 'Innocent', 'Innocent', 'Innocent', 'Innocent', 'Innocent', 'Innocent', 'Innocent', 'Innocent', 'Innocent', 'Innocent', 'Innocent', 'Innocent', 'Innocent', 'Innocent', 'Innocent', 'Innocent', 'Innocent', 'Innocent', 'Innocent', 'Innocent', 'Innocent', 'Innocent', 'Innocent', 'Innocent', 'Innocent', 'Innocent', 'Innocent', 'Innocent', 'Innocent', 'Innocent', 'Innocent', 'Innocent', 'Innocent', 'Innocent', 'Innocent', 'Innocent', 'Innocent', 'Innocent', 'Innocent', 'Innocent', 'Innocent', 'Innocent', 'Innocent', 'Innocent', 'Innocent', 'Innocent', 'Innocent', 'Innocent', 'Innocent', 'Innocent', 'Innocent', 'Innocent', 'Innocent', 'Innocent', 'Innocent', 'Innocent', 'Innocent', 'Innocent', 'Innocent', 'Innocent', 'Innocent', 'Innocent', 'Innocent', 'Innocent', 'Innocent', 'Innocent', 'Innocent', 'Innocent', 'Innocent', 'Innocent', 'Innocent', 'Innocent', 'Innocent', 'Innocent', 'Innocent', 'Innocent', 'Innocent', 'Innocent', 'Innocent', 'Innocent', 'Innocent', 'Innocent', 'Innocent', 'Innocent', 'Innocent', 'Innocent', 'Innocent', 'Innocent', 'Innocent', 'Innocent', 'Innocent', 'Innocent', 'Innocent', 'Innocent', 'Innocent', 'Innocent', 'Innocent', 'Innocent', 'Innocent', 'Innocent', 'Innocent', 'Innocent', 'Innocent', 'Innocent', 'Innocent', 'Innocent', 'Innocent', 'Innocent', 'Innocent', 'Innocent', 'Innocent', 'Innocent', 'Innocent', 'Innocent', 'Innocent', 'Innocent', 'Innocent', 'Innocent', 'Innocent', 'Innocent', 'Innocent', 'Innocent', 'Innocent', 'Innocent', 'Innocent', 'Innocent', 'Innocent', 'Innocent', 'Innocent', 'Innocent', 'Innocent', 'Innocent', 'Innocent', 'Innocent', 'Innocent', 'Innocent', 'Innocent', 'Innocent', 'Innocent', 'Innocent', 'Innocent', 'Innocent', 'Innocent', 'Innocent', 'Innocent', 'Innocent', 'Innocent', 'Innocent', 'Innocent', 'Innocent', 'Innocent', 'Innocent', 'Innocent', 'Innocent', 'Innocent', 'Innocent', 'Innocent', 'Innocent', 'Innocent', 'Innocent', 'Innocent', 'Innocent', 'Innocent', 'Innocent', 'Innocent', 'Innocent', 'Innocent', 'Innocent', 'Innocent', 'Innocent', 'Innocent', 'Innocent', 'Innocent', 'Innocent', 'Innocent', 'Innocent', 'Innocent', 'Innocent', 'Innocent', 'Innocent', 'Innocent', 'Innocent', 'Innocent', 'Innocent', 'Innocent', 'Innocent', 'Innocent', 'Innocent', 'Innocent', 'Innocent', 'Innocent', 'Innocent', 'Innocent', 'Innocent', 'Innocent', 'Innocent', 'Innocent', 'Innocent', 'Innocent', 'Innocent', 'Innocent', 'Innocent', 'Innocent', 'Innocent', 'Innocent', 'Innocent', 'Innocent', 'Innocent', 'Innocent', 'Innocent', 'Innocent', 'Innocent', 'Innocent', 'Innocent', 'Innocent', 'Innocent', 'Innocent', 'Innocent', 'Innocent', 'Innocent', 'Innocent', 'Innocent', 'Innocent', 'Innocent', 'Innocent', 'Innocent', 'Innocent', 'Innocent', 'Innocent', 'Innocent', 'Innocent', 'Innocent', 'Innocent', 'Innocent', 'Innocent', 'Innocent', 'Innocent', 'Innocent', 'Innocent', 'Innocent', 'Innocent', 'Innocent', 'Innocent', 'Innocent', 'Innocent', 'Innocent', 'Innocent', 'Innocent', 'Innocent', 'Innocent', 'Innocent', 'Innocent', 'Innocent', 'Innocent', 'Innocent', 'Innocent', 'Innocent', 'Innocent', 'Innocent', 'Innocent', 'Innocent', 'Innocent', 'Innocent', 'Innocent', 'Innocent', 'Innocent', 'Innocent', 'Innocent', 'Innocent', 'Innocent', 'Innocent', 'Innocent', 'Innocent', 'Innocent', 'Innocent', 'Innocent', 'Innocent', 'Innocent', 'Innocent', 'Innocent', 'Innocent', 'Innocent', 'Innocent', 'Innocent', 'Innocent', 'Innocent', 'Innocent', 'Innocent', 'Innocent', 'Innocent', 'Innocent', 'Innocent', 'Innocent', 'Innocent', 'Innocent', 'Innocent', 'Innocent', 'Innocent', 'Innocent', 'Innocent', 'Innocent', 'Innocent', 'Innocent', 'Innocent', 'Innocent', 'Innocent', 'Innocent', 'Innocent', 'Innocent', 'Innocent', 'Innocent', 'Innocent', 'Innocent', 'Innocent', 'Innocent', 'Innocent', 'Innocent', 'Innocent', 'Innocent', 'Innocent', 'Innocent', 'Innocent', 'Innocent', 'Innocent', 'Innocent', 'Innocent', 'Innocent', 'Innocent', 'Innocent', 'Innocent', 'Innocent', 'Innocent', 'Innocent', 'Innocent', 'Innocent', 'Innocent', 'Innocent', 'Innocent', 'Innocent', 'Innocent', 'Innocent', 'Innocent', 'Innocent', 'Innocent', 'Innocent', 'Innocent', 'Innocent', 'Innocent', 'Innocent', 'Innocent', 'Innocent', 'Innocent', 'Innocent', 'Innocent', 'Innocent', 'Innocent', 'Innocent', 'Innocent', 'Innocent', 'Innocent', 'Innocent', 'Innocent', 'Innocent', 'Innocent', 'Innocent', 'Innocent', 'Innocent', 'Innocent', 'Innocent', 'Innocent', 'Innocent', 'Innocent', 'Innocent', 'Innocent', 'Innocent', 'Innocent', 'Innocent', 'Innocent', 'Innocent', 'Innocent', 'Innocent', 'Innocent', 'Innocent', 'Innocent', 'Innocent', 'Innocent', 'Innocent', 'Innocent', 'Innocent', 'Innocent', 'Innocent', 'Innocent', 'Innocent', 'Innocent', 'Innocent', 'Innocent', 'Innocent', 'Innocent', 'Innocent', 'Innocent', 'Innocent', 'Innocent', 'Innocent', 'Innocent', 'Innocent', 'Innocent', 'Innocent', 'Innocent', 'Innocent', 'Innocent', 'Innocent', 'Innocent', 'Innocent', 'Innocent', 'Innocent', 'Innocent', 'Innocent', 'Innocent', 'Innocent', 'Innocent', 'Innocent', 'Innocent', 'Innocent', 'Innocent', 'Innocent', 'Innocent', 'Innocent', 'Innocent', 'Innocent', 'Innocent', 'Innocent', 'Innocent', 'Innocent', 'Innocent', 'Innocent', 'Innocent', 'Innocent', 'Innocent', 'Innocent', 'Innocent', 'Innocent', 'Innocent', 'Innocent', 'Innocent', 'Innocent', 'Innocent', 'Innocent', 'Innocent', 'Innocent', 'Innocent', 'Innocent', 'Innocent', 'Innocent', 'Innocent', 'Innocent', 'Innocent', 'Innocent', 'Innocent', 'Innocent', 'Innocent', 'Innocent', 'Innocent', 'Innocent', 'Innocent', 'Innocent', 'Innocent', 'Innocent', 'Innocent', 'Innocent', 'Innocent', 'Innocent', 'Innocent', 'Innocent', 'Innocent', 'Innocent', 'Innocent', 'Innocent', 'Innocent', 'Innocent', 'Innocent', 'Innocent', 'Innocent', 'Innocent', 'Innocent', 'Innocent', 'Innocent', 'Innocent', 'Innocent', 'Innocent', 'Innocent', 'Innocent', 'Innocent', 'Innocent', 'Innocent', 'Innocent', 'Innocent', 'Innocent', 'Innocent', 'Innocent', 'Innocent', 'Innocent', 'Innocent', 'Innocent', 'Innocent', 'Innocent', 'Innocent', 'Innocent', 'Innocent', 'Innocent', 'Innocent', 'Innocent', 'Innocent', 'Innocent', 'Innocent', 'Innocent', 'Innocent', 'Innocent', 'Innocent', 'Innocent', 'Innocent', 'Innocent', 'Innocent', 'Innocent', 'Innocent', 'Innocent', 'Innocent', 'Innocent', 'Innocent', 'Innocent', 'Innocent', 'Innocent', 'Innocent', 'Innocent', 'Innocent', 'Innocent', 'Innocent', 'Innocent', 'Innocent', 'Innocent', 'Innocent', 'Innocent', 'Innocent', 'Innocent', 'Innocent', 'Innocent', 'Innocent', 'Innocent', 'Innocent', 'Innocent', 'Innocent', 'Innocent', 'Innocent', 'Innocent', 'Innocent', 'Innocent', 'Innocent', 'Innocent', 'Innocent', 'Innocent', 'Innocent', 'Innocent', 'Innocent', 'Innocent', 'Innocent', 'Innocent', 'Innocent', 'Innocent', 'Innocent', 'Innocent', 'Innocent', 'Innocent', 'Innocent', 'Innocent', 'Innocent', 'Innocent', 'Innocent', 'Innocent', 'Innocent', 'Innocent', 'Innocent', 'Innocent', 'Innocent', 'Innocent', 'Innocent', 'Innocent', 'Innocent', 'Innocent', 'Innocent', 'Innocent', 'Innocent', 'Innocent', 'Innocent', 'Innocent', 'Innocent', 'Innocent', 'Innocent', 'Innocent', 'Innocent', 'Innocent', 'Innocent', 'Innocent', 'Innocent', 'Innocent', 'Innocent', 'Innocent', 'Innocent', 'Innocent', 'Innocent', 'Innocent', 'Innocent', 'Innocent', 'Innocent', 'Innocent', 'Innocent', 'Innocent', 'Innocent', 'Innocent', 'Innocent', 'Innocent', 'Innocent', 'Innocent', 'Innocent', 'Innocent', 'Innocent', 'Innocent', 'Innocent', 'Innocent', 'Innocent', 'Innocent', 'Innocent', 'Innocent', 'Innocent', 'Innocent', 'Innocent', 'Innocent', 'Innocent', 'Innocent', 'Innocent', 'Innocent', 'Innocent', 'Innocent', 'Innocent', 'Innocent', 'Innocent', 'Innocent', 'Innocent', 'Innocent', 'Innocent', 'Innocent', 'Innocent', 'Innocent', 'Innocent', 'Innocent', 'Innocent', 'Innocent', 'Innocent', 'Innocent', 'Innocent', 'Innocent', 'Innocent', 'Innocent', 'Innocent', 'Innocent', 'Innocent', 'Innocent', 'Innocent', 'Innocent', 'Innocent', 'Innocent', 'Innocent', 'Innocent', 'Innocent', 'Innocent', 'Innocent', 'Innocent', 'Innocent', 'Innocent', 'Innocent', 'Innocent', 'Innocent', 'Innocent', 'Innocent', 'Innocent', 'Innocent', 'Innocent', 'Innocent', 'Innocent', 'Innocent', 'Innocent', 'Innocent', 'Innocent', 'Innocent', 'Innocent', 'Innocent', 'Innocent', 'Innocent', 'Innocent', 'Innocent', 'Innocent', 'Innocent', 'Innocent', 'Innocent', 'Innocent', 'Innocent', 'Innocent', 'Innocent', 'Innocent', 'Innocent', 'Innocent', 'Innocent', 'Innocent', 'Innocent', 'Innocent', 'Innocent', 'Innocent', 'Innocent', 'Innocent', 'Innocent', 'Innocent', 'Innocent', 'Innocent', 'Innocent', 'Innocent', 'Innocent', 'Innocent', 'Innocent', 'Innocent', 'Innocent', 'Innocent', 'Innocent', 'Innocent', 'Innocent', 'Innocent', 'Innocent', 'Innocent', 'Innocent', 'Innocent', 'Innocent', 'Innocent', 'Innocent', 'Innocent', 'Innocent', 'Innocent', 'Innocent', 'Innocent', 'Innocent', 'Innocent', 'Innocent', 'Innocent', 'Innocent', 'Innocent', 'Innocent', 'Innocent', 'Innocent', 'Innocent', 'Innocent', 'Innocent', 'Innocent', 'Innocent', 'Innocent', 'Innocent', 'Innocent', 'Innocent', 'Innocent', 'Innocent', 'Innocent', 'Innocent', 'Innocent', 'Innocent', 'Innocent', 'Innocent', 'Innocent', 'Innocent', 'Innocent', 'Innocent', 'Innocent', 'Innocent', 'Innocent', 'Innocent', 'Innocent', 'Innocent', 'Innocent', 'Innocent', 'Innocent', 'Innocent', 'Innocent', 'Innocent', 'Innocent', 'Innocent', 'Innocent', 'Innocent', 'Innocent', 'Innocent', 'Innocent', 'Innocent', 'Innocent', 'Innocent', 'Innocent', 'Innocent', 'Innocent', 'Innocent', 'Innocent', 'Innocent', 'Innocent', 'Innocent', 'Innocent', 'Innocent', 'Innocent', 'Innocent', 'Innocent', 'Innocent', 'Innocent', 'Innocent', 'Innocent', 'Innocent', 'Innocent', 'Innocent', 'Innocent', 'Innocent', 'Innocent', 'Innocent', 'Innocent', 'Innocent', 'Innocent', 'Innocent', 'Innocent', 'Innocent', 'Innocent', 'Innocent', 'Innocent', 'Innocent', 'Innocent', 'Innocent', 'Innocent', 'Innocent', 'Innocent', 'Innocent', 'Innocent', 'Innocent', 'Innocent', 'Innocent', 'Innocent', 'Innocent', 'Innocent', 'Innocent', 'Innocent', 'Innocent', 'Innocent', 'Innocent', 'Innocent', 'Innocent', 'Innocent', 'Innocent', 'Innocent', 'Innocent', 'Innocent', 'Innocent', 'Innocent', 'Innocent', 'Innocent', 'Innocent', 'Innocent', 'Innocent', 'Innocent', 'Innocent', 'Innocent', 'Innocent', 'Innocent', 'Innocent', 'Innocent', 'Innocent', 'Innocent', 'Innocent', 'Innocent', 'Innocent', 'Innocent', 'Innocent', 'Innocent', 'Innocent', 'Innocent', 'Innocent', 'Innocent', 'Innocent', 'Innocent', 'Innocent', 'Innocent', 'Innocent', 'Innocent', 'Innocent', 'Innocent', 'Innocent', 'Innocent', 'Innocent', 'Innocent', 'Innocent', 'Innocent', 'Innocent', 'Innocent', 'Innocent', 'Innocent', 'Innocent', 'Innocent', 'Innocent', 'Innocent', 'Innocent', 'Innocent', 'Innocent', 'Innocent', 'Innocent', 'Innocent', 'Innocent', 'Innocent', 'Innocent', 'Innocent', 'Innocent', 'Innocent', 'Innocent', 'Innocent', 'Innocent', 'Innocent', 'Innocent', 'Innocent', 'Innocent', 'Innocent', 'Innocent', 'Innocent', 'Innocent', 'Innocent', 'Innocent', 'Innocent', 'Innocent', 'Innocent', 'Innocent', 'Innocent', 'Innocent', 'Innocent', 'Innocent', 'Innocent', 'Innocent', 'Innocent', 'Innocent', 'Innocent', 'Innocent', 'Innocent', 'Innocent', 'Innocent', 'Innocent', 'Innocent', 'Innocent', 'Innocent', 'Innocent', 'Innocent', 'Innocent', 'Innocent', 'Innocent', 'Innocent', 'Innocent', 'Innocent', 'Innocent', 'Innocent', 'Innocent', 'Innocent', 'Innocent', 'Innocent', 'Innocent', 'Innocent', 'Innocent', 'Innocent', 'Innocent', 'Innocent', 'Innocent', 'Innocent', 'Innocent', 'Innocent', 'Innocent', 'Innocent', 'Innocent', 'Innocent', 'Innocent', 'Innocent', 'Innocent', 'Innocent', 'Innocent', 'Innocent', 'Innocent', 'Innocent', 'Innocent', 'Innocent', 'Innocent', 'Innocent', 'Innocent', 'Innocent', 'Innocent', 'Innocent', 'Innocent', 'Innocent', 'Innocent', 'Innocent', 'Innocent', 'Innocent', 'Innocent', 'Innocent', 'Innocent', 'Innocent', 'Innocent', 'Innocent', 'Innocent', 'Innocent', 'Innocent', 'Innocent', 'Innocent', 'Innocent', 'Innocent', 'Innocent', 'Innocent', 'Innocent', 'Innocent', 'Innocent', 'Innocent', 'Innocent', 'Innocent', 'Innocent', 'Innocent', 'Innocent', 'Innocent', 'Innocent', 'Innocent', 'Innocent', 'Innocent', 'Innocent', 'Innocent', 'Innocent', 'Innocent', 'Innocent', 'Innocent', 'Innocent', 'Innocent', 'Innocent', 'Innocent', 'Innocent', 'Innocent', 'Innocent', 'Innocent', 'Innocent', 'Innocent', 'Innocent', 'Innocent', 'Innocent', 'Innocent', 'Innocent', 'Innocent', 'Innocent', 'Innocent', 'Innocent', 'Innocent', 'Innocent', 'Innocent', 'Innocent', 'Innocent', 'Innocent', 'Innocent', 'Innocent', 'Innocent', 'Innocent', 'Innocent', 'Innocent', 'Innocent', 'Innocent', 'Innocent', 'Innocent', 'Innocent', 'Innocent', 'Innocent', 'Innocent', 'Innocent', 'Innocent', 'Innocent', 'Innocent', 'Innocent', 'Innocent', 'Innocent', 'Innocent', 'Innocent', 'Innocent', 'Innocent', 'Innocent', 'Innocent', 'Innocent', 'Innocent', 'Innocent', 'Innocent', 'Innocent', 'Innocent', 'Innocent', 'Innocent', 'Innocent', 'Innocent', 'Innocent', 'Innocent', 'Innocent', 'Innocent', 'Innocent', 'Innocent', 'Innocent', 'Innocent', 'Innocent', 'Innocent', 'Innocent', 'Innocent', 'Innocent', 'Innocent', 'Innocent', 'Innocent', 'Innocent', 'Innocent', 'Innocent', 'Innocent', 'Innocent', 'Innocent', 'Innocent', 'Innocent', 'Innocent', 'Innocent', 'Innocent', 'Innocent', 'Innocent', 'Innocent', 'Innocent', 'Innocent', 'Innocent', 'Innocent', 'Innocent', 'Innocent', 'Innocent', 'Innocent', 'Innocent', 'Innocent', 'Innocent', 'Innocent', 'Innocent', 'Innocent', 'Innocent', 'Innocent', 'Innocent', 'Innocent', 'Innocent', 'Innocent', 'Innocent', 'Innocent', 'Innocent', 'Innocent', 'Innocent', 'Innocent', 'Innocent', 'Innocent', 'Innocent', 'Innocent', 'Innocent', 'Innocent', 'Innocent', 'Innocent', 'Innocent', 'Innocent', 'Innocent', 'Innocent', 'Innocent', 'Innocent', 'Innocent', 'Innocent', 'Innocent', 'Innocent', 'Innocent', 'Innocent', 'Innocent', 'Innocent', 'Innocent', 'Innocent', 'Innocent', 'Innocent', 'Innocent', 'Innocent', 'Innocent', 'Innocent', 'Innocent', 'Innocent', 'Innocent', 'Innocent', 'Innocent', 'Innocent', 'Innocent', 'Innocent', 'Innocent', 'Innocent', 'Innocent', 'Innocent', 'Innocent', 'Innocent', 'Innocent', 'Innocent', 'Innocent', 'Innocent', 'Innocent', 'Innocent', 'Innocent', 'Innocent', 'Innocent', 'Innocent', 'Innocent', 'Innocent', 'Innocent', 'Innocent', 'Innocent', 'Innocent', 'Innocent', 'Innocent', 'Innocent', 'Innocent', 'Innocent', 'Innocent', 'Innocent', 'Innocent', 'Innocent', 'Innocent', 'Innocent', 'Innocent', 'Innocent', 'Innocent', 'Innocent', 'Innocent', 'Innocent', 'Innocent', 'Innocent', 'Innocent', 'Innocent', 'Innocent', 'Innocent', 'Innocent', 'Innocent', 'Innocent', 'Innocent', 'Innocent', 'Innocent', 'Innocent', 'Innocent', 'Innocent', 'Innocent', 'Innocent', 'Innocent', 'Innocent', 'Innocent', 'Innocent', 'Innocent', 'Innocent', 'Innocent', 'Innocent', 'Innocent', 'Innocent', 'Innocent', 'Innocent', 'Innocent', 'Innocent', 'Innocent', 'Innocent', 'Innocent', 'Innocent', 'Innocent', 'Innocent', 'Innocent', 'Innocent', 'Innocent', 'Innocent', 'Innocent', 'Innocent', 'Innocent', 'Innocent', 'Innocent', 'Innocent', 'Innocent', 'Innocent', 'Innocent', 'Innocent', 'Innocent', 'Innocent', 'Innocent', 'Innocent', 'Innocent', 'Innocent', 'Innocent', 'Innocent', 'Innocent', 'Innocent', 'Innocent', 'Innocent', 'Innocent', 'Innocent', 'Innocent', 'Innocent', 'Innocent', 'Innocent', 'Innocent', 'Innocent', 'Innocent', 'Innocent', 'Innocent', 'Innocent', 'Innocent', 'Innocent', 'Innocent', 'Innocent', 'Innocent', 'Innocent', 'Innocent', 'Innocent', 'Innocent', 'Innocent', 'Innocent', 'Innocent', 'Innocent', 'Innocent', 'Innocent', 'Innocent', 'Innocent', 'Innocent', 'Innocent', 'Innocent', 'Innocent', 'Innocent', 'Innocent', 'Innocent', 'Innocent', 'Innocent', 'Innocent', 'Innocent', 'Innocent', 'Innocent', 'Innocent', 'Innocent', 'Innocent', 'Innocent', 'Innocent', 'Innocent', 'Innocent', 'Innocent', 'Innocent', 'Innocent', 'Innocent', 'Innocent', 'Innocent', 'Innocent', 'Innocent', 'Innocent', 'Innocent', 'Innocent', 'Innocent', 'Innocent', 'Innocent', 'Innocent', 'Innocent', 'Innocent', 'Innocent', 'Innocent', 'Innocent', 'Innocent', 'Innocent', 'Innocent', 'Innocent', 'Innocent', 'Innocent', 'Innocent', 'Innocent', 'Innocent', 'Innocent', 'Innocent', 'Innocent', 'Innocent', 'Innocent', 'Innocent', 'Innocent', 'Innocent', 'Innocent', 'Innocent', 'Innocent', 'Innocent', 'Innocent', 'Innocent', 'Innocent', 'Innocent', 'Innocent', 'Innocent', 'Innocent', 'Innocent', 'Innocent', 'Innocent', 'Innocent', 'Innocent', 'Innocent', 'Innocent', 'Innocent', 'Innocent', 'Innocent', 'Innocent', 'Innocent', 'Innocent', 'Innocent', 'Innocent', 'Innocent', 'Innocent', 'Innocent', 'Innocent', 'Innocent', 'Innocent', 'Innocent', 'Innocent', 'Innocent', 'Innocent', 'Innocent', 'Innocent', 'Innocent', 'Innocent', 'Innocent', 'Innocent', 'Innocent', 'Innocent', 'Innocent', 'Innocent', 'Innocent', 'Innocent', 'Innocent', 'Innocent', 'Innocent', 'Innocent', 'Innocent', 'Innocent', 'Innocent', 'Innocent', 'Innocent', 'Innocent', 'Innocent', 'Innocent', 'Innocent', 'Innocent', 'Innocent', 'Innocent', 'Innocent', 'Innocent', 'Innocent', 'Innocent', 'Innocent', 'Innocent', 'Innocent', 'Innocent', 'Innocent', 'Innocent', 'Innocent', 'Innocent', 'Innocent', 'Innocent', 'Innocent', 'Innocent', 'Innocent', 'Innocent', 'Innocent', 'Innocent', 'Innocent', 'Innocent', 'Innocent', 'Innocent', 'Innocent', 'Innocent', 'Innocent', 'Innocent', 'Innocent', 'Innocent', 'Innocent', 'Innocent', 'Innocent', 'Innocent', 'Innocent', 'Innocent', 'Innocent', 'Innocent', 'Innocent', 'Innocent', 'Innocent', 'Innocent', 'Innocent', 'Innocent', 'Innocent', 'Innocent', 'Innocent', 'Innocent', 'Innocent', 'Innocent', 'Innocent', 'Innocent', 'Innocent', 'Innocent', 'Innocent', 'Innocent', 'Innocent', 'Innocent', 'Innocent', 'Innocent', 'Innocent', 'Innocent', 'Innocent', 'Innocent', 'Innocent', 'Innocent', 'Innocent', 'Innocent', 'Innocent', 'Innocent', 'Innocent', 'Innocent', 'Innocent', 'Innocent', 'Innocent', 'Innocent', 'Innocent', 'Innocent', 'Innocent', 'Innocent', 'Innocent', 'Innocent', 'Innocent', 'Innocent', 'Innocent', 'Innocent', 'Innocent', 'Innocent', 'Innocent', 'Innocent', 'Innocent', 'Innocent', 'Innocent', 'Innocent', 'Innocent', 'Innocent', 'Innocent', 'Innocent', 'Innocent', 'Innocent', 'Innocent', 'Innocent', 'Innocent', 'Innocent', 'Innocent', 'Innocent', 'Innocent', 'Innocent', 'Innocent', 'Innocent', 'Innocent', 'Innocent', 'Innocent', 'Innocent', 'Innocent', 'Innocent', 'Innocent', 'Innocent', 'Innocent', 'Innocent', 'Innocent', 'Innocent', 'Innocent', 'Innocent', 'Innocent', 'Innocent', 'Innocent', 'Innocent', 'Innocent', 'Innocent', 'Innocent', 'Innocent', 'Innocent', 'Innocent', 'Innocent', 'Innocent', 'Innocent', 'Innocent', 'Innocent', 'Innocent', 'Innocent', 'Innocent', 'Innocent', 'Innocent', 'Innocent', 'Innocent', 'Innocent', 'Innocent', 'Innocent', 'Innocent', 'Innocent', 'Innocent', 'Innocent', 'Innocent', 'Innocent', 'Innocent', 'Innocent', 'Innocent', 'Innocent', 'Innocent', 'Innocent', 'Innocent', 'Innocent', 'Innocent', 'Innocent', 'Innocent', 'Innocent', 'Innocent', 'Innocent', 'Innocent', 'Innocent', 'Innocent', 'Innocent', 'Innocent', 'Innocent', 'Innocent', 'Innocent', 'Innocent', 'Innocent', 'Innocent', 'Innocent', 'Innocent', 'Innocent', 'Innocent', 'Innocent', 'Innocent', 'Innocent', 'Innocent', 'Innocent', 'Innocent', 'Innocent', 'Innocent', 'Innocent', 'Innocent', 'Innocent', 'Innocent', 'Innocent', 'Innocent', 'Innocent', 'Innocent', 'Innocent', 'Innocent', 'Innocent', 'Innocent', 'Innocent', 'Innocent', 'Innocent', 'Innocent', 'Innocent', 'Innocent', 'Innocent', 'Innocent', 'Innocent', 'Innocent', 'Innocent', 'Innocent', 'Innocent', 'Innocent', 'Innocent', 'Innocent', 'Innocent', 'Innocent', 'Innocent', 'Innocent', 'Innocent', 'Innocent', 'Innocent', 'Innocent', 'Innocent', 'Innocent', 'Innocent', 'Innocent', 'Innocent', 'Innocent', 'Innocent', 'Innocent', 'Innocent', 'Innocent', 'Innocent', 'Innocent', 'Innocent', 'Innocent', 'Innocent', 'Innocent', 'Innocent', 'Innocent', 'Innocent', 'Innocent', 'Innocent', 'Innocent', 'Innocent', 'Innocent', 'Innocent', 'Innocent', 'Innocent', 'Innocent', 'Innocent', 'Innocent', 'Innocent', 'Innocent', 'Innocent', 'Innocent', 'Innocent', 'Innocent', 'Innocent', 'Innocent', 'Innocent', 'Innocent', 'Innocent', 'Innocent', 'Innocent', 'Innocent', 'Innocent', 'Innocent', 'Innocent', 'Innocent', 'Innocent', 'Innocent', 'Innocent', 'Innocent', 'Innocent', 'Innocent', 'Innocent', 'Innocent', 'Innocent', 'Innocent', 'Innocent', 'Innocent', 'Innocent', 'Innocent', 'Innocent', 'Innocent', 'Innocent', 'Innocent', 'Innocent', 'Innocent', 'Innocent', 'Innocent', 'Innocent', 'Innocent', 'Innocent', 'Innocent', 'Innocent', 'Innocent', 'Innocent', 'Innocent', 'Innocent', 'Innocent', 'Innocent', 'Innocent', 'Innocent', 'Innocent', 'Innocent', 'Innocent', 'Innocent', 'Innocent', 'Innocent', 'Innocent', 'Innocent', 'Innocent', 'Innocent', 'Innocent', 'Innocent', 'Innocent', 'Innocent', 'Innocent', 'Innocent', 'Innocent', 'Innocent', 'Innocent', 'Innocent', 'Innocent', 'Innocent', 'Innocent', 'Innocent', 'Innocent', 'Innocent', 'Innocent', 'Innocent', 'Innocent', 'Innocent', 'Innocent', 'Innocent', 'Innocent', 'Innocent', 'Innocent', 'Innocent', 'Innocent', 'Innocent', 'Innocent', 'Innocent', 'Innocent', 'Innocent', 'Innocent', 'Innocent', 'Innocent', 'Innocent', 'Innocent', 'Innocent', 'Innocent', 'Innocent', 'Innocent', 'Innocent', 'Innocent', 'Innocent', 'Innocent', 'Innocent', 'Innocent', 'Innocent', 'Innocent', 'Innocent', 'Innocent', 'Innocent', 'Innocent', 'Innocent', 'Innocent', 'Innocent', 'Innocent', 'Innocent', 'Innocent', 'Innocent', 'Innocent', 'Innocent', 'Innocent', 'Innocent', 'Innocent', 'Innocent', 'Innocent', 'Innocent', 'Innocent', 'Innocent', 'Innocent', 'Innocent', 'Innocent', 'Innocent', 'Innocent', 'Innocent', 'Innocent', 'Innocent', 'Innocent', 'Innocent', 'Innocent', 'Innocent', 'Innocent', 'Innocent', 'Innocent', 'Innocent', 'Innocent', 'Innocent', 'Innocent', 'Innocent', 'Innocent', 'Innocent', 'Innocent', 'Innocent', 'Innocent', 'Innocent', 'Innocent', 'Innocent', 'Innocent', 'Innocent', 'Innocent', 'Innocent', 'Innocent', 'Innocent', 'Innocent', 'Innocent', 'Innocent', 'Innocent', 'Innocent', 'Innocent', 'Innocent', 'Innocent', 'Innocent', 'Innocent', 'Innocent', 'Innocent', 'Innocent', 'Innocent', 'Innocent', 'Innocent', 'Innocent', 'Innocent', 'Innocent', 'Innocent', 'Innocent', 'Innocent', 'Innocent', 'Innocent', 'Innocent', 'Innocent', 'Innocent', 'Innocent', 'Innocent', 'Innocent', 'Innocent', 'Innocent', 'Innocent', 'Innocent', 'Innocent', 'Innocent', 'Innocent', 'Innocent', 'Innocent', 'Innocent', 'Innocent', 'Innocent', 'Innocent', 'Innocent', 'Innocent', 'Innocent', 'Innocent', 'Innocent', 'Innocent', 'Innocent', 'Innocent', 'Innocent', 'Innocent', 'Innocent', 'Innocent', 'Innocent', 'Innocent', 'Innocent', 'Innocent', 'Innocent', 'Innocent', 'Innocent', 'Innocent', 'Innocent', 'Innocent', 'Innocent', 'Innocent', 'Innocent', 'Innocent', 'Innocent', 'Innocent', 'Innocent', 'Innocent', 'Innocent', 'Innocent', 'Innocent', 'Innocent', 'Innocent', 'Innocent', 'Innocent', 'Innocent', 'Innocent', 'Innocent', 'Innocent', 'Innocent', 'Innocent', 'Innocent', 'Innocent', 'Innocent', 'Innocent', 'Innocent', 'Innocent', 'Innocent', 'Innocent', 'Innocent', 'Innocent', 'Innocent', 'Innocent', 'Innocent', 'Innocent', 'Innocent', 'Innocent', 'Innocent', 'Innocent', 'Innocent', 'Innocent', 'Innocent', 'Innocent', 'Innocent', 'Innocent', 'Innocent', 'Innocent', 'Innocent', 'Innocent', 'Innocent', 'Innocent', 'Innocent', 'Innocent', 'Innocent', 'Innocent', 'Innocent', 'Innocent', 'Innocent', 'Innocent', 'Innocent', 'Innocent', 'Innocent', 'Innocent', 'Innocent', 'Innocent', 'Innocent', 'Innocent', 'Innocent', 'Innocent', 'Innocent', 'Innocent', 'Innocent', 'Innocent', 'Innocent', 'Innocent', 'Innocent', 'Innocent', 'Innocent', 'Innocent', 'Innocent', 'Innocent', 'Innocent', 'Innocent', 'Innocent', 'Innocent', 'Innocent', 'Innocent', 'Innocent', 'Innocent', 'Innocent', 'Innocent', 'Innocent', 'Innocent', 'Innocent', 'Innocent', 'Innocent', 'Innocent', 'Innocent', 'Innocent', 'Innocent', 'Innocent', 'Innocent', 'Innocent', 'Innocent', 'Innocent', 'Innocent', 'Innocent', 'Innocent', 'Innocent', 'Innocent', 'Innocent', 'Innocent', 'Innocent', 'Innocent', 'Innocent', 'Innocent', 'Innocent', 'Innocent', 'Innocent', 'Innocent', 'Innocent', 'Innocent', 'Innocent', 'Innocent', 'Innocent', 'Innocent', 'Innocent', 'Innocent', 'Innocent', 'Innocent', 'Innocent', 'Innocent', 'Innocent', 'Innocent', 'Innocent', 'Innocent', 'Innocent', 'Innocent', 'Innocent', 'Innocent', 'Innocent', 'Innocent', 'Innocent', 'Innocent', 'Innocent', 'Innocent', 'Innocent', 'Innocent', 'Innocent', 'Innocent', 'Innocent', 'Innocent', 'Innocent', 'Innocent', 'Innocent', 'Innocent', 'Innocent', 'Innocent', 'Innocent', 'Innocent', 'Innocent', 'Innocent', 'Innocent', 'Innocent', 'Innocent', 'Innocent', 'Innocent', 'Innocent', 'Innocent', 'Innocent', 'Innocent', 'Innocent', 'Innocent', 'Innocent', 'Innocent', 'Innocent', 'Innocent', 'Innocent', 'Innocent', 'Innocent', 'Innocent', 'Innocent', 'Innocent', 'Innocent', 'Innocent', 'Innocent', 'Innocent', 'Innocent', 'Innocent', 'Innocent', 'Innocent', 'Innocent', 'Innocent', 'Innocent', 'Innocent', 'Innocent', 'Innocent', 'Innocent', 'Innocent', 'Innocent', 'Innocent', 'Innocent', 'Innocent', 'Innocent', 'Innocent', 'Innocent', 'Innocent', 'Innocent', 'Innocent', 'Innocent', 'Innocent', 'Innocent', 'Innocent', 'Innocent', 'Innocent', 'Innocent', 'Innocent', 'Innocent', 'Innocent', 'Innocent', 'Innocent', 'Innocent', 'Innocent', 'Innocent', 'Innocent', 'Innocent', 'Innocent', 'Innocent', 'Innocent', 'Innocent', 'Innocent', 'Innocent', 'Innocent', 'Innocent', 'Innocent', 'Innocent', 'Innocent', 'Innocent', 'Innocent', 'Innocent', 'Innocent', 'Innocent', 'Innocent', 'Innocent', 'Innocent', 'Innocent', 'Innocent', 'Innocent', 'Innocent', 'Innocent', 'Innocent', 'Innocent', 'Innocent', 'Innocent', 'Innocent', 'Innocent', 'Innocent', 'Innocent', 'Innocent', 'Innocent', 'Innocent', 'Innocent', 'Innocent', 'Innocent', 'Innocent', 'Innocent', 'Innocent', 'Innocent', 'Innocent', 'Innocent', 'Innocent', 'Innocent', 'Innocent', 'Innocent', 'Innocent', 'Innocent', 'Innocent', 'Innocent', 'Innocent', 'Innocent', 'Innocent', 'Innocent', 'Innocent', 'Innocent', 'Innocent', 'Innocent', 'Innocent', 'Innocent', 'Innocent', 'Innocent', 'Innocent', 'Innocent', 'Innocent', 'Innocent', 'Innocent', 'Innocent', 'Innocent', 'Innocent', 'Innocent', 'Innocent', 'Innocent', 'Innocent', 'Innocent', 'Innocent', 'Innocent', 'Innocent', 'Innocent', 'Innocent', 'Innocent', 'Innocent', 'Innocent', 'Innocent', 'Innocent', 'Innocent', 'Innocent', 'Innocent', 'Innocent', 'Innocent', 'Innocent', 'Innocent', 'Innocent', 'Innocent', 'Innocent', 'Innocent', 'Innocent', 'Innocent', 'Innocent', 'Innocent', 'Innocent', 'Innocent', 'Innocent', 'Innocent', 'Innocent', 'Innocent', 'Innocent', 'Innocent', 'Innocent', 'Innocent', 'Innocent', 'Innocent', 'Innocent', 'Innocent', 'Innocent', 'Innocent', 'Innocent', 'Innocent', 'Innocent', 'Innocent', 'Innocent', 'Innocent', 'Innocent', 'Innocent', 'Innocent', 'Innocent', 'Innocent', 'Innocent', 'Innocent', 'Innocent', 'Innocent', 'Innocent', 'Innocent', 'Innocent', 'Innocent', 'Innocent', 'Innocent', 'Innocent', 'Innocent', 'Innocent', 'Innocent', 'Innocent', 'Innocent', 'Innocent', 'Innocent', 'Innocent', 'Innocent', 'Innocent', 'Innocent', 'Innocent', 'Innocent', 'Innocent', 'Innocent', 'Innocent', 'Innocent', 'Innocent', 'Innocent', 'Innocent', 'Innocent', 'Innocent', 'Innocent', 'Innocent', 'Innocent', 'Innocent', 'Innocent', 'Innocent', 'Innocent', 'Innocent', 'Innocent', 'Innocent', 'Innocent', 'Innocent', 'Innocent', 'Innocent', 'Innocent', 'Innocent', 'Innocent', 'Innocent', 'Innocent', 'Innocent', 'Innocent', 'Innocent', 'Innocent', 'Innocent', 'Innocent', 'Innocent', 'Innocent', 'Innocent', 'Innocent', 'Innocent', 'Innocent', 'Innocent', 'Innocent', 'Innocent', 'Innocent', 'Innocent', 'Innocent', 'Innocent', 'Innocent', 'Innocent', 'Innocent', 'Innocent', 'Innocent', 'Innocent', 'Innocent', 'Innocent', 'Innocent', 'Innocent', 'Innocent', 'Innocent', 'Innocent', 'Innocent', 'Innocent', 'Innocent', 'Innocent', 'Innocent', 'Innocent', 'Innocent', 'Innocent', 'Innocent', 'Innocent', 'Innocent', 'Innocent', 'Innocent', 'Innocent', 'Innocent', 'Innocent', 'Innocent', 'Innocent', 'Innocent', 'Innocent', 'Innocent', 'Innocent', 'Innocent', 'Innocent', 'Innocent', 'Innocent', 'Innocent', 'Innocent', 'Innocent', 'Innocent', 'Innocent', 'Innocent', 'Innocent', 'Innocent', 'Innocent', 'Innocent', 'Innocent', 'Innocent', 'Innocent', 'Innocent', 'Innocent', 'Innocent', 'Innocent', 'Innocent', 'Innocent', 'Innocent', 'Innocent', 'Innocent', 'Innocent', 'Innocent', 'Innocent', 'Innocent', 'Innocent', 'Innocent', 'Innocent', 'Innocent', 'Innocent', 'Innocent', 'Innocent', 'Innocent', 'Innocent', 'Innocent', 'Innocent', 'Innocent', 'Innocent', 'Innocent', 'Innocent', 'Innocent', 'Innocent', 'Innocent', 'Innocent', 'Innocent', 'Innocent', 'Innocent', 'Innocent', 'Innocent', 'Innocent', 'Innocent', 'Innocent', 'Innocent', 'Innocent', 'Innocent', 'Innocent', 'Innocent', 'Innocent', 'Innocent', 'Innocent', 'Innocent', 'Innocent', 'Innocent', 'Innocent', 'Innocent', 'Innocent', 'Innocent', 'Innocent', 'Innocent', 'Innocent', 'Innocent', 'Innocent', 'Innocent', 'Innocent', 'Innocent', 'Innocent', 'Innocent', 'Innocent', 'Innocent', 'Innocent', 'Innocent', 'Innocent', 'Innocent', 'Innocent', 'Innocent', 'Innocent', 'Innocent', 'Innocent', 'Innocent', 'Innocent', 'Innocent', 'Innocent', 'Innocent', 'Innocent', 'Innocent', 'Innocent', 'Innocent', 'Innocent', 'Innocent', 'Innocent', 'Innocent', 'Innocent', 'Innocent', 'Innocent', 'Innocent', 'Innocent', 'Innocent', 'Innocent', 'Innocent', 'Innocent', 'Innocent', 'Innocent', 'Innocent', 'Innocent', 'Innocent', 'Innocent', 'Innocent', 'Innocent', 'Innocent', 'Innocent', 'Innocent', 'Innocent', 'Innocent', 'Innocent', 'Innocent', 'Innocent', 'Innocent', 'Innocent', 'Innocent', 'Innocent', 'Innocent', 'Innocent', 'Innocent', 'Innocent', 'Innocent', 'Innocent', 'Innocent', 'Innocent', 'Innocent', 'Innocent', 'Innocent', 'Innocent', 'Innocent', 'Innocent', 'Innocent', 'Innocent', 'Innocent', 'Innocent', 'Innocent', 'Innocent', 'Innocent', 'Innocent', 'Innocent', 'Innocent', 'Innocent', 'Innocent', 'Innocent', 'Innocent', 'Innocent', 'Innocent', 'Innocent', 'Innocent', 'Innocent', 'Innocent', 'Innocent', 'Innocent', 'Innocent', 'Innocent', 'Innocent', 'Innocent', 'Innocent', 'Innocent', 'Innocent', 'Innocent', 'Innocent', 'Innocent', 'Innocent', 'Innocent', 'Innocent', 'Innocent', 'Innocent', 'Innocent', 'Innocent', 'Innocent', 'Innocent', 'Innocent', 'Innocent', 'Innocent', 'Innocent', 'Innocent', 'Innocent', 'Innocent', 'Innocent', 'Innocent', 'Innocent', 'Innocent', 'Innocent', 'Innocent', 'Innocent', 'Innocent', 'Innocent', 'Innocent', 'Innocent', 'Innocent', 'Innocent', 'Innocent', 'Innocent', 'Innocent', 'Innocent', 'Innocent', 'Innocent', 'Innocent', 'Innocent', 'Innocent', 'Innocent', 'Innocent', 'Innocent', 'Innocent', 'Innocent', 'Innocent', 'Innocent', 'Innocent', 'Innocent', 'Innocent', 'Innocent', 'Innocent', 'Innocent', 'Innocent', 'Innocent', 'Innocent', 'Innocent', 'Innocent', 'Innocent', 'Innocent', 'Innocent', 'Innocent', 'Innocent', 'Innocent', 'Innocent', 'Innocent', 'Innocent', 'Innocent', 'Innocent', 'Innocent', 'Innocent', 'Innocent', 'Innocent', 'Innocent', 'Innocent', 'Innocent', 'Innocent', 'Innocent', 'Innocent', 'Innocent', 'Innocent', 'Innocent', 'Innocent', 'Innocent', 'Innocent', 'Innocent', 'Innocent', 'Innocent', 'Innocent', 'Innocent', 'Innocent', 'Innocent', 'Innocent', 'Innocent', 'Innocent', 'Innocent', 'Innocent', 'Innocent', 'Innocent', 'Innocent', 'Innocent', 'Innocent', 'Innocent', 'Innocent', 'Innocent', 'Innocent', 'Innocent', 'Innocent', 'Innocent', 'Innocent', 'Innocent', 'Innocent', 'Innocent', 'Innocent', 'Innocent', 'Innocent', 'Innocent', 'Innocent', 'Innocent', 'Innocent', 'Innocent', 'Innocent', 'Innocent', 'Innocent', 'Innocent', 'Innocent', 'Innocent', 'Innocent', 'Innocent', 'Innocent', 'Innocent', 'Innocent', 'Innocent', 'Innocent', 'Innocent', 'Innocent', 'Innocent', 'Innocent', 'Innocent', 'Innocent', 'Innocent', 'Innocent', 'Innocent', 'Innocent', 'Innocent', 'Innocent', 'Innocent', 'Innocent', 'Innocent', 'Innocent', 'Innocent', 'Innocent', 'Innocent', 'Innocent', 'Innocent', 'Innocent', 'Innocent', 'Innocent', 'Innocent', 'Innocent', 'Innocent', 'Innocent', 'Innocent', 'Innocent', 'Innocent', 'Innocent', 'Innocent', 'Innocent', 'Innocent', 'Innocent', 'Innocent', 'Innocent', 'Innocent', 'Innocent', 'Innocent', 'Innocent', 'Innocent', 'Innocent', 'Innocent', 'Innocent', 'Innocent', 'Innocent', 'Innocent', 'Innocent', 'Innocent', 'Innocent', 'Innocent', 'Innocent', 'Innocent', 'Innocent', 'Innocent', 'Innocent', 'Innocent', 'Innocent', 'Innocent', 'Innocent', 'Innocent', 'Innocent', 'Innocent', 'Innocent', 'Innocent', 'Innocent', 'Innocent', 'Innocent', 'Innocent', 'Innocent', 'Innocent', 'Innocent', 'Innocent', 'Innocent', 'Innocent', 'Innocent', 'Innocent', 'Innocent', 'Innocent', 'Innocent', 'Innocent', 'Innocent', 'Innocent', 'Innocent', 'Innocent', 'Innocent', 'Innocent', 'Innocent', 'Innocent', 'Innocent', 'Innocent', 'Innocent', 'Innocent', 'Innocent', 'Innocent', 'Innocent', 'Innocent', 'Innocent', 'Innocent', 'Innocent', 'Innocent', 'Innocent', 'Innocent', 'Innocent', 'Innocent', 'Innocent', 'Innocent', 'Innocent', 'Innocent', 'Innocent', 'Innocent', 'Innocent', 'Innocent', 'Innocent', 'Innocent', 'Innocent', 'Innocent', 'Innocent', 'Innocent', 'Innocent', 'Innocent', 'Innocent', 'Innocent', 'Innocent', 'Innocent', 'Innocent', 'Innocent', 'Innocent', 'Innocent', 'Innocent', 'Innocent', 'Innocent', 'Innocent', 'Innocent', 'Innocent', 'Innocent', 'Innocent', 'Innocent', 'Innocent', 'Innocent', 'Innocent', 'Innocent', 'Innocent', 'Innocent', 'Innocent', 'Innocent', 'Innocent', 'Innocent', 'Innocent', 'Innocent', 'Innocent', 'Innocent', 'Innocent', 'Innocent', 'Innocent', 'Innocent', 'Innocent', 'Innocent', 'Innocent', 'Innocent', 'Innocent', 'Innocent', 'Innocent', 'Innocent', 'Innocent', 'Innocent', 'Innocent', 'Innocent', 'Innocent', 'Innocent', 'Innocent', 'Innocent', 'Innocent', 'Innocent', 'Innocent', 'Innocent', 'Innocent', 'Innocent', 'Innocent', 'Innocent', 'Innocent', 'Innocent', 'Innocent', 'Innocent', 'Innocent', 'Innocent', 'Innocent', 'Innocent', 'Innocent', 'Innocent', 'Innocent', 'Innocent', 'Innocent', 'Innocent', 'Innocent', 'Innocent', 'Innocent', 'Innocent', 'Innocent', 'Innocent', 'Innocent', 'Innocent', 'Innocent', 'Innocent', 'Innocent', 'Innocent', 'Innocent', 'Innocent', 'Innocent', 'Innocent', 'Innocent', 'Innocent', 'Innocent', 'Innocent', 'Innocent', 'Innocent', 'Innocent', 'Innocent', 'Innocent', 'Innocent', 'Innocent', 'Innocent', 'Innocent', 'Innocent', 'Innocent', 'Innocent', 'Innocent', 'Innocent', 'Innocent', 'Innocent', 'Innocent', 'Innocent', 'Innocent', 'Innocent', 'Innocent', 'Innocent', 'Innocent', 'Innocent', 'Innocent', 'Innocent', 'Innocent', 'Innocent', 'Innocent', 'Innocent', 'Innocent', 'Innocent', 'Innocent', 'Innocent', 'Innocent', 'Innocent', 'Innocent', 'Innocent', 'Innocent', 'Innocent', 'Innocent', 'Innocent', 'Innocent', 'Innocent', 'Innocent', 'Innocent', 'Innocent', 'Innocent', 'Innocent', 'Innocent', 'Innocent', 'Innocent', 'Innocent', 'Innocent', 'Innocent', 'Innocent', 'Innocent', 'Innocent', 'Innocent', 'Innocent', 'Innocent', 'Innocent', 'Innocent', 'Innocent', 'Innocent', 'Innocent', 'Innocent', 'Innocent', 'Innocent', 'Innocent', 'Innocent', 'Innocent', 'Innocent', 'Innocent', 'Innocent', 'Innocent', 'Innocent', 'Innocent', 'Innocent', 'Innocent', 'Innocent', 'Innocent', 'Innocent', 'Innocent', 'Innocent', 'Innocent', 'Innocent', 'Innocent', 'Innocent', 'Innocent', 'Innocent', 'Innocent', 'Innocent', 'Innocent', 'Innocent', 'Innocent', 'Innocent', 'Innocent', 'Innocent', 'Innocent', 'Innocent', 'Innocent', 'Innocent', 'Innocent', 'Innocent', 'Innocent', 'Innocent', 'Innocent', 'Innocent', 'Innocent', 'Innocent', 'Innocent', 'Innocent', 'Innocent', 'Innocent', 'Innocent', 'Innocent', 'Innocent', 'Innocent', 'Innocent', 'Innocent', 'Innocent', 'Innocent', 'Innocent', 'Innocent', 'Innocent', 'Innocent', 'Innocent', 'Innocent', 'Innocent', 'Innocent', 'Innocent', 'Innocent', 'Innocent', 'Innocent', 'Innocent', 'Innocent', 'Innocent', 'Innocent', 'Innocent', 'Innocent', 'Innocent', 'Innocent', 'Innocent', 'Innocent', 'Innocent', 'Innocent', 'Innocent', 'Innocent', 'Innocent', 'Innocent', 'Innocent', 'Innocent', 'Innocent', 'Innocent', 'Innocent', 'Innocent', 'Innocent', 'Innocent', 'Innocent', 'Innocent', 'Innocent', 'Innocent', 'Innocent', 'Innocent', 'Innocent', 'Innocent', 'Innocent', 'Innocent', 'Innocent', 'Innocent', 'Innocent', 'Innocent', 'Innocent', 'Innocent', 'Innocent', 'Innocent', 'Innocent', 'Innocent', 'Innocent', 'Innocent', 'Innocent', 'Innocent', 'Innocent', 'Innocent', 'Innocent', 'Innocent', 'Innocent', 'Innocent', 'Innocent', 'Innocent', 'Innocent', 'Innocent', 'Innocent', 'Innocent', 'Innocent', 'Innocent', 'Innocent', 'Innocent', 'Innocent', 'Innocent', 'Innocent', 'Innocent', 'Innocent', 'Innocent', 'Innocent', 'Innocent', 'Innocent', 'Innocent', 'Innocent', 'Innocent', 'Innocent', 'Innocent', 'Innocent', 'Innocent', 'Innocent', 'Innocent', 'Innocent', 'Innocent', 'Innocent', 'Innocent', 'Innocent', 'Innocent', 'Innocent', 'Innocent', 'Innocent', 'Innocent', 'Innocent', 'Innocent', 'Innocent', 'Innocent', 'Innocent', 'Innocent', 'Innocent', 'Innocent', 'Innocent', 'Innocent', 'Innocent', 'Innocent', 'Innocent', 'Innocent', 'Innocent', 'Innocent', 'Innocent', 'Innocent', 'Innocent', 'Innocent', 'Innocent', 'Innocent', 'Innocent', 'Innocent', 'Innocent', 'Innocent', 'Innocent', 'Innocent', 'Innocent', 'Innocent', 'Innocent', 'Innocent', 'Innocent', 'Innocent', 'Innocent', 'Innocent', 'Innocent', 'Innocent', 'Innocent', 'Innocent', 'Innocent', 'Innocent', 'Innocent', 'Innocent', 'Innocent', 'Innocent', 'Innocent', 'Innocent', 'Innocent', 'Innocent', 'Innocent', 'Innocent', 'Innocent', 'Innocent', 'Innocent', 'Innocent', 'Innocent', 'Innocent', 'Innocent', 'Innocent', 'Innocent', 'Innocent', 'Innocent', 'Innocent', 'Innocent', 'Innocent', 'Innocent', 'Innocent', 'Innocent', 'Innocent', 'Innocent', 'Innocent', 'Innocent', 'Innocent', 'Innocent', 'Innocent', 'Innocent', 'Innocent', 'Innocent', 'Innocent', 'Innocent', 'Innocent', 'Innocent', 'Innocent', 'Innocent', 'Innocent', 'Innocent', 'Innocent', 'Innocent', 'Innocent', 'Innocent', 'Innocent', 'Innocent', 'Innocent', 'Innocent', 'Innocent', 'Innocent', 'Innocent', 'Innocent', 'Innocent', 'Innocent', 'Innocent', 'Innocent', 'Innocent', 'Innocent', 'Innocent', 'Innocent', 'Innocent', 'Innocent', 'Innocent', 'Innocent', 'Innocent', 'Innocent', 'Innocent', 'Innocent', 'Innocent', 'Innocent', 'Innocent', 'Innocent', 'Innocent', 'Innocent', 'Innocent', 'Innocent', 'Innocent', 'Innocent', 'Innocent', 'Innocent', 'Innocent', 'Innocent', 'Innocent', 'Innocent', 'Innocent', 'Innocent', 'Innocent', 'Innocent', 'Innocent', 'Innocent', 'Innocent', 'Innocent', 'Innocent', 'Innocent', 'Innocent', 'Innocent', 'Innocent', 'Innocent', 'Innocent', 'Innocent', 'Innocent', 'Innocent', 'Innocent', 'Innocent', 'Innocent', 'Innocent', 'Innocent', 'Innocent', 'Innocent', 'Innocent', 'Innocent', 'Innocent', 'Innocent', 'Innocent', 'Innocent', 'Innocent', 'Innocent', 'Innocent', 'Innocent', 'Innocent', 'Innocent', 'Innocent', 'Innocent', 'Innocent', 'Innocent', 'Innocent', 'Innocent', 'Innocent', 'Innocent', 'Innocent', 'Innocent', 'Innocent', 'Innocent', 'Innocent', 'Innocent', 'Innocent', 'Innocent', 'Innocent', 'Innocent', 'Innocent', 'Innocent', 'Innocent', 'Innocent', 'Innocent', 'Innocent', 'Innocent', 'Innocent', 'Innocent', 'Innocent', 'Innocent', 'Innocent', 'Innocent', 'Innocent', 'Innocent', 'Innocent', 'Innocent', 'Innocent', 'Innocent', 'Innocent', 'Innocent', 'Innocent', 'Innocent', 'Innocent', 'Innocent', 'Innocent', 'Innocent', 'Innocent', 'Innocent', 'Innocent', 'Innocent', 'Innocent', 'Innocent', 'Innocent', 'Innocent', 'Innocent', 'Innocent', 'Innocent', 'Innocent', 'Innocent', 'Innocent', 'Innocent', 'Innocent', 'Innocent', 'Innocent', 'Innocent', 'Innocent', 'Innocent', 'Innocent', 'Innocent', 'Innocent', 'Innocent', 'Innocent', 'Innocent', 'Innocent', 'Innocent', 'Innocent', 'Innocent', 'Innocent', 'Innocent', 'Innocent', 'Innocent', 'Innocent', 'Innocent', 'Innocent', 'Innocent', 'Innocent', 'Innocent', 'Innocent', 'Innocent', 'Innocent', 'Innocent', 'Innocent', 'Innocent', 'Innocent', 'Innocent', 'Innocent', 'Innocent', 'Innocent', 'Innocent', 'Innocent', 'Innocent', 'Innocent', 'Innocent', 'Innocent', 'Innocent', 'Innocent', 'Innocent', 'Innocent', 'Innocent', 'Innocent', 'Innocent', 'Innocent', 'Innocent', 'Innocent', 'Innocent', 'Innocent', 'Innocent', 'Innocent', 'Innocent', 'Innocent', 'Innocent', 'Innocent', 'Innocent', 'Innocent', 'Innocent', 'Innocent', 'Innocent', 'Innocent', 'Innocent', 'Innocent', 'Innocent', 'Innocent', 'Innocent', 'Innocent', 'Innocent', 'Innocent', 'Innocent', 'Innocent', 'Innocent', 'Innocent', 'Innocent', 'Innocent', 'Innocent', 'Innocent', 'Innocent', 'Innocent', 'Innocent', 'Innocent', 'Innocent', 'Innocent', 'Innocent', 'Innocent', 'Innocent', 'Innocent', 'Innocent', 'Innocent', 'Innocent', 'Innocent', 'Innocent', 'Innocent', 'Innocent', 'Innocent', 'Innocent', 'Innocent', 'Innocent', 'Innocent', 'Innocent', 'Innocent', 'Innocent', 'Innocent', 'Innocent', 'Innocent', 'Innocent', 'Innocent', 'Innocent', 'Innocent', 'Innocent', 'Innocent', 'Innocent', 'Innocent', 'Innocent', 'Innocent', 'Innocent', 'Innocent', 'Innocent', 'Innocent', 'Innocent', 'Innocent', 'Innocent', 'Innocent', 'Innocent', 'Innocent', 'Innocent', 'Innocent', 'Innocent', 'Innocent', 'Innocent', 'Innocent', 'Innocent', 'Innocent', 'Innocent', 'Innocent', 'Innocent', 'Innocent', 'Innocent', 'Innocent', 'Innocent', 'Innocent', 'Innocent', 'Innocent', 'Innocent', 'Innocent', 'Innocent', 'Innocent', 'Innocent', 'Innocent', 'Innocent', 'Innocent', 'Innocent', 'Innocent', 'Innocent', 'Innocent', 'Innocent', 'Innocent', 'Innocent', 'Innocent', 'Innocent', 'Innocent', 'Innocent', 'Innocent', 'Innocent', 'Innocent', 'Innocent', 'Innocent', 'Innocent', 'Innocent', 'Innocent', 'Innocent', 'Innocent', 'Innocent', 'Innocent', 'Innocent', 'Innocent', 'Innocent', 'Innocent', 'Innocent', 'Innocent', 'Innocent', 'Innocent', 'Innocent', 'Innocent', 'Innocent', 'Innocent', 'Innocent', 'Innocent', 'Innocent', 'Innocent', 'Innocent', 'Innocent', 'Innocent', 'Innocent', 'Innocent', 'Innocent', 'Innocent', 'Innocent', 'Innocent', 'Innocent', 'Innocent', 'Innocent', 'Innocent', 'Innocent', 'Innocent', 'Innocent', 'Innocent', 'Innocent', 'Innocent', 'Innocent', 'Innocent', 'Innocent', 'Innocent', 'Innocent', 'Innocent', 'Innocent', 'Innocent', 'Innocent', 'Innocent', 'Innocent', 'Innocent', 'Innocent', 'Innocent', 'Innocent', 'Innocent', 'Innocent', 'Innocent', 'Innocent', 'Innocent', 'Innocent', 'Innocent', 'Innocent', 'Innocent', 'Innocent', 'Innocent', 'Innocent', 'Innocent', 'Innocent', 'Innocent', 'Innocent', 'Innocent', 'Innocent', 'Innocent', 'Innocent', 'Innocent', 'Innocent', 'Innocent', 'Innocent', 'Innocent', 'Innocent', 'Innocent', 'Innocent', 'Innocent', 'Innocent', 'Innocent', 'Innocent', 'Innocent', 'Innocent', 'Innocent', 'Innocent', 'Innocent', 'Innocent', 'Innocent', 'Innocent', 'Innocent', 'Innocent', 'Innocent', 'Innocent', 'Innocent', 'Innocent', 'Innocent', 'Innocent', 'Innocent', 'Innocent', 'Innocent', 'Innocent', 'Innocent', 'Innocent', 'Innocent', 'Innocent', 'Innocent', 'Innocent', 'Innocent', 'Innocent', 'Innocent', 'Innocent', 'Innocent', 'Innocent', 'Innocent', 'Innocent', 'Innocent', 'Innocent', 'Innocent', 'Innocent', 'Innocent', 'Innocent', 'Innocent', 'Innocent', 'Innocent', 'Innocent', 'Innocent', 'Innocent', 'Innocent', 'Innocent', 'Innocent', 'Innocent', 'Innocent', 'Innocent', 'Innocent', 'Innocent', 'Innocent', 'Innocent', 'Innocent', 'Innocent', 'Innocent', 'Innocent', 'Innocent', 'Innocent', 'Innocent', 'Innocent', 'Innocent', 'Innocent', 'Innocent', 'Innocent', 'Innocent', 'Innocent', 'Innocent', 'Innocent', 'Innocent', 'Innocent', 'Innocent', 'Innocent', 'Innocent', 'Innocent', 'Innocent', 'Innocent', 'Innocent', 'Innocent', 'Innocent', 'Innocent', 'Innocent', 'Innocent', 'Innocent', 'Innocent', 'Innocent', 'Innocent', 'Innocent', 'Innocent', 'Innocent', 'Innocent', 'Innocent', 'Innocent', 'Innocent', 'Innocent', 'Innocent', 'Innocent', 'Innocent', 'Innocent', 'Innocent', 'Innocent', 'Innocent', 'Innocent', 'Innocent', 'Innocent', 'Innocent', 'Innocent', 'Innocent', 'Innocent', 'Innocent', 'Innocent', 'Innocent', 'Innocent', 'Innocent', 'Innocent', 'Innocent', 'Innocent', 'Innocent', 'Innocent', 'Innocent', 'Innocent', 'Innocent', 'Innocent', 'Innocent', 'Innocent', 'Innocent', 'Innocent', 'Innocent', 'Innocent', 'Innocent', 'Innocent', 'Innocent', 'Innocent', 'Innocent', 'Innocent', 'Innocent', 'Innocent', 'Innocent', 'Innocent', 'Innocent', 'Innocent', 'Innocent', 'Innocent', 'Innocent', 'Innocent', 'Innocent', 'Innocent', 'Innocent', 'Innocent', 'Innocent', 'Innocent', 'Innocent', 'Innocent', 'Innocent', 'Innocent', 'Innocent', 'Innocent', 'Innocent', 'Innocent', 'Innocent', 'Innocent', 'Innocent', 'Innocent', 'Innocent', 'Innocent', 'Innocent', 'Innocent', 'Innocent', 'Innocent', 'Innocent', 'Innocent', 'Innocent', 'Innocent', 'Innocent', 'Innocent', 'Innocent', 'Innocent', 'Innocent', 'Innocent', 'Innocent', 'Innocent', 'Innocent', 'Innocent', 'Innocent', 'Innocent', 'Innocent', 'Innocent', 'Innocent', 'Innocent', 'Innocent', 'Innocent', 'Innocent', 'Innocent', 'Innocent', 'Innocent', 'Innocent', 'Innocent', 'Innocent', 'Innocent', 'Innocent', 'Innocent', 'Innocent', 'Innocent', 'Innocent', 'Innocent', 'Innocent', 'Innocent', 'Innocent', 'Innocent', 'Innocent', 'Innocent', 'Innocent', 'Innocent', 'Innocent', 'Innocent', 'Innocent', 'Innocent', 'Innocent', 'Innocent', 'Innocent', 'Innocent', 'Innocent', 'Innocent', 'Innocent', 'Innocent', 'Innocent', 'Innocent', 'Innocent', 'Innocent', 'Innocent', 'Innocent', 'Innocent', 'Innocent', 'Innocent', 'Innocent', 'Innocent', 'Innocent', 'Innocent', 'Innocent', 'Innocent', 'Innocent', 'Innocent', 'Innocent', 'Innocent', 'Innocent', 'Innocent', 'Innocent', 'Innocent', 'Innocent', 'Innocent', 'Innocent', 'Innocent', 'Innocent', 'Innocent', 'Innocent', 'Innocent', 'Innocent', 'Innocent', 'Innocent', 'Innocent', 'Innocent', 'Innocent', 'Innocent', 'Innocent', 'Innocent', 'Innocent', 'Innocent', 'Innocent', 'Innocent', 'Innocent', 'Innocent', 'Innocent', 'Innocent', 'Innocent', 'Innocent', 'Innocent', 'Innocent', 'Innocent', 'Innocent', 'Innocent', 'Innocent', 'Innocent', 'Innocent', 'Innocent', 'Innocent', 'Innocent', 'Innocent', 'Innocent', 'Innocent', 'Innocent', 'Innocent', 'Innocent', 'Innocent', 'Innocent', 'Innocent', 'Innocent', 'Innocent', 'Innocent', 'Innocent', 'Innocent', 'Innocent', 'Innocent', 'Innocent', 'Innocent', 'Innocent', 'Innocent', 'Innocent', 'Innocent', 'Innocent', 'Innocent', 'Innocent', 'Innocent', 'Innocent', 'Innocent', 'Innocent', 'Innocent', 'Innocent', 'Innocent', 'Innocent', 'Innocent', 'Innocent', 'Innocent', 'Innocent', 'Innocent', 'Innocent', 'Innocent', 'Innocent', 'Innocent', 'Innocent', 'Innocent', 'Innocent', 'Innocent', 'Innocent', 'Innocent', 'Innocent', 'Innocent', 'Innocent', 'Innocent', 'Innocent', 'Innocent', 'Innocent', 'Innocent', 'Innocent', 'Innocent', 'Innocent', 'Innocent', 'Innocent', 'Innocent', 'Innocent', 'Innocent', 'Innocent', 'Innocent', 'Innocent', 'Innocent', 'Innocent', 'Innocent', 'Innocent', 'Innocent', 'Innocent', 'Innocent', 'Innocent', 'Innocent', 'Innocent', 'Innocent', 'Innocent', 'Innocent', 'Innocent', 'Innocent', 'Innocent', 'Innocent', 'Innocent', 'Innocent', 'Innocent', 'Innocent', 'Innocent', 'Innocent', 'Innocent', 'Innocent', 'Innocent', 'Innocent', 'Innocent', 'Innocent', 'Innocent', 'Innocent', 'Innocent', 'Innocent', 'Innocent', 'Innocent', 'Innocent', 'Innocent', 'Innocent', 'Innocent', 'Innocent', 'Innocent', 'Innocent', 'Innocent', 'Innocent', 'Innocent', 'Innocent', 'Innocent', 'Innocent', 'Innocent', 'Innocent', 'Innocent', 'Innocent', 'Innocent', 'Innocent', 'Innocent', 'Innocent', 'Innocent', 'Innocent', 'Innocent', 'Innocent', 'Innocent', 'Innocent', 'Innocent', 'Innocent', 'Innocent', 'Innocent', 'Innocent', 'Innocent', 'Innocent', 'Innocent', 'Innocent', 'Innocent', 'Innocent', 'Innocent', 'Innocent', 'Innocent', 'Innocent', 'Innocent', 'Innocent', 'Innocent', 'Innocent', 'Innocent', 'Innocent', 'Innocent', 'Innocent', 'Innocent', 'Innocent', 'Innocent', 'Innocent', 'Innocent', 'Innocent', 'Innocent', 'Innocent', 'Innocent', 'Innocent', 'Innocent', 'Innocent', 'Innocent', 'Innocent', 'Innocent', 'Innocent', 'Innocent', 'Innocent', 'Innocent', 'Innocent', 'Innocent', 'Innocent', 'Innocent', 'Innocent', 'Innocent', 'Innocent', 'Innocent', 'Innocent', 'Innocent', 'Innocent', 'Innocent', 'Innocent', 'Innocent', 'Innocent', 'Innocent', 'Innocent', 'Innocent', 'Innocent', 'Innocent', 'Innocent', 'Innocent', 'Innocent', 'Innocent', 'Innocent', 'Innocent', 'Innocent', 'Innocent', 'Innocent', 'Innocent', 'Innocent', 'Innocent', 'Innocent', 'Innocent', 'Innocent', 'Innocent', 'Innocent', 'Innocent', 'Innocent', 'Innocent', 'Innocent', 'Innocent', 'Innocent', 'Innocent', 'Innocent', 'Innocent', 'Innocent', 'Innocent', 'Innocent', 'Innocent', 'Innocent', 'Innocent', 'Innocent', 'Innocent', 'Innocent', 'Innocent', 'Innocent', 'Innocent', 'Innocent', 'Innocent', 'Innocent', 'Innocent', 'Innocent', 'Innocent', 'Innocent', 'Innocent', 'Innocent', 'Innocent', 'Innocent', 'Innocent', 'Innocent', 'Innocent', 'Innocent', 'Innocent', 'Innocent', 'Innocent', 'Innocent', 'Innocent', 'Innocent', 'Innocent', 'Innocent', 'Innocent', 'Innocent', 'Innocent', 'Innocent', 'Innocent', 'Innocent', 'Innocent', 'Innocent', 'Innocent', 'Innocent', 'Innocent', 'Innocent', 'Innocent', 'Innocent', 'Innocent', 'Innocent', 'Innocent', 'Innocent', 'Innocent', 'Innocent', 'Innocent', 'Innocent', 'Innocent', 'Innocent', 'Innocent', 'Innocent', 'Innocent', 'Innocent', 'Innocent', 'Innocent', 'Innocent', 'Innocent', 'Innocent', 'Innocent', 'Innocent', 'Innocent', 'Innocent', 'Innocent', 'Innocent', 'Innocent', 'Innocent', 'Innocent', 'Innocent', 'Innocent', 'Innocent', 'Innocent', 'Innocent', 'Innocent', 'Innocent', 'Innocent', 'Innocent', 'Innocent', 'Innocent', 'Innocent', 'Innocent', 'Innocent', 'Innocent', 'Innocent', 'Innocent', 'Innocent', 'Innocent', 'Innocent', 'Innocent', 'Innocent', 'Innocent', 'Innocent', 'Innocent', 'Innocent', 'Innocent', 'Innocent', 'Innocent', 'Innocent', 'Innocent', 'Innocent', 'Innocent', 'Innocent', 'Innocent', 'Innocent', 'Innocent', 'Innocent', 'Innocent', 'Innocent', 'Innocent', 'Innocent', 'Innocent', 'Innocent', 'Innocent', 'Innocent', 'Innocent', 'Innocent', 'Innocent', 'Innocent', 'Innocent', 'Innocent', 'Innocent', 'Innocent', 'Innocent', 'Innocent', 'Innocent', 'Innocent', 'Innocent', 'Innocent', 'Innocent', 'Innocent', 'Innocent', 'Innocent', 'Innocent', 'Innocent', 'Innocent', 'Innocent', 'Innocent', 'Innocent', 'Innocent', 'Innocent', 'Innocent', 'Innocent', 'Innocent', 'Innocent', 'Innocent', 'Innocent', 'Innocent', 'Innocent', 'Innocent', 'Innocent', 'Innocent', 'Innocent', 'Innocent', 'Innocent', 'Innocent', 'Innocent', 'Innocent', 'Innocent', 'Innocent', 'Innocent', 'Innocent', 'Innocent', 'Innocent', 'Innocent', 'Innocent', 'Innocent', 'Innocent', 'Innocent', 'Innocent', 'Innocent', 'Innocent', 'Innocent', 'Innocent', 'Innocent', 'Innocent', 'Innocent', 'Innocent', 'Innocent', 'Innocent', 'Innocent', 'Innocent', 'Innocent', 'Innocent', 'Innocent', 'Innocent', 'Innocent', 'Innocent', 'Innocent', 'Innocent', 'Innocent', 'Innocent', 'Innocent', 'Innocent', 'Innocent', 'Innocent', 'Innocent', 'Innocent', 'Innocent', 'Innocent', 'Innocent', 'Innocent', 'Innocent', 'Innocent', 'Innocent', 'Innocent', 'Innocent', 'Innocent', 'Innocent', 'Innocent', 'Innocent', 'Innocent', 'Innocent', 'Innocent', 'Innocent', 'Innocent', 'Innocent', 'Innocent', 'Innocent', 'Innocent', 'Innocent', 'Innocent', 'Innocent', 'Innocent', 'Innocent', 'Innocent', 'Innocent', 'Innocent', 'Innocent', 'Innocent', 'Innocent', 'Innocent', 'Innocent', 'Innocent', 'Innocent', 'Innocent', 'Innocent', 'Innocent', 'Innocent', 'Innocent', 'Innocent', 'Innocent', 'Innocent', 'Innocent', 'Innocent', 'Innocent', 'Innocent', 'Innocent', 'Innocent', 'Innocent', 'Innocent', 'Innocent', 'Innocent', 'Innocent', 'Innocent', 'Innocent', 'Innocent', 'Innocent', 'Innocent', 'Innocent', 'Innocent', 'Innocent', 'Innocent', 'Innocent', 'Innocent', 'Innocent', 'Innocent', 'Innocent', 'Innocent', 'Innocent', 'Innocent', 'Innocent', 'Innocent', 'Innocent', 'Innocent', 'Innocent', 'Innocent', 'Innocent', 'Innocent', 'Innocent', 'Innocent', 'Innocent', 'Innocent', 'Innocent', 'Innocent', 'Innocent', 'Innocent', 'Innocent', 'Innocent', 'Innocent', 'Innocent', 'Innocent', 'Innocent', 'Innocent', 'Innocent', 'Innocent', 'Innocent', 'Innocent', 'Innocent', 'Innocent', 'Innocent', 'Innocent', 'Innocent', 'Innocent', 'Innocent', 'Innocent', 'Innocent', 'Innocent', 'Innocent', 'Innocent', 'Innocent', 'Innocent', 'Innocent', 'Innocent', 'Innocent', 'Innocent', 'Innocent', 'Innocent', 'Innocent', 'Innocent', 'Innocent', 'Innocent', 'Innocent', 'Innocent', 'Innocent', 'Innocent', 'Innocent', 'Innocent', 'Innocent', 'Innocent', 'Innocent', 'Innocent', 'Innocent', 'Innocent', 'Innocent', 'Innocent', 'Innocent', 'Innocent', 'Innocent', 'Innocent', 'Innocent', 'Innocent', 'Innocent', 'Innocent', 'Innocent', 'Innocent', 'Innocent', 'Innocent', 'Innocent', 'Innocent', 'Innocent', 'Innocent', 'Innocent', 'Innocent', 'Innocent', 'Innocent', 'Innocent', 'Innocent', 'Innocent', 'Innocent', 'Innocent', 'Innocent', 'Innocent', 'Innocent', 'Innocent', 'Innocent', 'Innocent', 'Innocent', 'Innocent', 'Innocent', 'Innocent', 'Innocent', 'Innocent', 'Innocent', 'Innocent', 'Innocent', 'Innocent', 'Innocent', 'Innocent', 'Innocent', 'Innocent', 'Innocent', 'Innocent', 'Innocent', 'Innocent', 'Innocent', 'Innocent', 'Innocent', 'Innocent', 'Innocent', 'Innocent', 'Innocent', 'Innocent', 'Innocent', 'Innocent', 'Innocent', 'Innocent', 'Innocent', 'Innocent', 'Innocent', 'Innocent', 'Innocent', 'Innocent', 'Innocent', 'Innocent', 'Innocent', 'Innocent', 'Innocent', 'Innocent', 'Innocent', 'Innocent', 'Innocent', 'Innocent', 'Innocent', 'Innocent', 'Innocent', 'Innocent', 'Innocent', 'Innocent', 'Innocent', 'Innocent', 'Innocent', 'Innocent', 'Innocent', 'Innocent', 'Innocent', 'Innocent', 'Innocent', 'Innocent', 'Innocent', 'Innocent', 'Innocent', 'Innocent', 'Innocent', 'Innocent', 'Innocent', 'Innocent', 'Innocent', 'Innocent', 'Innocent', 'Innocent', 'Innocent', 'Innocent', 'Innocent', 'Innocent', 'Innocent', 'Innocent', 'Innocent', 'Innocent', 'Innocent', 'Innocent', 'Innocent', 'Innocent', 'Innocent', 'Innocent', 'Innocent', 'Innocent', 'Innocent', 'Innocent', 'Innocent', 'Innocent', 'Innocent', 'Innocent', 'Innocent', 'Innocent', 'Innocent', 'Innocent', 'Innocent', 'Innocent', 'Innocent', 'Innocent', 'Innocent', 'Innocent', 'Innocent', 'Innocent', 'Innocent', 'Innocent', 'Innocent', 'Innocent', 'Innocent', 'Innocent', 'Innocent', 'Innocent', 'Innocent', 'Innocent', 'Innocent', 'Innocent', 'Innocent', 'Innocent', 'Innocent', 'Innocent', 'Innocent', 'Innocent', 'Innocent', 'Innocent', 'Innocent', 'Innocent', 'Innocent', 'Innocent', 'Innocent', 'Innocent', 'Innocent', 'Innocent', 'Innocent', 'Innocent', 'Innocent', 'Innocent', 'Innocent', 'Innocent', 'Innocent', 'Innocent', 'Innocent', 'Innocent', 'Innocent', 'Innocent', 'Innocent', 'Innocent', 'Innocent', 'Innocent', 'Innocent', 'Innocent', 'Innocent', 'Innocent', 'Innocent', 'Innocent', 'Innocent', 'Innocent', 'Innocent', 'Innocent', 'Innocent', 'Innocent', 'Innocent', 'Innocent', 'Innocent', 'Innocent', 'Innocent', 'Innocent', 'Innocent', 'Innocent', 'Innocent', 'Innocent', 'Innocent', 'Innocent', 'Innocent', 'Innocent', 'Innocent', 'Innocent', 'Innocent', 'Innocent', 'Innocent', 'Innocent', 'Innocent', 'Innocent', 'Innocent', 'Innocent', 'Innocent', 'Innocent', 'Innocent', 'Innocent', 'Innocent', 'Innocent', 'Innocent', 'Innocent', 'Innocent', 'Innocent', 'Innocent', 'Innocent', 'Innocent', 'Innocent', 'Innocent', 'Innocent', 'Innocent', 'Innocent', 'Innocent', 'Innocent', 'Innocent', 'Innocent', 'Innocent', 'Innocent', 'Innocent', 'Innocent', 'Innocent', 'Innocent', 'Innocent', 'Innocent', 'Innocent', 'Innocent', 'Innocent', 'Innocent', 'Innocent', 'Innocent', 'Innocent', 'Innocent', 'Innocent', 'Innocent', 'Innocent', 'Innocent', 'Innocent', 'Innocent', 'Innocent', 'Innocent', 'Innocent', 'Innocent', 'Innocent', 'Innocent', 'Innocent', 'Innocent', 'Innocent', 'Innocent', 'Innocent', 'Innocent', 'Innocent', 'Innocent', 'Innocent', 'Innocent', 'Innocent', 'Innocent', 'Innocent', 'Innocent', 'Innocent', 'Innocent', 'Innocent', 'Innocent', 'Innocent', 'Innocent', 'Innocent', 'Innocent', 'Innocent', 'Innocent', 'Innocent', 'Innocent', 'Innocent', 'Innocent', 'Innocent', 'Innocent', 'Innocent', 'Innocent', 'Innocent', 'Innocent', 'Innocent', 'Innocent', 'Innocent', 'Innocent', 'Innocent', 'Innocent', 'Innocent', 'Innocent', 'Innocent', 'Innocent', 'Innocent', 'Innocent', 'Innocent', 'Innocent', 'Innocent', 'Innocent', 'Innocent', 'Innocent', 'Innocent', 'Innocent', 'Innocent', 'Innocent', 'Innocent', 'Innocent', 'Innocent', 'Innocent', 'Innocent', 'Innocent', 'Innocent', 'Innocent', 'Innocent', 'Innocent', 'Innocent', 'Innocent', 'Innocent', 'Innocent', 'Innocent', 'Innocent', 'Innocent', 'Innocent', 'Innocent', 'Innocent', 'Innocent', 'Innocent', 'Innocent', 'Innocent', 'Innocent', 'Innocent', 'Innocent', 'Innocent', 'Innocent', 'Innocent', 'Innocent', 'Innocent', 'Innocent', 'Innocent', 'Innocent', 'Innocent', 'Innocent', 'Innocent', 'Innocent', 'Innocent', 'Innocent', 'Innocent', 'Innocent', 'Innocent', 'Innocent', 'Innocent', 'Innocent', 'Innocent', 'Innocent', 'Innocent', 'Innocent', 'Innocent', 'Innocent', 'Innocent', 'Innocent', 'Innocent', 'Innocent', 'Innocent', 'Innocent', 'Innocent', 'Innocent', 'Innocent', 'Innocent', 'Innocent', 'Innocent', 'Innocent', 'Innocent', 'Innocent', 'Innocent', 'Innocent', 'Innocent', 'Innocent', 'Innocent', 'Innocent', 'Innocent', 'Innocent', 'Innocent', 'Innocent', 'Innocent', 'Innocent', 'Innocent', 'Innocent', 'Innocent', 'Innocent', 'Innocent', 'Innocent', 'Innocent', 'Innocent', 'Innocent', 'Innocent', 'Innocent', 'Innocent', 'Innocent', 'Innocent', 'Innocent', 'Innocent', 'Innocent', 'Innocent', 'Innocent', 'Innocent', 'Innocent', 'Innocent', 'Innocent', 'Innocent', 'Innocent', 'Innocent', 'Innocent', 'Innocent', 'Innocent', 'Innocent', 'Innocent', 'Innocent', 'Innocent', 'Innocent', 'Innocent', 'Innocent', 'Innocent', 'Innocent', 'Innocent', 'Innocent', 'Innocent', 'Innocent', 'Innocent', 'Innocent', 'Innocent', 'Innocent', 'Innocent', 'Innocent', 'Innocent', 'Innocent', 'Innocent', 'Innocent', 'Innocent', 'Innocent', 'Innocent', 'Innocent', 'Innocent', 'Innocent', 'Innocent', 'Innocent', 'Innocent', 'Innocent', 'Innocent', 'Innocent', 'Innocent', 'Innocent', 'Innocent', 'Innocent', 'Innocent', 'Innocent', 'Innocent', 'Innocent', 'Innocent', 'Innocent', 'Innocent', 'Innocent', 'Innocent', 'Innocent', 'Innocent', 'Innocent', 'Innocent', 'Innocent', 'Innocent', 'Innocent', 'Innocent', 'Innocent', 'Innocent', 'Innocent', 'Innocent', 'Innocent', 'Innocent', 'Innocent', 'Innocent', 'Innocent', 'Innocent', 'Innocent', 'Innocent', 'Innocent', 'Innocent', 'Innocent', 'Innocent', 'Innocent', 'Innocent', 'Innocent', 'Innocent', 'Innocent', 'Innocent', 'Innocent', 'Innocent', 'Innocent', 'Innocent', 'Innocent', 'Innocent', 'Innocent', 'Innocent', 'Innocent', 'Innocent', 'Innocent', 'Innocent', 'Innocent', 'Innocent', 'Innocent', 'Innocent', 'Innocent', 'Innocent', 'Innocent', 'Innocent', 'Innocent', 'Innocent', 'Innocent', 'Innocent', 'Innocent', 'Innocent', 'Innocent', 'Innocent', 'Innocent', 'Innocent', 'Innocent', 'Innocent', 'Innocent', 'Innocent', 'Innocent', 'Innocent', 'Innocent', 'Innocent', 'Innocent', 'Innocent', 'Innocent', 'Innocent', 'Innocent', 'Innocent', 'Innocent', 'Innocent', 'Innocent', 'Innocent', 'Innocent', 'Innocent', 'Innocent', 'Innocent', 'Innocent', 'Innocent', 'Innocent', 'Innocent', 'Innocent', 'Innocent', 'Innocent', 'Innocent', 'Innocent', 'Innocent', 'Innocent', 'Innocent', 'Innocent', 'Innocent', 'Innocent', 'Innocent', 'Innocent', 'Innocent', 'Innocent', 'Innocent', 'Innocent', 'Innocent', 'Innocent', 'Innocent', 'Innocent', 'Innocent', 'Innocent', 'Innocent', 'Innocent', 'Innocent', 'Innocent', 'Innocent', 'Innocent', 'Innocent', 'Innocent', 'Innocent', 'Innocent', 'Innocent', 'Innocent', 'Innocent', 'Innocent', 'Innocent', 'Innocent', 'Innocent', 'Innocent', 'Innocent', 'Innocent', 'Innocent', 'Innocent', 'Innocent', 'Innocent', 'Innocent', 'Innocent', 'Innocent', 'Innocent', 'Innocent', 'Innocent', 'Innocent', 'Innocent', 'Innocent', 'Innocent', 'Innocent', 'Innocent', 'Innocent', 'Innocent', 'Innocent', 'Innocent', 'Innocent', 'Innocent', 'Innocent', 'Innocent', 'Innocent', 'Innocent', 'Innocent', 'Innocent', 'Innocent', 'Innocent', 'Innocent', 'Innocent', 'Innocent', 'Innocent', 'Innocent', 'Innocent', 'Innocent', 'Innocent', 'Innocent', 'Innocent', 'Innocent', 'Innocent', 'Innocent', 'Innocent', 'Innocent', 'Innocent', 'Innocent', 'Innocent', 'Innocent', 'Innocent', 'Innocent', 'Innocent', 'Innocent', 'Innocent', 'Innocent', 'Innocent', 'Innocent', 'Innocent', 'Innocent', 'Innocent', 'Innocent', 'Innocent', 'Innocent', 'Innocent', 'Innocent', 'Innocent', 'Innocent', 'Innocent', 'Innocent', 'Innocent', 'Innocent', 'Innocent', 'Innocent', 'Innocent', 'Innocent', 'Innocent', 'Innocent', 'Innocent', 'Innocent', 'Innocent', 'Innocent', 'Innocent', 'Innocent', 'Innocent', 'Innocent', 'Innocent', 'Innocent', 'Innocent', 'Innocent', 'Innocent', 'Innocent', 'Innocent', 'Innocent', 'Innocent', 'Innocent', 'Innocent', 'Innocent', 'Innocent', 'Innocent', 'Innocent', 'Innocent', 'Innocent', 'Innocent', 'Innocent', 'Innocent', 'Innocent', 'Innocent', 'Innocent', 'Innocent', 'Innocent', 'Innocent', 'Innocent', 'Innocent', 'Innocent', 'Innocent', 'Innocent', 'Innocent', 'Innocent', 'Innocent', 'Innocent', 'Innocent', 'Innocent', 'Innocent', 'Innocent', 'Innocent', 'Innocent', 'Innocent', 'Innocent', 'Innocent', 'Innocent', 'Innocent', 'Innocent', 'Innocent', 'Innocent', 'Innocent', 'Innocent', 'Innocent', 'Innocent', 'Innocent', 'Innocent', 'Innocent', 'Innocent', 'Innocent', 'Innocent', 'Innocent', 'Innocent', 'Innocent', 'Innocent', 'Innocent', 'Innocent', 'Innocent', 'Innocent', 'Innocent', 'Innocent', 'Innocent', 'Innocent', 'Innocent', 'Innocent', 'Innocent', 'Innocent', 'Innocent', 'Innocent', 'Innocent', 'Innocent', 'Innocent', 'Innocent', 'Innocent', 'Innocent', 'Innocent', 'Innocent', 'Innocent', 'Innocent', 'Innocent', 'Innocent', 'Innocent', 'Innocent', 'Innocent', 'Innocent', 'Innocent', 'Innocent', 'Innocent', 'Innocent', 'Innocent', 'Innocent', 'Innocent', 'Innocent', 'Innocent', 'Innocent', 'Innocent', 'Innocent', 'Innocent', 'Innocent', 'Innocent', 'Innocent', 'Innocent', 'Innocent', 'Innocent', 'Innocent', 'Innocent', 'Innocent', 'Innocent', 'Innocent', 'Innocent', 'Innocent', 'Innocent', 'Innocent', 'Innocent', 'Innocent', 'Innocent', 'Innocent', 'Innocent', 'Innocent', 'Innocent', 'Innocent', 'Innocent', 'Innocent', 'Innocent', 'Innocent', 'Innocent', 'Innocent', 'Innocent', 'Innocent', 'Innocent', 'Innocent', 'Innocent', 'Innocent', 'Innocent', 'Innocent', 'Innocent', 'Innocent', 'Innocent', 'Innocent', 'Innocent', 'Innocent', 'Innocent', 'Innocent', 'Innocent', 'Innocent', 'Innocent', 'Innocent', 'Innocent', 'Innocent', 'Innocent', 'Innocent', 'Innocent', 'Innocent', 'Innocent', 'Innocent', 'Innocent', 'Innocent', 'Innocent', 'Innocent', 'Innocent', 'Innocent', 'Innocent', 'Innocent', 'Innocent', 'Innocent', 'Innocent', 'Innocent', 'Innocent', 'Innocent', 'Innocent', 'Innocent', 'Innocent', 'Innocent', 'Innocent', 'Innocent', 'Innocent', 'Innocent', 'Innocent', 'Innocent', 'Innocent', 'Innocent', 'Innocent', 'Innocent', 'Innocent', 'Innocent', 'Innocent', 'Innocent', 'Innocent', 'Innocent', 'Innocent', 'Innocent', 'Innocent', 'Innocent', 'Innocent', 'Innocent', 'Innocent', 'Innocent', 'Innocent', 'Innocent', 'Innocent', 'Innocent', 'Innocent', 'Innocent', 'Innocent', 'Innocent', 'Innocent', 'Innocent', 'Innocent', 'Innocent', 'Innocent', 'Innocent', 'Innocent', 'Innocent', 'Innocent', 'Innocent', 'Innocent', 'Innocent', 'Innocent', 'Innocent', 'Innocent', 'Innocent', 'Innocent', 'Innocent', 'Innocent', 'Innocent', 'Innocent', 'Innocent', 'Innocent', 'Innocent', 'Innocent', 'Innocent', 'Innocent', 'Innocent', 'Innocent', 'Innocent', 'Innocent', 'Innocent', 'Innocent', 'Innocent', 'Innocent', 'Innocent', 'Innocent', 'Innocent', 'Innocent', 'Innocent', 'Innocent', 'Innocent', 'Innocent', 'Innocent', 'Innocent', 'Innocent', 'Innocent', 'Innocent', 'Innocent', 'Innocent', 'Innocent', 'Innocent', 'Innocent', 'Innocent', 'Innocent', 'Innocent', 'Innocent', 'Innocent', 'Innocent', 'Innocent', 'Innocent', 'Innocent', 'Innocent', 'Innocent', 'Innocent', 'Innocent', 'Innocent', 'Innocent', 'Innocent', 'Innocent', 'Innocent', 'Innocent', 'Innocent', 'Innocent', 'Innocent', 'Innocent', 'Innocent', 'Innocent', 'Innocent', 'Innocent', 'Innocent', 'Innocent', 'Innocent', 'Innocent', 'Innocent', 'Innocent', 'Innocent', 'Innocent', 'Innocent', 'Innocent', 'Innocent', 'Innocent', 'Innocent', 'Innocent', 'Innocent', 'Innocent', 'Innocent', 'Innocent', 'Innocent', 'Innocent', 'Innocent', 'Innocent', 'Innocent', 'Innocent', 'Innocent', 'Innocent', 'Innocent', 'Innocent', 'Innocent', 'Innocent', 'Innocent', 'Innocent', 'Innocent', 'Innocent', 'Innocent', 'Innocent', 'Innocent', 'Innocent', 'Innocent', 'Innocent', 'Innocent', 'Innocent', 'Innocent', 'Innocent', 'Innocent', 'Innocent', 'Innocent', 'Innocent', 'Innocent', 'Innocent', 'Innocent', 'Innocent', 'Innocent', 'Innocent', 'Innocent', 'Innocent', 'Innocent', 'Innocent', 'Innocent', 'Innocent', 'Innocent', 'Innocent', 'Innocent', 'Innocent', 'Innocent', 'Innocent', 'Innocent', 'Innocent', 'Innocent', 'Innocent', 'Innocent', 'Innocent', 'Innocent', 'Innocent', 'Innocent', 'Innocent', 'Innocent', 'Innocent', 'Innocent', 'Innocent', 'Innocent', 'Innocent', 'Innocent', 'Innocent', 'Innocent', 'Innocent', 'Innocent', 'Innocent', 'Innocent', 'Innocent', 'Innocent', 'Innocent', 'Innocent', 'Innocent', 'Innocent', 'Innocent', 'Innocent', 'Innocent', 'Innocent', 'Innocent', 'Innocent', 'Innocent', 'Innocent', 'Innocent', 'Innocent', 'Innocent', 'Innocent', 'Innocent', 'Innocent', 'Innocent', 'Innocent', 'Innocent', 'Innocent', 'Innocent', 'Innocent', 'Innocent', 'Innocent', 'Innocent', 'Innocent', 'Innocent', 'Innocent', 'Innocent', 'Innocent', 'Innocent', 'Innocent', 'Innocent', 'Innocent', 'Innocent', 'Innocent', 'Innocent', 'Innocent', 'Innocent', 'Innocent', 'Innocent', 'Innocent', 'Innocent', 'Innocent', 'Innocent', 'Innocent', 'Innocent', 'Innocent', 'Innocent', 'Innocent', 'Innocent', 'Innocent', 'Innocent', 'Innocent', 'Innocent', 'Innocent', 'Innocent', 'Innocent', 'Innocent', 'Innocent', 'Innocent', 'Innocent', 'Innocent', 'Innocent', 'Innocent', 'Innocent', 'Innocent', 'Innocent', 'Innocent', 'Innocent', 'Innocent', 'Innocent', 'Innocent', 'Innocent', 'Innocent', 'Innocent', 'Innocent', 'Innocent', 'Innocent', 'Innocent', 'Innocent', 'Innocent', 'Innocent', 'Innocent', 'Innocent', 'Innocent', 'Innocent', 'Innocent', 'Innocent', 'Innocent', 'Innocent', 'Innocent', 'Innocent', 'Innocent', 'Innocent', 'Innocent', 'Innocent', 'Innocent', 'Innocent', 'Innocent', 'Innocent', 'Innocent', 'Innocent', 'Innocent', 'Innocent', 'Innocent', 'Innocent', 'Innocent', 'Innocent', 'Innocent', 'Innocent', 'Innocent', 'Innocent', 'Innocent', 'Innocent', 'Innocent', 'Innocent', 'Innocent', 'Innocent', 'Innocent', 'Innocent', 'Innocent', 'Innocent', 'Innocent', 'Innocent', 'Innocent', 'Innocent', 'Innocent', 'Innocent', 'Innocent', 'Innocent', 'Innocent', 'Innocent', 'Innocent', 'Innocent', 'Innocent', 'Innocent', 'Innocent', 'Innocent', 'Innocent', 'Innocent', 'Innocent', 'Innocent', 'Innocent', 'Innocent', 'Innocent', 'Innocent', 'Innocent', 'Innocent', 'Innocent', 'Innocent', 'Innocent', 'Innocent', 'Innocent', 'Innocent', 'Innocent', 'Innocent', 'Innocent', 'Innocent', 'Innocent', 'Innocent', 'Innocent', 'Innocent', 'Innocent', 'Innocent', 'Innocent', 'Innocent', 'Innocent', 'Innocent', 'Innocent', 'Innocent', 'Innocent', 'Innocent', 'Innocent', 'Innocent', 'Innocent', 'Innocent', 'Innocent', 'Innocent', 'Innocent', 'Innocent', 'Innocent', 'Innocent', 'Innocent', 'Innocent', 'Innocent', 'Innocent', 'Innocent', 'Innocent', 'Innocent', 'Innocent', 'Innocent', 'Innocent', 'Innocent', 'Innocent', 'Innocent', 'Innocent', 'Innocent', 'Innocent', 'Innocent', 'Innocent', 'Innocent', 'Innocent', 'Innocent', 'Innocent', 'Innocent', 'Innocent', 'Innocent', 'Innocent', 'Innocent', 'Innocent', 'Innocent', 'Innocent', 'Innocent', 'Innocent', 'Innocent', 'Innocent', 'Innocent', 'Innocent', 'Innocent', 'Innocent', 'Innocent', 'Innocent', 'Innocent', 'Innocent', 'Innocent', 'Innocent', 'Innocent', 'Innocent', 'Innocent', 'Innocent', 'Innocent', 'Innocent', 'Innocent', 'Innocent', 'Innocent', 'Innocent', 'Innocent', 'Innocent', 'Innocent', 'Innocent', 'Innocent', 'Innocent', 'Innocent', 'Innocent', 'Innocent', 'Innocent', 'Innocent', 'Innocent', 'Innocent', 'Innocent', 'Innocent', 'Innocent', 'Innocent', 'Innocent', 'Innocent', 'Innocent', 'Innocent', 'Innocent', 'Innocent', 'Innocent', 'Innocent', 'Innocent', 'Innocent', 'Innocent', 'Innocent', 'Innocent', 'Innocent', 'Innocent', 'Innocent', 'Innocent', 'Innocent', 'Innocent', 'Innocent', 'Innocent', 'Innocent', 'Innocent', 'Innocent', 'Innocent', 'Innocent', 'Innocent', 'Innocent', 'Innocent', 'Innocent', 'Innocent', 'Innocent', 'Innocent', 'Innocent', 'Innocent', 'Innocent', 'Innocent', 'Innocent', 'Innocent', 'Innocent', 'Innocent', 'Innocent', 'Innocent', 'Innocent', 'Innocent', 'Innocent', 'Innocent', 'Innocent', 'Innocent', 'Innocent', 'Innocent', 'Innocent', 'Innocent', 'Innocent', 'Innocent', 'Innocent', 'Innocent', 'Innocent', 'Innocent', 'Innocent', 'Innocent', 'Innocent', 'Innocent', 'Innocent', 'Innocent', 'Innocent', 'Innocent', 'Innocent', 'Innocent', 'Innocent', 'Innocent', 'Innocent', 'Innocent', 'Innocent', 'Innocent', 'Innocent', 'Innocent', 'Innocent', 'Innocent', 'Innocent', 'Innocent', 'Innocent', 'Innocent', 'Innocent', 'Innocent', 'Innocent', 'Innocent', 'Innocent', 'Innocent', 'Innocent', 'Innocent', 'Innocent', 'Innocent', 'Innocent', 'Innocent', 'Innocent', 'Innocent', 'Innocent', 'Innocent', 'Innocent', 'Innocent', 'Innocent', 'Innocent', 'Innocent', 'Innocent', 'Innocent', 'Innocent', 'Innocent', 'Innocent', 'Innocent', 'Innocent', 'Innocent', 'Innocent', 'Innocent', 'Innocent', 'Innocent', 'Innocent', 'Innocent', 'Innocent', 'Innocent', 'Innocent', 'Innocent', 'Innocent', 'Innocent', 'Innocent', 'Innocent', 'Innocent', 'Innocent', 'Innocent', 'Innocent', 'Innocent', 'Innocent', 'Innocent', 'Innocent', 'Innocent', 'Innocent', 'Innocent', 'Innocent', 'Innocent', 'Innocent', 'Innocent', 'Innocent', 'Innocent', 'Innocent', 'Innocent', 'Innocent', 'Innocent', 'Innocent', 'Innocent', 'Innocent', 'Innocent', 'Innocent', 'Innocent', 'Innocent', 'Innocent', 'Innocent', 'Innocent', 'Innocent', 'Innocent', 'Innocent', 'Innocent', 'Innocent', 'Innocent', 'Innocent', 'Innocent', 'Innocent', 'Innocent', 'Innocent', 'Innocent', 'Innocent', 'Innocent', 'Innocent', 'Innocent', 'Innocent', 'Innocent', 'Innocent', 'Innocent', 'Innocent', 'Innocent', 'Innocent', 'Innocent', 'Innocent', 'Innocent', 'Innocent', 'Innocent', 'Innocent', 'Innocent', 'Innocent', 'Innocent', 'Innocent', 'Innocent', 'Innocent', 'Innocent', 'Innocent', 'Innocent', 'Innocent', 'Innocent', 'Innocent', 'Innocent', 'Innocent', 'Innocent', 'Innocent', 'Innocent', 'Innocent', 'Innocent', 'Innocent', 'Innocent', 'Innocent', 'Innocent', 'Innocent', 'Innocent', 'Innocent', 'Innocent', 'Innocent', 'Innocent', 'Innocent', 'Innocent', 'Innocent', 'Innocent', 'Innocent', 'Innocent', 'Innocent', 'Innocent', 'Innocent', 'Innocent', 'Innocent', 'Innocent', 'Innocent', 'Innocent', 'Innocent', 'Innocent', 'Innocent', 'Innocent', 'Innocent', 'Innocent', 'Innocent', 'Innocent', 'Innocent', 'Innocent', 'Innocent', 'Innocent', 'Innocent', 'Innocent', 'Innocent', 'Innocent', 'Innocent', 'Innocent', 'Innocent', 'Innocent', 'Innocent', 'Innocent', 'Innocent', 'Innocent', 'Innocent', 'Innocent', 'Innocent', 'Innocent', 'Innocent', 'Innocent', 'Innocent', 'Innocent', 'Innocent', 'Innocent', 'Innocent', 'Innocent', 'Innocent', 'Innocent', 'Innocent', 'Innocent', 'Innocent', 'Innocent', 'Innocent', 'Innocent', 'Innocent', 'Innocent', 'Innocent', 'Innocent', 'Innocent', 'Innocent', 'Innocent', 'Innocent', 'Innocent', 'Innocent', 'Innocent', 'Innocent', 'Innocent', 'Innocent', 'Innocent', 'Innocent', 'Innocent', 'Innocent', 'Innocent', 'Innocent', 'Innocent', 'Innocent', 'Innocent', 'Innocent', 'Innocent', 'Innocent', 'Innocent', 'Innocent', 'Innocent', 'Innocent', 'Innocent', 'Innocent', 'Innocent', 'Innocent', 'Innocent', 'Innocent', 'Innocent', 'Innocent', 'Innocent', 'Innocent', 'Innocent', 'Innocent', 'Innocent', 'Innocent', 'Innocent', 'Innocent', 'Innocent', 'Innocent', 'Innocent', 'Innocent', 'Innocent', 'Innocent', 'Innocent', 'Innocent', 'Innocent', 'Innocent', 'Innocent', 'Innocent', 'Innocent', 'Innocent', 'Innocent', 'Innocent', 'Innocent', 'Innocent', 'Innocent', 'Innocent', 'Innocent', 'Innocent', 'Innocent', 'Innocent', 'Innocent', 'Innocent', 'Innocent', 'Innocent', 'Innocent', 'Innocent', 'Innocent', 'Innocent', 'Innocent', 'Innocent', 'Innocent', 'Innocent', 'Innocent', 'Innocent', 'Innocent', 'Innocent', 'Innocent', 'Innocent', 'Innocent', 'Innocent', 'Innocent', 'Innocent', 'Innocent', 'Innocent', 'Innocent', 'Innocent', 'Innocent', 'Innocent', 'Innocent', 'Innocent', 'Innocent', 'Innocent', 'Innocent', 'Innocent', 'Innocent', 'Innocent', 'Innocent', 'Innocent', 'Innocent', 'Innocent', 'Innocent', 'Innocent', 'Innocent', 'Innocent', 'Innocent', 'Innocent', 'Innocent', 'Innocent', 'Innocent', 'Innocent', 'Innocent', 'Innocent', 'Innocent', 'Innocent', 'Innocent', 'Innocent', 'Innocent', 'Innocent', 'Innocent', 'Innocent', 'Innocent', 'Innocent', 'Innocent', 'Innocent', 'Innocent', 'Innocent', 'Innocent', 'Innocent', 'Innocent', 'Innocent', 'Innocent', 'Innocent', 'Innocent', 'Innocent', 'Innocent', 'Innocent', 'Innocent', 'Innocent', 'Innocent', 'Innocent', 'Innocent', 'Innocent', 'Innocent', 'Innocent', 'Innocent', 'Innocent', 'Innocent', 'Innocent', 'Innocent', 'Innocent', 'Innocent', 'Innocent', 'Innocent', 'Innocent', 'Innocent', 'Innocent', 'Innocent', 'Innocent', 'Innocent', 'Innocent', 'Innocent', 'Innocent', 'Innocent', 'Innocent', 'Innocent', 'Innocent', 'Innocent', 'Innocent', 'Innocent', 'Innocent', 'Innocent', 'Innocent', 'Innocent', 'Innocent', 'Innocent', 'Innocent', 'Innocent', 'Innocent', 'Innocent', 'Innocent', 'Innocent', 'Innocent', 'Innocent', 'Innocent', 'Innocent', 'Innocent', 'Innocent', 'Innocent', 'Innocent', 'Innocent', 'Innocent', 'Innocent', 'Innocent', 'Innocent', 'Innocent', 'Innocent', 'Innocent', 'Innocent', 'Innocent', 'Innocent', 'Innocent', 'Innocent', 'Innocent', 'Innocent', 'Innocent', 'Innocent', 'Innocent', 'Innocent', 'Innocent', 'Innocent', 'Innocent', 'Innocent', 'Innocent', 'Innocent', 'Innocent', 'Innocent', 'Innocent', 'Innocent', 'Innocent', 'Innocent', 'Innocent', 'Innocent', 'Innocent', 'Innocent', 'Innocent', 'Innocent', 'Innocent', 'Innocent', 'Innocent', 'Innocent', 'Innocent', 'Innocent', 'Innocent', 'Innocent', 'Innocent', 'Innocent', 'Innocent', 'Innocent', 'Innocent', 'Innocent', 'Innocent', 'Innocent', 'Innocent', 'Innocent', 'Innocent', 'Innocent', 'Innocent', 'Innocent', 'Innocent', 'Innocent', 'Innocent', 'Innocent', 'Innocent', 'Innocent', 'Innocent', 'Innocent', 'Innocent', 'Innocent', 'Innocent', 'Innocent', 'Innocent', 'Innocent', 'Innocent', 'Innocent', 'Innocent', 'Innocent', 'Innocent', 'Innocent', 'Innocent', 'Innocent', 'Innocent', 'Innocent', 'Innocent', 'Innocent', 'Innocent', 'Innocent', 'Innocent', 'Innocent', 'Innocent', 'Innocent', 'Innocent', 'Innocent', 'Innocent', 'Innocent', 'Innocent', 'Innocent', 'Innocent', 'Innocent', 'Innocent', 'Innocent', 'Innocent', 'Innocent', 'Innocent', 'Innocent', 'Innocent', 'Innocent', 'Innocent', 'Innocent', 'Innocent', 'Innocent', 'Innocent', 'Innocent', 'Innocent', 'Innocent', 'Innocent', 'Innocent', 'Innocent', 'Innocent', 'Innocent', 'Innocent', 'Innocent', 'Innocent', 'Innocent', 'Innocent', 'Innocent', 'Innocent', 'Innocent', 'Innocent', 'Innocent', 'Innocent', 'Innocent', 'Innocent', 'Innocent', 'Innocent', 'Innocent', 'Innocent', 'Innocent', 'Innocent', 'Innocent', 'Innocent', 'Innocent', 'Innocent', 'Innocent', 'Innocent', 'Innocent', 'Innocent', 'Innocent', 'Innocent', 'Innocent', 'Innocent', 'Innocent', 'Innocent', 'Innocent', 'Innocent', 'Innocent', 'Innocent', 'Innocent', 'Innocent', 'Innocent', 'Innocent', 'Innocent', 'Innocent', 'Innocent', 'Innocent', 'Innocent', 'Innocent', 'Innocent', 'Innocent', 'Innocent', 'Innocent', 'Innocent', 'Innocent', 'Innocent', 'Innocent', 'Innocent', 'Innocent', 'Innocent', 'Innocent', 'Innocent', 'Innocent', 'Innocent', 'Innocent', 'Innocent', 'Innocent', 'Innocent', 'Innocent', 'Innocent', 'Innocent', 'Innocent', 'Innocent', 'Innocent', 'Innocent', 'Innocent', 'Innocent', 'Innocent', 'Innocent', 'Innocent', 'Innocent', 'Innocent', 'Innocent', 'Innocent', 'Innocent', 'Innocent', 'Innocent', 'Innocent', 'Innocent', 'Innocent', 'Innocent', 'Innocent', 'Innocent', 'Innocent', 'Innocent', 'Innocent', 'Innocent', 'Innocent', 'Innocent', 'Innocent', 'Innocent', 'Innocent', 'Innocent', 'Innocent', 'Innocent', 'Innocent', 'Innocent', 'Innocent', 'Innocent', 'Innocent', 'Innocent', 'Innocent', 'Innocent', 'Innocent', 'Innocent', 'Innocent', 'Innocent', 'Innocent', 'Innocent', 'Innocent', 'Innocent', 'Innocent', 'Innocent', 'Innocent', 'Innocent', 'Innocent', 'Innocent', 'Innocent', 'Innocent', 'Innocent', 'Innocent', 'Innocent', 'Innocent', 'Innocent', 'Innocent', 'Innocent', 'Innocent', 'Innocent', 'Innocent', 'Innocent', 'Innocent', 'Innocent', 'Innocent', 'Innocent', 'Innocent', 'Innocent', 'Innocent', 'Innocent', 'Innocent', 'Innocent', 'Innocent', 'Innocent', 'Innocent', 'Innocent', 'Innocent', 'Innocent', 'Innocent', 'Innocent', 'Innocent', 'Innocent', 'Innocent', 'Innocent', 'Innocent', 'Innocent', 'Innocent', 'Innocent', 'Innocent', 'Innocent', 'Innocent', 'Innocent', 'Innocent', 'Innocent', 'Innocent', 'Innocent', 'Innocent', 'Innocent', 'Innocent', 'Innocent', 'Innocent', 'Innocent', 'Innocent', 'Innocent', 'Innocent', 'Innocent', 'Innocent', 'Innocent', 'Innocent', 'Innocent', 'Innocent', 'Innocent', 'Innocent', 'Innocent', 'Innocent', 'Innocent', 'Innocent', 'Innocent', 'Innocent', 'Innocent', 'Innocent', 'Innocent', 'Innocent', 'Innocent', 'Innocent', 'Innocent', 'Innocent', 'Innocent', 'Innocent', 'Innocent', 'Innocent', 'Innocent', 'Innocent', 'Innocent', 'Innocent', 'Innocent', 'Innocent', 'Innocent', 'Innocent', 'Innocent', 'Innocent', 'Innocent', 'Innocent', 'Innocent', 'Innocent', 'Innocent', 'Innocent', 'Innocent', 'Innocent', 'Innocent', 'Innocent', 'Innocent', 'Innocent', 'Innocent', 'Innocent', 'Innocent', 'Innocent', 'Innocent', 'Innocent', 'Innocent', 'Innocent', 'Innocent', 'Innocent', 'Innocent', 'Innocent', 'Innocent', 'Innocent', 'Innocent', 'Innocent', 'Innocent', 'Innocent', 'Innocent', 'Innocent', 'Innocent', 'Innocent', 'Innocent', 'Innocent', 'Innocent', 'Innocent', 'Innocent', 'Innocent', 'Innocent', 'Innocent', 'Innocent', 'Innocent', 'Innocent', 'Innocent', 'Innocent', 'Innocent', 'Innocent', 'Innocent', 'Innocent', 'Innocent', 'Innocent', 'Innocent', 'Innocent', 'Innocent', 'Innocent', 'Innocent', 'Innocent', 'Innocent', 'Innocent', 'Innocent', 'Innocent', 'Innocent', 'Innocent', 'Innocent', 'Innocent', 'Innocent', 'Innocent', 'Innocent', 'Innocent', 'Innocent', 'Innocent', 'Innocent', 'Innocent', 'Innocent', 'Innocent', 'Innocent', 'Innocent', 'Innocent', 'Innocent', 'Innocent', 'Innocent', 'Innocent', 'Innocent', 'Innocent', 'Innocent', 'Innocent', 'Innocent', 'Innocent', 'Innocent', 'Innocent', 'Innocent', 'Innocent', 'Innocent', 'Innocent', 'Innocent', 'Innocent', 'Innocent', 'Innocent', 'Innocent', 'Innocent', 'Innocent', 'Innocent', 'Innocent', 'Innocent', 'Innocent', 'Innocent', 'Innocent', 'Innocent', 'Innocent', 'Innocent', 'Innocent', 'Innocent', 'Innocent', 'Innocent', 'Innocent', 'Innocent', 'Innocent', 'Innocent', 'Innocent', 'Innocent', 'Innocent', 'Innocent', 'Innocent', 'Innocent', 'Innocent', 'Innocent', 'Innocent', 'Innocent', 'Innocent', 'Innocent', 'Innocent', 'Innocent', 'Innocent', 'Innocent', 'Innocent', 'Innocent', 'Innocent', 'Innocent', 'Innocent', 'Innocent', 'Innocent', 'Innocent', 'Innocent', 'Innocent', 'Innocent', 'Innocent', 'Innocent', 'Innocent', 'Innocent', 'Innocent', 'Innocent', 'Innocent', 'Innocent', 'Innocent', 'Innocent', 'Innocent', 'Innocent', 'Innocent', 'Innocent', 'Innocent', 'Innocent', 'Innocent', 'Innocent', 'Innocent', 'Innocent', 'Innocent', 'Innocent', 'Innocent', 'Innocent', 'Innocent', 'Innocent', 'Innocent', 'Innocent', 'Innocent', 'Innocent', 'Innocent', 'Innocent', 'Innocent', 'Innocent', 'Innocent', 'Innocent', 'Innocent', 'Innocent', 'Innocent', 'Innocent', 'Innocent', 'Innocent', 'Innocent', 'Innocent', 'Innocent', 'Innocent', 'Innocent', 'Innocent', 'Innocent', 'Innocent', 'Innocent', 'Innocent', 'Innocent', 'Innocent', 'Innocent', 'Innocent', 'Innocent', 'Innocent', 'Innocent', 'Innocent', 'Innocent', 'Innocent', 'Innocent', 'Innocent', 'Innocent', 'Innocent', 'Innocent', 'Innocent', 'Innocent', 'Innocent', 'Innocent', 'Innocent', 'Innocent', 'Innocent', 'Innocent', 'Innocent', 'Innocent', 'Innocent', 'Innocent', 'Innocent', 'Innocent', 'Innocent', 'Innocent', 'Innocent', 'Innocent', 'Innocent', 'Innocent', 'Innocent', 'Innocent', 'Innocent', 'Innocent', 'Innocent', 'Innocent', 'Innocent', 'Innocent', 'Innocent', 'Innocent', 'Innocent', 'Innocent', 'Innocent', 'Innocent', 'Innocent', 'Innocent', 'Innocent', 'Innocent', 'Innocent', 'Innocent', 'Innocent', 'Innocent', 'Innocent', 'Innocent', 'Innocent', 'Innocent', 'Innocent', 'Innocent', 'Innocent', 'Innocent', 'Innocent', 'Innocent', 'Innocent', 'Innocent', 'Innocent', 'Innocent', 'Innocent', 'Innocent', 'Innocent', 'Innocent', 'Innocent', 'Innocent', 'Innocent', 'Innocent', 'Innocent', 'Innocent', 'Innocent', 'Innocent', 'Innocent', 'Innocent', 'Innocent', 'Innocent', 'Innocent', 'Innocent', 'Innocent', 'Innocent', 'Innocent', 'Innocent', 'Innocent', 'Innocent', 'Innocent', 'Innocent', 'Innocent', 'Innocent', 'Innocent', 'Innocent', 'Innocent', 'Innocent', 'Innocent', 'Innocent', 'Innocent', 'Innocent', 'Innocent', 'Innocent', 'Innocent', 'Innocent', 'Innocent', 'Innocent', 'Innocent', 'Innocent', 'Innocent', 'Innocent', 'Innocent', 'Innocent', 'Innocent', 'Innocent', 'Innocent', 'Innocent', 'Innocent', 'Innocent', 'Innocent', 'Innocent', 'Innocent', 'Innocent', 'Innocent', 'Innocent', 'Innocent', 'Innocent', 'Innocent', 'Innocent', 'Innocent', 'Innocent', 'Innocent', 'Innocent', 'Innocent', 'Innocent', 'Innocent', 'Innocent', 'Innocent', 'Innocent', 'Innocent', 'Innocent', 'Innocent', 'Innocent', 'Innocent', 'Innocent', 'Innocent', 'Innocent', 'Innocent', 'Innocent', 'Innocent', 'Innocent', 'Innocent', 'Innocent', 'Innocent', 'Innocent', 'Innocent', 'Innocent', 'Innocent', 'Innocent', 'Innocent', 'Innocent', 'Innocent', 'Innocent', 'Innocent', 'Innocent', 'Innocent', 'Innocent', 'Innocent', 'Innocent', 'Innocent', 'Innocent', 'Innocent', 'Innocent', 'Innocent', 'Innocent', 'Innocent', 'Innocent', 'Innocent', 'Innocent', 'Innocent', 'Innocent', 'Innocent', 'Innocent', 'Innocent', 'Innocent', 'Innocent', 'Innocent', 'Innocent', 'Innocent', 'Innocent', 'Innocent', 'Innocent', 'Innocent', 'Innocent', 'Innocent', 'Innocent', 'Innocent', 'Innocent', 'Innocent', 'Innocent', 'Innocent', 'Innocent', 'Innocent', 'Innocent', 'Innocent', 'Innocent', 'Innocent', 'Innocent', 'Innocent', 'Innocent', 'Innocent', 'Innocent', 'Innocent', 'Innocent', 'Innocent', 'Innocent', 'Innocent', 'Innocent', 'Innocent', 'Innocent', 'Innocent', 'Innocent', 'Innocent', 'Innocent', 'Innocent', 'Innocent', 'Innocent', 'Innocent', 'Innocent', 'Innocent', 'Innocent', 'Innocent', 'Innocent', 'Innocent', 'Innocent', 'Innocent', 'Innocent', 'Innocent', 'Innocent', 'Innocent', 'Innocent', 'Innocent', 'Innocent', 'Innocent', 'Innocent', 'Innocent', 'Innocent', 'Innocent', 'Innocent', 'Innocent', 'Innocent', 'Innocent', 'Innocent', 'Innocent', 'Innocent', 'Innocent', 'Innocent', 'Innocent', 'Innocent', 'Innocent', 'Innocent', 'Innocent', 'Innocent', 'Innocent', 'Innocent', 'Innocent', 'Innocent', 'Innocent', 'Innocent', 'Innocent', 'Innocent', 'Innocent', 'Innocent', 'Innocent', 'Innocent', 'Innocent', 'Innocent', 'Innocent', 'Innocent', 'Innocent', 'Innocent', 'Innocent', 'Innocent', 'Innocent', 'Innocent', 'Innocent', 'Innocent', 'Innocent', 'Innocent', 'Innocent', 'Innocent', 'Innocent', 'Innocent', 'Innocent', 'Innocent', 'Innocent', 'Innocent', 'Innocent', 'Innocent', 'Innocent', 'Innocent', 'Innocent', 'Innocent', 'Innocent', 'Innocent', 'Innocent', 'Innocent', 'Innocent', 'Innocent', 'Innocent', 'Innocent', 'Innocent', 'Innocent', 'Innocent', 'Innocent', 'Innocent', 'Innocent', 'Innocent', 'Innocent', 'Innocent', 'Innocent', 'Innocent', 'Innocent', 'Innocent', 'Innocent', 'Innocent', 'Innocent', 'Innocent', 'Innocent', 'Innocent', 'Innocent', 'Innocent', 'Innocent', 'Innocent', 'Innocent', 'Innocent', 'Innocent', 'Innocent', 'Innocent', 'Innocent', 'Innocent', 'Innocent', 'Innocent', 'Innocent', 'Innocent', 'Innocent', 'Innocent', 'Innocent', 'Innocent', 'Innocent', 'Innocent', 'Innocent', 'Innocent', 'Innocent', 'Innocent', 'Innocent', 'Innocent', 'Innocent', 'Innocent', 'Innocent', 'Innocent', 'Innocent', 'Innocent', 'Innocent', 'Innocent', 'Innocent', 'Innocent', 'Innocent', 'Innocent', 'Innocent', 'Innocent', 'Innocent', 'Innocent', 'Innocent', 'Innocent', 'Innocent', 'Innocent', 'Innocent', 'Innocent', 'Innocent', 'Innocent', 'Innocent', 'Innocent', 'Innocent', 'Innocent', 'Innocent', 'Innocent', 'Innocent', 'Innocent', 'Innocent', 'Innocent', 'Innocent', 'Innocent', 'Innocent', 'Innocent', 'Innocent', 'Innocent', 'Innocent', 'Innocent', 'Innocent', 'Innocent', 'Innocent', 'Innocent', 'Innocent', 'Innocent', 'Innocent', 'Innocent', 'Innocent', 'Innocent', 'Innocent', 'Innocent', 'Innocent', 'Innocent', 'Innocent', 'Innocent', 'Innocent', 'Innocent', 'Innocent', 'Innocent', 'Innocent', 'Innocent', 'Innocent', 'Innocent', 'Innocent', 'Innocent', 'Innocent', 'Innocent', 'Innocent', 'Innocent', 'Innocent', 'Innocent', 'Innocent', 'Innocent', 'Innocent', 'Innocent', 'Innocent', 'Innocent', 'Innocent', 'Innocent', 'Innocent', 'Innocent', 'Innocent', 'Innocent', 'Innocent', 'Innocent', 'Innocent', 'Innocent', 'Innocent', 'Innocent', 'Innocent', 'Innocent', 'Innocent', 'Innocent', 'Innocent', 'Innocent', 'Innocent', 'Innocent', 'Innocent', 'Innocent', 'Innocent', 'Innocent', 'Innocent', 'Innocent', 'Innocent', 'Innocent', 'Innocent', 'Innocent', 'Innocent', 'Innocent', 'Innocent', 'Innocent', 'Innocent', 'Innocent', 'Innocent', 'Innocent', 'Innocent', 'Innocent', 'Innocent', 'Innocent', 'Innocent', 'Innocent', 'Innocent', 'Innocent', 'Innocent', 'Innocent', 'Innocent', 'Innocent', 'Innocent', 'Innocent', 'Innocent', 'Innocent', 'Innocent', 'Innocent', 'Innocent', 'Innocent', 'Innocent', 'Innocent', 'Innocent', 'Innocent', 'Innocent', 'Innocent', 'Innocent', 'Innocent', 'Innocent', 'Innocent', 'Innocent', 'Innocent', 'Innocent', 'Innocent', 'Innocent', 'Innocent', 'Innocent', 'Innocent', 'Innocent', 'Innocent', 'Innocent', 'Innocent', 'Innocent', 'Innocent', 'Innocent', 'Innocent', 'Innocent', 'Innocent', 'Innocent', 'Innocent', 'Innocent', 'Innocent', 'Innocent', 'Innocent', 'Innocent', 'Innocent', 'Innocent', 'Innocent', 'Innocent', 'Innocent', 'Innocent', 'Innocent', 'Innocent', 'Innocent', 'Innocent', 'Innocent', 'Innocent', 'Innocent', 'Innocent', 'Innocent', 'Innocent', 'Innocent', 'Innocent', 'Innocent', 'Innocent', 'Innocent', 'Innocent', 'Innocent', 'Innocent', 'Innocent', 'Innocent', 'Innocent', 'Innocent', 'Innocent', 'Innocent', 'Innocent', 'Innocent', 'Innocent', 'Innocent', 'Innocent', 'Innocent', 'Innocent', 'Innocent', 'Innocent', 'Innocent', 'Innocent', 'Innocent', 'Innocent', 'Innocent', 'Innocent', 'Innocent', 'Innocent', 'Innocent', 'Innocent', 'Innocent', 'Innocent', 'Innocent', 'Innocent', 'Innocent', 'Innocent', 'Innocent', 'Innocent', 'Innocent', 'Innocent', 'Innocent', 'Innocent', 'Innocent', 'Innocent', 'Innocent', 'Innocent', 'Innocent', 'Innocent', 'Innocent', 'Innocent', 'Innocent', 'Innocent', 'Innocent', 'Innocent', 'Innocent', 'Innocent', 'Innocent', 'Innocent', 'Innocent', 'Innocent', 'Innocent', 'Innocent', 'Innocent', 'Innocent', 'Innocent', 'Innocent', 'Innocent', 'Innocent', 'Innocent', 'Innocent', 'Innocent', 'Innocent', 'Innocent', 'Innocent', 'Innocent', 'Innocent', 'Innocent', 'Innocent', 'Innocent', 'Innocent', 'Innocent', 'Innocent', 'Innocent', 'Innocent', 'Innocent', 'Innocent', 'Innocent', 'Innocent', 'Innocent', 'Innocent', 'Innocent', 'Innocent', 'Innocent', 'Innocent', 'Innocent', 'Innocent', 'Innocent', 'Innocent', 'Innocent', 'Innocent', 'Innocent', 'Innocent', 'Innocent', 'Innocent', 'Innocent', 'Innocent', 'Innocent', 'Innocent', 'Innocent', 'Innocent', 'Innocent', 'Innocent', 'Innocent', 'Innocent', 'Innocent', 'Innocent', 'Innocent', 'Innocent', 'Innocent', 'Innocent', 'Innocent', 'Innocent', 'Innocent', 'Innocent', 'Innocent', 'Innocent', 'Innocent', 'Innocent', 'Innocent', 'Innocent', 'Innocent', 'Innocent', 'Innocent', 'Innocent', 'Innocent', 'Innocent', 'Innocent', 'Innocent', 'Innocent', 'Innocent', 'Innocent', 'Innocent', 'Innocent', 'Innocent', 'Innocent', 'Innocent', 'Innocent', 'Innocent', 'Innocent', 'Innocent', 'Innocent', 'Innocent', 'Innocent', 'Innocent', 'Innocent', 'Innocent', 'Innocent', 'Innocent', 'Innocent', 'Innocent', 'Innocent', 'Innocent', 'Innocent', 'Innocent', 'Innocent', 'Innocent', 'Innocent', 'Innocent', 'Innocent', 'Innocent', 'Innocent', 'Innocent', 'Innocent', 'Innocent', 'Innocent', 'Innocent', 'Innocent', 'Innocent', 'Innocent', 'Innocent', 'Innocent', 'Innocent', 'Innocent', 'Innocent', 'Innocent', 'Innocent', 'Innocent', 'Innocent', 'Innocent', 'Innocent', 'Innocent', 'Innocent', 'Innocent', 'Innocent', 'Innocent', 'Innocent', 'Innocent', 'Innocent', 'Innocent', 'Innocent', 'Innocent', 'Innocent', 'Innocent', 'Innocent', 'Innocent', 'Innocent', 'Innocent', 'Innocent', 'Innocent', 'Innocent', 'Innocent', 'Innocent', 'Innocent', 'Innocent', 'Innocent', 'Innocent', 'Innocent', 'Innocent', 'Innocent', 'Innocent', 'Innocent', 'Innocent', 'Innocent', 'Innocent', 'Innocent', 'Innocent', 'Innocent', 'Innocent', 'Innocent', 'Innocent', 'Innocent', 'Innocent', 'Innocent', 'Innocent', 'Innocent', 'Innocent', 'Innocent', 'Innocent', 'Innocent', 'Innocent', 'Innocent', 'Innocent', 'Innocent', 'Innocent', 'Innocent', 'Innocent', 'Innocent', 'Innocent', 'Innocent', 'Innocent', 'Innocent', 'Innocent', 'Innocent', 'Innocent', 'Innocent', 'Innocent', 'Innocent', 'Innocent', 'Innocent', 'Innocent', 'Innocent', 'Innocent', 'Innocent', 'Innocent', 'Innocent', 'Innocent', 'Innocent', 'Innocent', 'Innocent', 'Innocent', 'Innocent', 'Innocent', 'Innocent', 'Innocent', 'Innocent', 'Innocent', 'Innocent', 'Innocent', 'Innocent', 'Innocent', 'Innocent', 'Innocent', 'Innocent', 'Innocent', 'Innocent', 'Innocent', 'Innocent', 'Innocent', 'Innocent', 'Innocent', 'Innocent', 'Innocent', 'Innocent', 'Innocent', 'Innocent', 'Innocent', 'Innocent', 'Innocent', 'Innocent', 'Innocent', 'Innocent', 'Innocent', 'Innocent', 'Innocent', 'Innocent', 'Innocent', 'Innocent', 'Innocent', 'Innocent', 'Innocent', 'Innocent', 'Innocent', 'Innocent', 'Innocent', 'Innocent', 'Innocent', 'Innocent', 'Innocent', 'Innocent', 'Innocent', 'Innocent', 'Innocent', 'Innocent', 'Innocent', 'Innocent', 'Innocent', 'Innocent', 'Innocent', 'Innocent', 'Innocent', 'Innocent', 'Innocent', 'Innocent', 'Innocent', 'Innocent', 'Innocent', 'Innocent', 'Innocent', 'Innocent', 'Innocent', 'Innocent', 'Innocent', 'Innocent', 'Innocent', 'Innocent', 'Innocent', 'Innocent', 'Innocent', 'Innocent', 'Innocent', 'Innocent', 'Innocent', 'Innocent', 'Innocent', 'Innocent', 'Innocent', 'Innocent', 'Innocent', 'Innocent', 'Innocent', 'Innocent', 'Innocent', 'Innocent', 'Innocent', 'Innocent', 'Innocent', 'Innocent', 'Innocent', 'Innocent', 'Innocent', 'Innocent', 'Innocent', 'Innocent', 'Innocent', 'Innocent', 'Innocent', 'Innocent', 'Innocent', 'Innocent', 'Innocent', 'Innocent', 'Innocent', 'Innocent', 'Innocent', 'Innocent', 'Innocent', 'Innocent', 'Innocent', 'Innocent', 'Innocent', 'Innocent', 'Innocent', 'Innocent', 'Innocent', 'Innocent', 'Innocent', 'Innocent', 'Innocent', 'Innocent', 'Innocent', 'Innocent', 'Innocent', 'Innocent', 'Innocent', 'Innocent', 'Innocent', 'Innocent', 'Innocent', 'Innocent', 'Innocent', 'Innocent', 'Innocent', 'Innocent', 'Innocent', 'Innocent', 'Innocent', 'Innocent', 'Innocent', 'Innocent', 'Innocent', 'Innocent', 'Innocent', 'Innocent', 'Innocent', 'Innocent', 'Innocent', 'Innocent', 'Innocent', 'Innocent', 'Innocent', 'Innocent', 'Innocent', 'Innocent', 'Innocent', 'Innocent', 'Innocent', 'Innocent', 'Innocent', 'Innocent', 'Innocent', 'Innocent', 'Innocent', 'Innocent', 'Innocent', 'Innocent', 'Innocent', 'Innocent', 'Innocent', 'Innocent', 'Innocent', 'Innocent', 'Innocent', 'Innocent', 'Innocent', 'Innocent', 'Innocent', 'Innocent', 'Innocent', 'Innocent', 'Innocent', 'Innocent', 'Innocent', 'Innocent', 'Innocent', 'Innocent', 'Innocent', 'Innocent', 'Innocent', 'Innocent', 'Innocent', 'Innocent', 'Innocent', 'Innocent', 'Innocent', 'Innocent', 'Innocent', 'Innocent', 'Innocent', 'Innocent', 'Innocent', 'Innocent', 'Innocent', 'Innocent', 'Innocent', 'Innocent', 'Innocent', 'Innocent', 'Innocent', 'Innocent', 'Innocent', 'Innocent', 'Innocent', 'Innocent', 'Innocent', 'Innocent', 'Innocent', 'Innocent', 'Innocent', 'Innocent', 'Innocent', 'Innocent', 'Innocent', 'Innocent', 'Innocent', 'Innocent', 'Innocent', 'Innocent', 'Innocent', 'Innocent', 'Innocent', 'Innocent', 'Innocent', 'Innocent', 'Innocent', 'Innocent', 'Innocent', 'Innocent', 'Innocent', 'Innocent', 'Innocent', 'Innocent', 'Innocent', 'Innocent', 'Innocent', 'Innocent', 'Innocent', 'Innocent', 'Innocent', 'Innocent', 'Innocent', 'Innocent', 'Innocent', 'Innocent', 'Innocent', 'Innocent', 'Innocent', 'Innocent', 'Innocent', 'Innocent', 'Innocent', 'Innocent', 'Innocent', 'Innocent', 'Innocent', 'Innocent', 'Innocent', 'Innocent', 'Innocent', 'Innocent', 'Innocent', 'Innocent', 'Innocent', 'Innocent', 'Innocent', 'Innocent', 'Innocent', 'Innocent', 'Innocent', 'Innocent', 'Innocent', 'Innocent', 'Innocent', 'Innocent', 'Innocent', 'Innocent', 'Innocent', 'Innocent', 'Innocent', 'Innocent', 'Innocent', 'Innocent', 'Innocent', 'Innocent', 'Innocent', 'Innocent', 'Innocent', 'Innocent', 'Innocent', 'Innocent', 'Innocent', 'Innocent', 'Innocent', 'Innocent', 'Innocent', 'Innocent', 'Innocent', 'Innocent', 'Innocent', 'Innocent', 'Innocent', 'Innocent', 'Innocent', 'Innocent', 'Innocent', 'Innocent', 'Innocent', 'Innocent', 'Innocent', 'Innocent', 'Innocent', 'Innocent', 'Innocent', 'Innocent', 'Innocent', 'Innocent', 'Innocent', 'Innocent', 'Innocent', 'Innocent', 'Innocent', 'Innocent', 'Innocent', 'Innocent', 'Innocent', 'Innocent', 'Innocent', 'Innocent', 'Innocent', 'Innocent', 'Innocent', 'Innocent', 'Innocent', 'Innocent', 'Innocent', 'Innocent', 'Innocent', 'Innocent', 'Innocent', 'Innocent', 'Innocent', 'Innocent', 'Innocent', 'Innocent', 'Innocent', 'Innocent', 'Innocent', 'Innocent', 'Innocent', 'Innocent', 'Innocent', 'Innocent', 'Innocent', 'Innocent', 'Innocent', 'Innocent', 'Innocent', 'Innocent', 'Innocent', 'Innocent', 'Innocent', 'Innocent', 'Innocent', 'Innocent', 'Innocent', 'Innocent', 'Innocent', 'Innocent', 'Innocent', 'Innocent', 'Innocent', 'Innocent', 'Innocent', 'Innocent', 'Innocent', 'Innocent', 'Innocent', 'Innocent', 'Innocent', 'Innocent', 'Innocent', 'Innocent', 'Innocent', 'Innocent', 'Innocent', 'Innocent', 'Innocent', 'Innocent', 'Innocent', 'Innocent', 'Innocent', 'Innocent', 'Innocent', 'Innocent', 'Innocent', 'Innocent', 'Innocent', 'Innocent', 'Innocent', 'Innocent', 'Innocent', 'Innocent', 'Innocent', 'Innocent', 'Innocent', 'Innocent', 'Innocent', 'Innocent', 'Innocent', 'Innocent', 'Innocent', 'Innocent', 'Innocent', 'Innocent', 'Innocent', 'Innocent', 'Innocent', 'Innocent', 'Innocent', 'Innocent', 'Innocent', 'Innocent', 'Innocent', 'Innocent', 'Innocent', 'Innocent', 'Innocent', 'Innocent', 'Innocent', 'Innocent', 'Innocent', 'Innocent', 'Innocent', 'Innocent', 'Innocent', 'Innocent', 'Innocent', 'Innocent', 'Innocent', 'Innocent', 'Innocent', 'Innocent', 'Innocent', 'Innocent', 'Innocent', 'Innocent', 'Innocent', 'Innocent', 'Innocent', 'Innocent', 'Innocent', 'Innocent', 'Innocent', 'Innocent', 'Innocent', 'Innocent', 'Innocent', 'Innocent', 'Innocent', 'Innocent', 'Innocent', 'Innocent', 'Innocent', 'Innocent', 'Innocent', 'Innocent', 'Innocent', 'Innocent', 'Innocent', 'Innocent', 'Innocent', 'Innocent', 'Innocent', 'Innocent', 'Innocent', 'Innocent', 'Innocent', 'Innocent', 'Innocent', 'Innocent', 'Innocent', 'Innocent', 'Innocent', 'Innocent', 'Innocent', 'Innocent', 'Innocent', 'Innocent', 'Innocent', 'Innocent', 'Innocent', 'Innocent', 'Innocent', 'Innocent', 'Innocent', 'Innocent', 'Innocent', 'Innocent', 'Innocent', 'Innocent', 'Innocent', 'Innocent', 'Innocent', 'Innocent', 'Innocent', 'Innocent', 'Innocent', 'Innocent', 'Innocent', 'Innocent', 'Innocent', 'Innocent', 'Innocent', 'Innocent', 'Innocent', 'Innocent', 'Innocent', 'Innocent', 'Innocent', 'Innocent', 'Innocent', 'Innocent', 'Innocent', 'Innocent', 'Innocent', 'Innocent', 'Innocent', 'Innocent', 'Innocent', 'Innocent', 'Innocent', 'Innocent', 'Innocent', 'Innocent', 'Innocent', 'Innocent', 'Innocent', 'Innocent', 'Innocent', 'Innocent', 'Innocent', 'Innocent', 'Innocent', 'Innocent', 'Innocent', 'Innocent', 'Innocent', 'Innocent', 'Innocent', 'Innocent', 'Innocent', 'Innocent', 'Innocent', 'Innocent', 'Innocent', 'Innocent', 'Innocent', 'Innocent', 'Innocent', 'Innocent', 'Innocent', 'Innocent', 'Innocent', 'Innocent', 'Innocent', 'Innocent', 'Innocent', 'Innocent', 'Innocent', 'Innocent', 'Innocent', 'Innocent', 'Innocent', 'Innocent', 'Innocent', 'Innocent', 'Innocent', 'Innocent', 'Innocent', 'Innocent', 'Innocent', 'Innocent', 'Innocent', 'Innocent', 'Innocent', 'Innocent', 'Innocent', 'Innocent', 'Innocent', 'Innocent', 'Innocent', 'Innocent', 'Innocent', 'Innocent', 'Innocent', 'Innocent', 'Innocent', 'Innocent', 'Innocent', 'Innocent', 'Innocent', 'Innocent', 'Innocent', 'Innocent', 'Innocent', 'Innocent', 'Innocent', 'Innocent', 'Innocent', 'Innocent', 'Innocent', 'Innocent', 'Innocent', 'Innocent', 'Innocent', 'Innocent', 'Innocent', 'Innocent', 'Innocent', 'Innocent', 'Innocent', 'Innocent', 'Innocent', 'Innocent', 'Innocent', 'Innocent', 'Innocent', 'Innocent', 'Innocent', 'Innocent', 'Innocent', 'Innocent', 'Innocent', 'Innocent', 'Innocent', 'Innocent', 'Innocent', 'Innocent', 'Innocent', 'Innocent', 'Innocent', 'Innocent', 'Innocent', 'Innocent', 'Innocent', 'Innocent', 'Innocent', 'Innocent', 'Innocent', 'Innocent', 'Innocent', 'Innocent', 'Innocent', 'Innocent', 'Innocent', 'Innocent', 'Innocent', 'Innocent', 'Innocent', 'Innocent', 'Innocent', 'Innocent', 'Innocent', 'Innocent', 'Innocent', 'Innocent', 'Innocent', 'Innocent', 'Innocent', 'Innocent', 'Innocent', 'Innocent', 'Innocent', 'Innocent', 'Innocent', 'Innocent', 'Innocent', 'Innocent', 'Innocent', 'Innocent', 'Innocent', 'Innocent', 'Innocent', 'Innocent', 'Innocent', 'Innocent', 'Innocent', 'Innocent', 'Innocent', 'Innocent', 'Innocent', 'Innocent', 'Innocent', 'Innocent', 'Innocent', 'Innocent', 'Innocent', 'Innocent', 'Innocent', 'Innocent', 'Innocent', 'Innocent', 'Innocent', 'Innocent', 'Innocent', 'Innocent', 'Innocent', 'Innocent', 'Innocent', 'Innocent', 'Innocent', 'Innocent', 'Innocent', 'Innocent', 'Innocent', 'Innocent', 'Innocent', 'Innocent', 'Innocent', 'Innocent', 'Innocent', 'Innocent', 'Innocent', 'Innocent', 'Innocent', 'Innocent', 'Innocent', 'Innocent', 'Innocent', 'Innocent', 'Innocent', 'Innocent', 'Innocent', 'Innocent', 'Innocent', 'Innocent', 'Innocent', 'Innocent', 'Innocent', 'Innocent', 'Innocent', 'Innocent', 'Innocent', 'Innocent', 'Innocent', 'Innocent', 'Innocent', 'Innocent', 'Innocent', 'Innocent', 'Innocent', 'Innocent', 'Innocent', 'Innocent', 'Innocent', 'Innocent', 'Innocent', 'Innocent', 'Innocent', 'Innocent', 'Innocent', 'Innocent', 'Innocent', 'Innocent', 'Innocent', 'Innocent', 'Innocent', 'Innocent', 'Innocent', 'Innocent', 'Innocent', 'Innocent', 'Innocent', 'Innocent', 'Innocent', 'Innocent', 'Innocent', 'Innocent', 'Innocent', 'Innocent', 'Innocent', 'Innocent', 'Innocent', 'Innocent', 'Innocent', 'Innocent', 'Innocent', 'Innocent', 'Innocent', 'Innocent', 'Innocent', 'Innocent', 'Innocent', 'Innocent', 'Innocent', 'Innocent', 'Innocent', 'Innocent', 'Innocent', 'Innocent', 'Innocent', 'Innocent', 'Innocent', 'Innocent', 'Innocent', 'Innocent', 'Innocent', 'Innocent', 'Innocent', 'Innocent', 'Innocent', 'Innocent', 'Innocent', 'Innocent', 'Innocent', 'Innocent', 'Innocent', 'Innocent', 'Innocent', 'Innocent', 'Innocent', 'Innocent', 'Innocent', 'Innocent', 'Innocent', 'Innocent', 'Innocent', 'Innocent', 'Innocent', 'Innocent', 'Innocent', 'Innocent', 'Innocent', 'Innocent', 'Innocent', 'Innocent', 'Innocent', 'Innocent', 'Innocent', 'Innocent', 'Innocent', 'Innocent', 'Innocent', 'Innocent', 'Innocent', 'Innocent', 'Innocent', 'Innocent', 'Innocent', 'Innocent', 'Innocent', 'Innocent', 'Innocent', 'Innocent', 'Innocent', 'Innocent', 'Innocent', 'Innocent', 'Innocent', 'Innocent', 'Innocent', 'Innocent', 'Innocent', 'Innocent', 'Innocent', 'Innocent', 'Innocent', 'Innocent', 'Innocent', 'Innocent', 'Innocent', 'Innocent', 'Innocent', 'Innocent', 'Innocent', 'Innocent', 'Innocent', 'Innocent', 'Innocent', 'Innocent', 'Innocent', 'Innocent', 'Innocent', 'Innocent', 'Innocent', 'Innocent', 'Innocent', 'Innocent', 'Innocent', 'Innocent', 'Innocent', 'Innocent', 'Innocent', 'Innocent', 'Innocent', 'Innocent', 'Innocent', 'Innocent', 'Innocent', 'Innocent', 'Innocent', 'Innocent', 'Innocent', 'Innocent', 'Innocent', 'Innocent', 'Innocent', 'Innocent', 'Innocent', 'Innocent', 'Innocent', 'Innocent', 'Innocent', 'Innocent', 'Innocent', 'Innocent', 'Innocent', 'Innocent', 'Innocent', 'Innocent', 'Innocent', 'Innocent', 'Innocent', 'Innocent', 'Innocent', 'Innocent', 'Innocent', 'Innocent', 'Innocent', 'Innocent', 'Innocent', 'Innocent', 'Innocent', 'Innocent', 'Innocent', 'Innocent', 'Innocent', 'Innocent', 'Innocent', 'Innocent', 'Innocent', 'Innocent', 'Innocent', 'Innocent', 'Innocent', 'Innocent', 'Innocent', 'Innocent', 'Innocent', 'Innocent', 'Innocent', 'Innocent', 'Innocent', 'Innocent', 'Innocent', 'Innocent', 'Innocent', 'Innocent', 'Innocent', 'Innocent', 'Innocent', 'Innocent', 'Innocent', 'Innocent', 'Innocent', 'Innocent', 'Innocent', 'Innocent', 'Innocent', 'Innocent', 'Innocent', 'Innocent', 'Innocent', 'Innocent', 'Innocent', 'Innocent', 'Innocent', 'Innocent', 'Innocent', 'Innocent', 'Innocent', 'Innocent', 'Innocent', 'Innocent', 'Innocent', 'Innocent', 'Innocent', 'Innocent', 'Innocent', 'Innocent', 'Innocent', 'Innocent', 'Innocent', 'Innocent', 'Innocent', 'Innocent', 'Innocent', 'Innocent', 'Innocent', 'Innocent', 'Innocent', 'Innocent', 'Innocent', 'Innocent', 'Innocent', 'Innocent', 'Innocent', 'Innocent', 'Innocent', 'Innocent', 'Innocent', 'Innocent', 'Innocent', 'Innocent', 'Innocent', 'Innocent', 'Innocent', 'Innocent', 'Innocent', 'Innocent', 'Innocent', 'Innocent', 'Innocent', 'Innocent', 'Innocent', 'Innocent', 'Innocent', 'Innocent', 'Innocent', 'Innocent', 'Innocent', 'Innocent', 'Innocent', 'Innocent', 'Innocent', 'Innocent', 'Innocent', 'Innocent', 'Innocent', 'Innocent', 'Innocent', 'Innocent', 'Innocent', 'Innocent', 'Innocent', 'Innocent', 'Innocent', 'Innocent', 'Innocent', 'Innocent', 'Innocent', 'Innocent', 'Innocent', 'Innocent', 'Innocent', 'Innocent', 'Innocent', 'Innocent', 'Innocent', 'Innocent', 'Innocent', 'Innocent', 'Innocent', 'Innocent', 'Innocent', 'Innocent', 'Innocent', 'Innocent', 'Innocent', 'Innocent', 'Innocent', 'Innocent', 'Innocent', 'Innocent', 'Innocent', 'Innocent', 'Innocent', 'Innocent', 'Innocent', 'Innocent', 'Innocent', 'Innocent', 'Innocent', 'Innocent', 'Innocent', 'Innocent', 'Innocent', 'Innocent', 'Innocent', 'Innocent', 'Innocent', 'Innocent', 'Innocent', 'Innocent', 'Innocent', 'Innocent', 'Innocent', 'Innocent', 'Innocent', 'Innocent', 'Innocent', 'Innocent', 'Innocent', 'Innocent', 'Innocent', 'Innocent', 'Innocent', 'Innocent', 'Innocent', 'Innocent', 'Innocent', 'Innocent', 'Innocent', 'Innocent', 'Innocent', 'Innocent', 'Innocent', 'Innocent', 'Innocent', 'Innocent', 'Innocent', 'Innocent', 'Innocent', 'Innocent', 'Innocent', 'Innocent', 'Innocent', 'Innocent', 'Innocent', 'Innocent', 'Innocent', 'Innocent', 'Innocent', 'Innocent', 'Innocent', 'Innocent', 'Innocent', 'Innocent', 'Innocent', 'Innocent', 'Innocent', 'Innocent', 'Innocent', 'Innocent', 'Innocent', 'Innocent', 'Innocent', 'Innocent', 'Innocent', 'Innocent', 'Innocent', 'Innocent', 'Innocent', 'Innocent', 'Innocent', 'Innocent', 'Innocent', 'Innocent', 'Innocent', 'Innocent', 'Innocent', 'Innocent', 'Innocent', 'Innocent', 'Innocent', 'Innocent', 'Innocent', 'Innocent', 'Innocent', 'Innocent', 'Innocent', 'Innocent', 'Innocent', 'Innocent', 'Innocent', 'Innocent', 'Innocent', 'Innocent', 'Innocent', 'Innocent', 'Innocent', 'Innocent', 'Innocent', 'Innocent', 'Innocent', 'Innocent', 'Innocent', 'Innocent', 'Innocent', 'Innocent', 'Innocent', 'Innocent', 'Innocent', 'Innocent', 'Innocent', 'Innocent', 'Innocent', 'Innocent', 'Innocent', 'Innocent', 'Innocent', 'Innocent', 'Innocent', 'Innocent', 'Innocent', 'Innocent', 'Innocent', 'Innocent', 'Innocent', 'Innocent', 'Innocent', 'Innocent', 'Innocent', 'Innocent', 'Innocent', 'Innocent', 'Innocent', 'Innocent', 'Innocent', 'Innocent', 'Innocent', 'Innocent', 'Innocent', 'Innocent', 'Innocent', 'Innocent', 'Innocent', 'Innocent', 'Innocent', 'Innocent', 'Innocent', 'Innocent', 'Innocent', 'Innocent', 'Innocent', 'Innocent', 'Innocent', 'Innocent', 'Innocent', 'Innocent', 'Innocent', 'Innocent', 'Innocent', 'Innocent', 'Innocent', 'Innocent', 'Innocent', 'Innocent', 'Innocent', 'Innocent', 'Innocent', 'Innocent', 'Innocent', 'Innocent', 'Innocent', 'Innocent', 'Innocent', 'Innocent', 'Innocent', 'Innocent', 'Innocent', 'Innocent', 'Innocent', 'Innocent', 'Innocent', 'Innocent', 'Innocent', 'Innocent', 'Innocent', 'Innocent', 'Innocent', 'Innocent', 'Innocent', 'Innocent', 'Innocent', 'Innocent', 'Innocent', 'Innocent', 'Innocent', 'Innocent', 'Innocent', 'Innocent', 'Innocent', 'Innocent', 'Innocent', 'Innocent', 'Innocent', 'Innocent', 'Innocent', 'Innocent', 'Innocent', 'Innocent', 'Innocent', 'Innocent', 'Innocent', 'Innocent', 'Innocent', 'Innocent', 'Innocent', 'Innocent', 'Innocent', 'Innocent', 'Innocent', 'Innocent', 'Innocent', 'Innocent', 'Innocent', 'Innocent', 'Innocent', 'Innocent', 'Innocent', 'Innocent', 'Innocent', 'Innocent', 'Innocent', 'Innocent', 'Innocent', 'Innocent', 'Innocent', 'Innocent', 'Innocent', 'Innocent', 'Innocent', 'Innocent', 'Innocent', 'Innocent', 'Innocent', 'Innocent', 'Innocent', 'Innocent', 'Innocent', 'Innocent', 'Innocent', 'Innocent', 'Innocent', 'Innocent', 'Innocent', 'Innocent', 'Innocent', 'Innocent', 'Innocent', 'Innocent', 'Innocent', 'Innocent', 'Innocent', 'Innocent', 'Innocent', 'Innocent', 'Innocent', 'Innocent', 'Innocent', 'Innocent', 'Innocent', 'Innocent', 'Innocent', 'Innocent', 'Innocent', 'Innocent', 'Innocent', 'Innocent', 'Innocent', 'Innocent', 'Innocent', 'Innocent', 'Innocent', 'Innocent', 'Innocent', 'Innocent', 'Innocent', 'Innocent', 'Innocent', 'Innocent', 'Innocent', 'Innocent', 'Innocent', 'Innocent', 'Innocent', 'Innocent', 'Innocent', 'Innocent', 'Innocent', 'Innocent', 'Innocent', 'Innocent', 'Innocent', 'Innocent', 'Innocent', 'Innocent', 'Innocent', 'Innocent', 'Innocent', 'Innocent', 'Innocent', 'Innocent', 'Innocent', 'Innocent', 'Innocent', 'Innocent', 'Innocent', 'Innocent', 'Innocent', 'Innocent', 'Innocent', 'Innocent', 'Innocent', 'Innocent', 'Innocent', 'Innocent', 'Innocent', 'Innocent', 'Innocent', 'Innocent', 'Innocent', 'Innocent', 'Innocent', 'Innocent', 'Innocent', 'Innocent', 'Innocent', 'Innocent', 'Innocent', 'Innocent', 'Innocent', 'Innocent', 'Innocent', 'Innocent', 'Innocent', 'Innocent', 'Innocent', 'Innocent', 'Innocent', 'Innocent', 'Innocent', 'Innocent', 'Innocent', 'Innocent', 'Innocent', 'Innocent', 'Innocent', 'Innocent', 'Innocent', 'Innocent', 'Innocent', 'Innocent', 'Innocent', 'Innocent', 'Innocent', 'Innocent', 'Innocent', 'Innocent', 'Innocent', 'Innocent', 'Innocent', 'Innocent', 'Innocent', 'Innocent', 'Innocent', 'Innocent', 'Innocent', 'Innocent', 'Innocent', 'Innocent', 'Innocent', 'Innocent', 'Innocent', 'Innocent', 'Innocent', 'Innocent', 'Innocent', 'Innocent', 'Innocent', 'Innocent', 'Innocent', 'Innocent', 'Innocent', 'Innocent', 'Innocent', 'Innocent', 'Innocent', 'Innocent', 'Innocent', 'Innocent', 'Innocent', 'Innocent', 'Innocent', 'Innocent', 'Innocent', 'Innocent', 'Innocent', 'Innocent', 'Innocent', 'Innocent', 'Innocent', 'Innocent', 'Innocent', 'Innocent', 'Innocent', 'Innocent', 'Innocent', 'Innocent', 'Innocent', 'Innocent', 'Innocent', 'Innocent', 'Innocent', 'Innocent', 'Innocent', 'Innocent', 'Innocent', 'Innocent', 'Innocent', 'Innocent', 'Innocent', 'Innocent', 'Innocent', 'Innocent', 'Innocent', 'Innocent', 'Innocent', 'Innocent', 'Innocent', 'Innocent', 'Innocent', 'Innocent', 'Innocent', 'Innocent', 'Innocent', 'Innocent', 'Innocent', 'Innocent', 'Innocent', 'Innocent', 'Innocent', 'Innocent', 'Innocent', 'Innocent', 'Innocent', 'Innocent', 'Innocent', 'Innocent', 'Innocent', 'Innocent', 'Innocent', 'Innocent', 'Innocent', 'Innocent', 'Innocent', 'Innocent', 'Innocent', 'Innocent', 'Innocent', 'Innocent', 'Innocent', 'Innocent', 'Innocent', 'Innocent', 'Innocent', 'Innocent', 'Innocent', 'Innocent', 'Innocent', 'Innocent', 'Innocent', 'Innocent', 'Innocent', 'Innocent', 'Innocent', 'Innocent', 'Innocent', 'Innocent', 'Innocent', 'Innocent', 'Innocent', 'Innocent', 'Innocent', 'Innocent', 'Innocent', 'Innocent', 'Innocent', 'Innocent', 'Innocent', 'Innocent', 'Innocent', 'Innocent', 'Innocent', 'Innocent', 'Innocent', 'Innocent', 'Innocent', 'Innocent', 'Innocent', 'Innocent', 'Innocent', 'Innocent', 'Innocent', 'Innocent', 'Innocent', 'Innocent', 'Innocent', 'Innocent', 'Innocent', 'Innocent', 'Innocent', 'Innocent', 'Innocent', 'Innocent', 'Innocent', 'Innocent', 'Innocent', 'Innocent', 'Innocent', 'Innocent', 'Innocent', 'Innocent', 'Innocent', 'Innocent', 'Innocent', 'Innocent', 'Innocent', 'Innocent', 'Innocent', 'Innocent', 'Innocent', 'Innocent', 'Innocent', 'Innocent', 'Innocent', 'Innocent', 'Innocent', 'Innocent', 'Innocent', 'Innocent', 'Innocent', 'Innocent', 'Innocent', 'Innocent', 'Innocent', 'Innocent', 'Innocent', 'Innocent', 'Innocent', 'Innocent', 'Innocent', 'Innocent', 'Innocent', 'Innocent', 'Innocent', 'Innocent', 'Innocent', 'Innocent', 'Innocent', 'Innocent', 'Innocent', 'Innocent', 'Innocent', 'Innocent', 'Innocent', 'Innocent', 'Innocent', 'Innocent', 'Innocent', 'Innocent', 'Innocent', 'Innocent', 'Innocent', 'Innocent', 'Innocent', 'Innocent', 'Innocent', 'Innocent', 'Innocent', 'Innocent', 'Innocent', 'Innocent', 'Innocent', 'Innocent', 'Innocent', 'Innocent', 'Innocent', 'Innocent', 'Innocent', 'Innocent', 'Innocent', 'Innocent', 'Innocent', 'Innocent', 'Innocent', 'Innocent', 'Innocent', 'Innocent', 'Innocent', 'Innocent', 'Innocent', 'Innocent', 'Innocent', 'Innocent', 'Innocent', 'Innocent', 'Innocent', 'Innocent', 'Innocent', 'Innocent', 'Innocent', 'Innocent', 'Innocent', 'Innocent', 'Innocent', 'Innocent', 'Innocent', 'Innocent', 'Innocent', 'Innocent', 'Innocent', 'Innocent', 'Innocent', 'Innocent', 'Innocent', 'Innocent', 'Innocent', 'Innocent', 'Innocent', 'Innocent', 'Innocent', 'Innocent', 'Innocent', 'Innocent', 'Innocent', 'Innocent', 'Innocent', 'Innocent', 'Innocent', 'Innocent', 'Innocent', 'Innocent', 'Innocent', 'Innocent', 'Innocent', 'Innocent', 'Innocent', 'Innocent', 'Innocent', 'Innocent', 'Innocent', 'Innocent', 'Innocent', 'Innocent', 'Innocent', 'Innocent', 'Innocent', 'Innocent', 'Innocent', 'Innocent', 'Innocent', 'Innocent', 'Innocent', 'Innocent', 'Innocent', 'Innocent', 'Innocent', 'Innocent', 'Innocent', 'Innocent', 'Innocent', 'Innocent', 'Innocent', 'Innocent', 'Innocent', 'Innocent', 'Innocent', 'Innocent', 'Innocent', 'Innocent', 'Innocent', 'Innocent', 'Innocent', 'Innocent', 'Innocent', 'Innocent', 'Innocent', 'Innocent', 'Innocent', 'Innocent', 'Innocent', 'Innocent', 'Innocent', 'Innocent', 'Innocent', 'Innocent', 'Innocent', 'Innocent', 'Innocent', 'Innocent', 'Innocent', 'Innocent', 'Innocent', 'Innocent', 'Innocent', 'Innocent', 'Innocent', 'Innocent', 'Innocent', 'Innocent', 'Innocent', 'Innocent', 'Innocent', 'Innocent', 'Innocent', 'Innocent', 'Innocent', 'Innocent', 'Innocent', 'Innocent', 'Innocent', 'Innocent', 'Innocent', 'Innocent', 'Innocent', 'Innocent', 'Innocent', 'Innocent', 'Innocent', 'Innocent', 'Innocent', 'Innocent', 'Innocent', 'Innocent', 'Innocent', 'Innocent', 'Innocent', 'Innocent', 'Innocent', 'Innocent', 'Innocent', 'Innocent', 'Innocent', 'Innocent', 'Innocent', 'Innocent', 'Innocent', 'Innocent', 'Innocent', 'Innocent', 'Innocent', 'Innocent', 'Innocent', 'Innocent', 'Innocent', 'Innocent', 'Innocent', 'Innocent', 'Innocent', 'Innocent', 'Innocent', 'Innocent', 'Innocent', 'Innocent', 'Innocent', 'Innocent', 'Innocent', 'Innocent', 'Innocent', 'Innocent', 'Innocent', 'Innocent', 'Innocent', 'Innocent', 'Innocent', 'Innocent', 'Innocent', 'Innocent', 'Innocent', 'Innocent', 'Innocent', 'Innocent', 'Innocent', 'Innocent', 'Innocent', 'Innocent', 'Innocent', 'Innocent', 'Innocent', 'Innocent', 'Innocent', 'Innocent', 'Innocent', 'Innocent', 'Innocent', 'Innocent', 'Innocent', 'Innocent', 'Innocent', 'Innocent', 'Innocent', 'Innocent', 'Innocent', 'Innocent', 'Innocent', 'Innocent', 'Innocent', 'Innocent', 'Innocent', 'Innocent', 'Innocent', 'Innocent', 'Innocent', 'Innocent', 'Innocent', 'Innocent', 'Innocent', 'Innocent', 'Innocent', 'Innocent', 'Innocent', 'Innocent', 'Innocent', 'Innocent', 'Innocent', 'Innocent', 'Innocent', 'Innocent', 'Innocent', 'Innocent', 'Innocent', 'Innocent', 'Innocent', 'Innocent', 'Innocent', 'Innocent', 'Innocent', 'Innocent', 'Innocent', 'Innocent', 'Innocent', 'Innocent', 'Innocent', 'Innocent', 'Innocent', 'Innocent', 'Innocent', 'Innocent', 'Innocent', 'Innocent', 'Innocent', 'Innocent', 'Innocent', 'Innocent', 'Innocent', 'Innocent', 'Innocent', 'Innocent', 'Innocent', 'Innocent', 'Innocent', 'Innocent', 'Innocent', 'Innocent', 'Innocent', 'Innocent', 'Innocent', 'Innocent', 'Innocent', 'Innocent', 'Innocent', 'Innocent', 'Innocent', 'Innocent', 'Innocent', 'Innocent', 'Innocent', 'Innocent', 'Innocent', 'Innocent', 'Innocent', 'Innocent', 'Innocent', 'Innocent', 'Innocent', 'Innocent', 'Innocent', 'Innocent', 'Innocent', 'Innocent', 'Innocent', 'Innocent', 'Innocent', 'Innocent', 'Innocent', 'Innocent', 'Innocent', 'Innocent', 'Innocent', 'Innocent', 'Innocent', 'Innocent', 'Innocent', 'Innocent', 'Innocent', 'Innocent', 'Innocent', 'Innocent', 'Innocent', 'Innocent', 'Innocent', 'Innocent', 'Innocent', 'Innocent', 'Innocent', 'Innocent', 'Innocent', 'Innocent', 'Innocent', 'Innocent', 'Innocent', 'Innocent', 'Innocent', 'Innocent', 'Innocent', 'Innocent', 'Innocent', 'Innocent', 'Innocent', 'Innocent', 'Innocent', 'Innocent', 'Innocent', 'Innocent', 'Innocent', 'Innocent', 'Innocent', 'Innocent', 'Innocent', 'Innocent', 'Innocent', 'Innocent', 'Innocent', 'Innocent', 'Innocent', 'Innocent', 'Innocent', 'Innocent', 'Innocent', 'Innocent', 'Innocent', 'Innocent', 'Innocent', 'Innocent', 'Innocent', 'Innocent', 'Innocent', 'Innocent', 'Innocent', 'Innocent', 'Innocent', 'Innocent', 'Innocent', 'Innocent', 'Innocent', 'Innocent', 'Innocent', 'Innocent', 'Innocent', 'Innocent', 'Innocent', 'Innocent', 'Innocent', 'Innocent', 'Innocent', 'Innocent', 'Innocent', 'Innocent', 'Innocent', 'Innocent', 'Innocent', 'Innocent', 'Innocent', 'Innocent', 'Innocent', 'Innocent', 'Innocent', 'Innocent', 'Innocent', 'Innocent', 'Innocent', 'Innocent', 'Innocent', 'Innocent', 'Innocent', 'Innocent', 'Innocent', 'Innocent', 'Innocent', 'Innocent', 'Innocent', 'Innocent', 'Innocent', 'Innocent', 'Innocent', 'Innocent', 'Innocent', 'Innocent', 'Innocent', 'Innocent', 'Innocent', 'Innocent', 'Innocent', 'Innocent', 'Innocent', 'Innocent', 'Innocent', 'Innocent', 'Innocent', 'Innocent', 'Innocent', 'Innocent', 'Innocent', 'Innocent', 'Innocent', 'Innocent', 'Innocent', 'Innocent', 'Innocent', 'Innocent', 'Innocent', 'Innocent', 'Innocent', 'Innocent', 'Innocent', 'Innocent', 'Innocent', 'Innocent', 'Innocent', 'Innocent', 'Innocent', 'Innocent', 'Innocent', 'Innocent', 'Innocent', 'Innocent', 'Innocent', 'Innocent', 'Innocent', 'Innocent', 'Innocent', 'Innocent', 'Innocent', 'Innocent', 'Innocent', 'Innocent', 'Innocent', 'Innocent', 'Innocent', 'Innocent', 'Innocent', 'Innocent', 'Innocent', 'Innocent', 'Innocent', 'Innocent', 'Innocent', 'Innocent', 'Innocent', 'Innocent', 'Innocent', 'Innocent', 'Innocent', 'Innocent', 'Innocent', 'Innocent', 'Innocent', 'Innocent', 'Innocent', 'Innocent', 'Innocent', 'Innocent', 'Innocent', 'Innocent', 'Innocent', 'Innocent', 'Innocent', 'Innocent', 'Innocent', 'Innocent', 'Innocent', 'Innocent', 'Innocent', 'Innocent', 'Innocent', 'Innocent', 'Innocent', 'Innocent', 'Innocent', 'Innocent', 'Innocent', 'Innocent', 'Innocent', 'Innocent', 'Innocent', 'Innocent', 'Innocent', 'Innocent', 'Innocent', 'Innocent', 'Innocent', 'Innocent', 'Innocent', 'Innocent', 'Innocent', 'Innocent', 'Innocent', 'Innocent', 'Innocent', 'Innocent', 'Innocent', 'Innocent', 'Innocent', 'Innocent', 'Innocent', 'Innocent', 'Innocent', 'Innocent', 'Innocent', 'Innocent', 'Innocent', 'Innocent', 'Innocent', 'Innocent', 'Innocent', 'Innocent', 'Innocent', 'Innocent', 'Innocent', 'Innocent', 'Innocent', 'Innocent', 'Innocent', 'Innocent', 'Innocent', 'Innocent', 'Innocent', 'Innocent', 'Innocent', 'Innocent', 'Innocent', 'Innocent', 'Innocent', 'Innocent', 'Innocent', 'Innocent', 'Innocent', 'Innocent', 'Innocent', 'Innocent', 'Innocent', 'Innocent', 'Innocent', 'Innocent', 'Innocent', 'Innocent', 'Innocent', 'Innocent', 'Innocent', 'Innocent', 'Innocent', 'Innocent', 'Innocent', 'Innocent', 'Innocent', 'Innocent', 'Innocent', 'Innocent', 'Innocent', 'Innocent', 'Innocent', 'Innocent', 'Innocent', 'Innocent', 'Innocent', 'Innocent', 'Innocent', 'Innocent', 'Innocent', 'Innocent', 'Innocent', 'Innocent', 'Innocent', 'Innocent', 'Innocent', 'Innocent', 'Innocent', 'Innocent', 'Innocent', 'Innocent', 'Innocent', 'Innocent', 'Innocent', 'Innocent', 'Innocent', 'Innocent', 'Innocent', 'Innocent', 'Innocent', 'Innocent', 'Innocent', 'Innocent', 'Innocent', 'Innocent', 'Innocent', 'Innocent', 'Innocent', 'Innocent', 'Innocent', 'Innocent', 'Innocent', 'Innocent', 'Innocent', 'Innocent', 'Innocent', 'Innocent', 'Innocent', 'Innocent', 'Innocent', 'Innocent', 'Innocent', 'Innocent', 'Innocent', 'Innocent', 'Innocent', 'Innocent', 'Innocent', 'Innocent', 'Innocent', 'Innocent', 'Innocent', 'Innocent', 'Innocent', 'Innocent', 'Innocent', 'Innocent', 'Innocent', 'Innocent', 'Innocent', 'Innocent', 'Innocent', 'Innocent', 'Innocent', 'Innocent', 'Innocent', 'Innocent', 'Innocent', 'Innocent', 'Innocent', 'Innocent', 'Innocent', 'Innocent', 'Innocent', 'Innocent', 'Innocent', 'Innocent', 'Innocent', 'Innocent', 'Innocent', 'Innocent', 'Innocent', 'Innocent', 'Innocent', 'Innocent', 'Innocent', 'Innocent', 'Innocent', 'Innocent', 'Innocent', 'Innocent', 'Innocent', 'Innocent', 'Innocent', 'Innocent', 'Innocent', 'Innocent', 'Innocent', 'Innocent', 'Innocent', 'Innocent', 'Innocent', 'Innocent', 'Innocent', 'Innocent', 'Innocent', 'Innocent', 'Innocent', 'Innocent', 'Innocent', 'Innocent', 'Innocent', 'Innocent', 'Innocent', 'Innocent', 'Innocent', 'Innocent', 'Innocent', 'Innocent', 'Innocent', 'Innocent', 'Innocent', 'Innocent', 'Innocent', 'Innocent', 'Innocent', 'Innocent', 'Innocent', 'Innocent', 'Innocent', 'Innocent', 'Innocent', 'Innocent', 'Innocent', 'Innocent', 'Innocent', 'Innocent', 'Innocent', 'Innocent', 'Innocent', 'Innocent', 'Innocent', 'Innocent', 'Innocent', 'Innocent', 'Innocent', 'Innocent', 'Innocent', 'Innocent', 'Innocent', 'Innocent', 'Innocent', 'Innocent', 'Innocent', 'Innocent', 'Innocent', 'Innocent', 'Innocent', 'Innocent', 'Innocent', 'Innocent', 'Innocent', 'Innocent', 'Innocent', 'Innocent', 'Innocent', 'Innocent', 'Innocent', 'Innocent', 'Innocent', 'Innocent', 'Innocent', 'Innocent', 'Innocent', 'Innocent', 'Innocent', 'Innocent', 'Innocent', 'Innocent', 'Innocent', 'Innocent', 'Innocent', 'Innocent', 'Innocent', 'Innocent', 'Innocent', 'Innocent', 'Innocent', 'Innocent', 'Innocent', 'Innocent', 'Innocent', 'Innocent', 'Innocent', 'Innocent', 'Innocent', 'Innocent', 'Innocent', 'Innocent', 'Innocent', 'Innocent', 'Innocent', 'Innocent', 'Innocent', 'Innocent', 'Innocent', 'Innocent', 'Innocent', 'Innocent', 'Innocent', 'Innocent', 'Innocent', 'Innocent', 'Innocent', 'Innocent', 'Innocent', 'Innocent', 'Innocent', 'Innocent', 'Innocent', 'Innocent', 'Innocent', 'Innocent', 'Innocent', 'Innocent', 'Innocent', 'Innocent', 'Innocent', 'Innocent', 'Innocent', 'Innocent', 'Innocent', 'Innocent', 'Innocent', 'Innocent', 'Innocent', 'Innocent', 'Innocent', 'Innocent', 'Innocent', 'Innocent', 'Innocent', 'Innocent', 'Innocent', 'Innocent', 'Innocent', 'Innocent', 'Innocent', 'Innocent', 'Innocent', 'Innocent', 'Innocent', 'Innocent', 'Innocent', 'Innocent', 'Innocent', 'Innocent', 'Innocent', 'Innocent', 'Innocent', 'Innocent', 'Innocent', 'Innocent', 'Innocent', 'Innocent', 'Innocent', 'Innocent', 'Innocent', 'Innocent', 'Innocent', 'Innocent', 'Innocent', 'Innocent', 'Innocent', 'Innocent', 'Innocent', 'Innocent', 'Innocent', 'Innocent', 'Innocent', 'Innocent', 'Innocent', 'Innocent', 'Innocent', 'Innocent', 'Innocent', 'Innocent', 'Innocent', 'Innocent', 'Innocent', 'Innocent', 'Innocent', 'Innocent', 'Innocent', 'Innocent', 'Innocent', 'Innocent', 'Innocent', 'Innocent', 'Innocent', 'Innocent', 'Innocent', 'Innocent', 'Innocent', 'Innocent', 'Innocent', 'Innocent', 'Innocent', 'Innocent', 'Innocent', 'Innocent', 'Innocent', 'Innocent', 'Innocent', 'Innocent', 'Innocent', 'Innocent', 'Innocent', 'Innocent', 'Innocent', 'Innocent', 'Innocent', 'Innocent', 'Innocent', 'Innocent', 'Innocent', 'Innocent', 'Innocent', 'Innocent', 'Innocent', 'Innocent', 'Innocent', 'Innocent', 'Innocent', 'Innocent', 'Innocent', 'Innocent', 'Innocent', 'Innocent', 'Innocent', 'Innocent', 'Innocent', 'Innocent', 'Innocent', 'Innocent', 'Innocent', 'Innocent', 'Innocent', 'Innocent', 'Innocent', 'Innocent', 'Innocent', 'Innocent', 'Innocent', 'Innocent', 'Innocent', 'Innocent', 'Innocent', 'Innocent', 'Innocent', 'Innocent', 'Innocent', 'Innocent', 'Innocent', 'Innocent', 'Innocent', 'Innocent', 'Innocent', 'Innocent', 'Innocent', 'Innocent', 'Innocent', 'Innocent', 'Innocent', 'Innocent', 'Innocent', 'Innocent', 'Innocent', 'Innocent', 'Innocent', 'Innocent', 'Innocent', 'Innocent', 'Innocent', 'Innocent', 'Innocent', 'Innocent', 'Innocent', 'Innocent', 'Innocent', 'Innocent', 'Innocent', 'Innocent', 'Innocent', 'Innocent', 'Innocent', 'Innocent', 'Innocent', 'Innocent', 'Innocent', 'Innocent', 'Innocent', 'Innocent', 'Innocent', 'Innocent', 'Innocent', 'Innocent', 'Innocent', 'Innocent', 'Innocent', 'Innocent', 'Innocent', 'Innocent', 'Innocent', 'Innocent', 'Innocent', 'Innocent', 'Innocent', 'Innocent', 'Innocent', 'Innocent', 'Innocent', 'Innocent', 'Innocent', 'Innocent', 'Innocent', 'Innocent', 'Innocent', 'Innocent', 'Innocent', 'Innocent', 'Innocent', 'Innocent', 'Innocent', 'Innocent', 'Innocent', 'Innocent', 'Innocent', 'Innocent', 'Innocent', 'Innocent', 'Innocent', 'Innocent', 'Innocent', 'Innocent', 'Innocent', 'Innocent', 'Innocent', 'Innocent', 'Innocent', 'Innocent', 'Innocent', 'Innocent', 'Innocent', 'Innocent', 'Innocent', 'Innocent', 'Innocent', 'Innocent', 'Innocent', 'Innocent', 'Innocent', 'Innocent', 'Innocent', 'Innocent', 'Innocent', 'Innocent', 'Innocent', 'Innocent', 'Innocent', 'Innocent', 'Innocent', 'Innocent', 'Innocent', 'Innocent', 'Innocent', 'Innocent', 'Innocent', 'Innocent', 'Innocent', 'Innocent', 'Innocent', 'Innocent', 'Innocent', 'Innocent', 'Innocent', 'Innocent', 'Innocent', 'Innocent', 'Innocent', 'Innocent', 'Innocent', 'Innocent', 'Innocent', 'Innocent', 'Innocent', 'Innocent', 'Innocent', 'Innocent', 'Innocent', 'Innocent', 'Innocent', 'Innocent', 'Innocent', 'Innocent', 'Innocent', 'Innocent', 'Innocent', 'Innocent', 'Innocent', 'Innocent', 'Innocent', 'Innocent', 'Innocent', 'Innocent', 'Innocent', 'Innocent', 'Innocent', 'Innocent', 'Innocent', 'Innocent', 'Innocent', 'Innocent', 'Innocent', 'Innocent', 'Innocent', 'Innocent', 'Innocent', 'Innocent', 'Innocent', 'Innocent', 'Innocent', 'Innocent', 'Innocent', 'Innocent', 'Innocent', 'Innocent', 'Innocent', 'Innocent', 'Innocent', 'Innocent', 'Innocent', 'Innocent', 'Innocent', 'Innocent', 'Innocent', 'Innocent', 'Innocent', 'Innocent', 'Innocent', 'Innocent', 'Innocent', 'Innocent', 'Innocent', 'Innocent', 'Innocent', 'Innocent', 'Innocent', 'Innocent', 'Innocent', 'Innocent', 'Innocent', 'Innocent', 'Innocent', 'Innocent', 'Innocent', 'Innocent', 'Innocent', 'Innocent', 'Innocent', 'Innocent', 'Innocent', 'Innocent', 'Innocent', 'Innocent', 'Innocent', 'Innocent', 'Innocent', 'Innocent', 'Innocent', 'Innocent', 'Innocent', 'Innocent', 'Innocent', 'Innocent', 'Innocent', 'Innocent', 'Innocent', 'Innocent', 'Innocent', 'Innocent', 'Innocent', 'Innocent', 'Innocent', 'Innocent', 'Innocent', 'Innocent', 'Innocent', 'Innocent', 'Innocent', 'Innocent', 'Innocent', 'Innocent', 'Innocent', 'Innocent', 'Innocent', 'Innocent', 'Innocent', 'Innocent', 'Innocent', 'Innocent', 'Innocent', 'Innocent', 'Innocent', 'Innocent', 'Innocent', 'Innocent', 'Innocent', 'Innocent', 'Innocent', 'Innocent', 'Innocent', 'Innocent', 'Innocent', 'Innocent', 'Innocent', 'Innocent', 'Innocent', 'Innocent', 'Innocent', 'Innocent', 'Innocent', 'Innocent', 'Innocent', 'Innocent', 'Innocent', 'Innocent', 'Innocent', 'Innocent', 'Innocent', 'Innocent', 'Innocent', 'Innocent', 'Innocent', 'Innocent', 'Innocent', 'Innocent', 'Innocent', 'Innocent', 'Innocent', 'Innocent', 'Innocent', 'Innocent', 'Innocent', 'Innocent', 'Innocent', 'Innocent', 'Innocent', 'Innocent', 'Innocent', 'Innocent', 'Innocent', 'Innocent', 'Innocent', 'Innocent', 'Innocent', 'Innocent', 'Innocent', 'Innocent', 'Innocent', 'Innocent', 'Innocent', 'Innocent', 'Innocent', 'Innocent', 'Innocent', 'Innocent', 'Innocent', 'Innocent', 'Innocent', 'Innocent', 'Innocent', 'Innocent', 'Innocent', 'Innocent', 'Innocent', 'Innocent', 'Innocent', 'Innocent', 'Innocent', 'Innocent', 'Innocent', 'Innocent', 'Innocent', 'Innocent', 'Innocent', 'Innocent', 'Innocent', 'Innocent', 'Innocent', 'Innocent', 'Innocent', 'Innocent', 'Innocent', 'Innocent', 'Innocent', 'Innocent', 'Innocent', 'Innocent', 'Innocent', 'Innocent', 'Innocent', 'Innocent', 'Innocent', 'Innocent', 'Innocent', 'Innocent', 'Innocent', 'Innocent', 'Innocent', 'Innocent', 'Innocent', 'Innocent', 'Innocent', 'Innocent', 'Innocent', 'Innocent', 'Innocent', 'Innocent', 'Innocent', 'Innocent', 'Innocent', 'Innocent', 'Innocent', 'Innocent', 'Innocent', 'Innocent', 'Innocent', 'Innocent', 'Innocent', 'Innocent', 'Innocent', 'Innocent', 'Innocent', 'Innocent', 'Innocent', 'Innocent', 'Innocent', 'Innocent', 'Innocent', 'Innocent', 'Innocent', 'Innocent', 'Innocent', 'Innocent', 'Innocent', 'Innocent', 'Innocent', 'Innocent', 'Innocent', 'Innocent', 'Innocent', 'Innocent', 'Innocent', 'Innocent', 'Innocent', 'Innocent', 'Innocent', 'Innocent', 'Innocent', 'Innocent', 'Innocent', 'Innocent', 'Innocent', 'Innocent', 'Innocent', 'Innocent', 'Innocent', 'Innocent', 'Innocent', 'Innocent', 'Innocent', 'Innocent', 'Innocent', 'Innocent', 'Innocent', 'Innocent', 'Innocent', 'Innocent', 'Innocent', 'Innocent', 'Innocent', 'Innocent', 'Innocent', 'Innocent', 'Innocent', 'Innocent', 'Innocent', 'Innocent', 'Innocent', 'Innocent', 'Innocent', 'Innocent', 'Innocent', 'Innocent', 'Innocent', 'Innocent', 'Innocent', 'Innocent', 'Innocent', 'Innocent', 'Innocent', 'Innocent', 'Innocent', 'Innocent', 'Innocent', 'Innocent', 'Innocent', 'Innocent', 'Innocent', 'Innocent', 'Innocent', 'Innocent', 'Innocent', 'Innocent', 'Innocent', 'Innocent', 'Innocent', 'Innocent', 'Innocent', 'Innocent', 'Innocent', 'Innocent', 'Innocent', 'Innocent', 'Innocent', 'Innocent', 'Innocent', 'Innocent', 'Innocent', 'Innocent', 'Innocent', 'Innocent', 'Innocent', 'Innocent', 'Innocent', 'Innocent', 'Innocent', 'Innocent', 'Innocent', 'Innocent', 'Innocent', 'Innocent', 'Innocent', 'Innocent', 'Innocent', 'Innocent', 'Innocent', 'Innocent', 'Innocent', 'Innocent', 'Innocent', 'Innocent', 'Innocent', 'Innocent', 'Innocent', 'Innocent', 'Innocent', 'Innocent', 'Innocent', 'Innocent', 'Innocent', 'Innocent', 'Innocent', 'Innocent', 'Innocent', 'Innocent', 'Innocent', 'Innocent', 'Innocent', 'Innocent', 'Innocent', 'Innocent', 'Innocent', 'Innocent', 'Innocent', 'Innocent', 'Innocent', 'Innocent', 'Innocent', 'Innocent', 'Innocent', 'Innocent', 'Innocent', 'Innocent', 'Innocent', 'Innocent', 'Innocent', 'Innocent', 'Innocent', 'Innocent', 'Innocent', 'Innocent', 'Innocent', 'Innocent', 'Innocent', 'Innocent', 'Innocent', 'Innocent', 'Innocent', 'Innocent', 'Innocent', 'Innocent', 'Innocent', 'Innocent', 'Innocent', 'Innocent', 'Innocent', 'Innocent', 'Innocent', 'Innocent', 'Innocent', 'Innocent', 'Innocent', 'Innocent', 'Innocent', 'Innocent', 'Innocent', 'Innocent', 'Innocent', 'Innocent', 'Innocent', 'Innocent', 'Innocent', 'Innocent', 'Innocent', 'Innocent', 'Innocent', 'Innocent', 'Innocent', 'Innocent', 'Innocent', 'Innocent', 'Innocent', 'Innocent', 'Innocent', 'Innocent', 'Innocent', 'Innocent', 'Innocent', 'Innocent', 'Innocent', 'Innocent', 'Innocent', 'Innocent', 'Innocent', 'Innocent', 'Innocent', 'Innocent', 'Innocent', 'Innocent', 'Innocent', 'Innocent', 'Innocent', 'Innocent', 'Innocent', 'Innocent', 'Innocent', 'Innocent', 'Innocent', 'Innocent', 'Innocent', 'Innocent', 'Innocent', 'Innocent', 'Innocent', 'Innocent', 'Innocent', 'Innocent', 'Innocent', 'Innocent', 'Innocent', 'Innocent', 'Innocent', 'Innocent', 'Innocent', 'Innocent', 'Innocent', 'Innocent', 'Innocent', 'Innocent', 'Innocent', 'Innocent', 'Innocent', 'Innocent', 'Innocent', 'Innocent', 'Innocent', 'Innocent', 'Innocent', 'Innocent', 'Innocent', 'Innocent', 'Innocent', 'Innocent', 'Innocent', 'Innocent', 'Innocent', 'Innocent', 'Innocent', 'Innocent', 'Innocent', 'Innocent', 'Innocent', 'Innocent', 'Innocent', 'Innocent', 'Innocent', 'Innocent', 'Innocent', 'Innocent', 'Innocent', 'Innocent', 'Innocent', 'Innocent', 'Innocent', 'Innocent', 'Innocent', 'Innocent', 'Innocent', 'Innocent', 'Innocent', 'Innocent', 'Innocent', 'Innocent', 'Innocent', 'Innocent', 'Innocent', 'Innocent', 'Innocent', 'Innocent', 'Innocent', 'Innocent', 'Innocent', 'Innocent', 'Innocent', 'Innocent', 'Innocent', 'Innocent', 'Innocent', 'Innocent', 'Innocent', 'Innocent', 'Innocent', 'Innocent', 'Innocent', 'Innocent', 'Innocent', 'Innocent', 'Innocent', 'Innocent', 'Innocent', 'Innocent', 'Innocent', 'Innocent', 'Innocent', 'Innocent', 'Innocent', 'Innocent', 'Innocent', 'Innocent', 'Innocent', 'Innocent', 'Innocent', 'Innocent', 'Innocent', 'Innocent', 'Innocent', 'Innocent', 'Innocent', 'Innocent', 'Innocent', 'Innocent', 'Innocent', 'Innocent', 'Innocent', 'Innocent', 'Innocent', 'Innocent', 'Innocent', 'Innocent', 'Innocent', 'Innocent', 'Innocent', 'Innocent', 'Innocent', 'Innocent', 'Innocent', 'Innocent', 'Innocent', 'Innocent', 'Innocent', 'Innocent', 'Innocent', 'Innocent', 'Innocent', 'Innocent', 'Innocent', 'Innocent', 'Innocent', 'Innocent', 'Innocent', 'Innocent', 'Innocent', 'Innocent', 'Innocent', 'Innocent', 'Innocent', 'Innocent', 'Innocent', 'Innocent', 'Innocent', 'Innocent', 'Innocent', 'Innocent', 'Innocent', 'Innocent', 'Innocent', 'Innocent', 'Innocent', 'Innocent', 'Innocent', 'Innocent', 'Innocent', 'Innocent', 'Innocent', 'Innocent', 'Innocent', 'Innocent', 'Innocent', 'Innocent', 'Innocent', 'Innocent', 'Innocent', 'Innocent', 'Innocent', 'Innocent', 'Innocent', 'Innocent', 'Innocent', 'Innocent', 'Innocent', 'Innocent', 'Innocent', 'Innocent', 'Innocent', 'Innocent', 'Innocent', 'Innocent', 'Innocent', 'Innocent', 'Innocent', 'Innocent', 'Innocent', 'Innocent', 'Innocent', 'Innocent', 'Innocent', 'Innocent', 'Innocent', 'Innocent', 'Innocent', 'Innocent', 'Innocent', 'Innocent', 'Innocent', 'Innocent', 'Innocent', 'Innocent', 'Innocent', 'Innocent', 'Innocent', 'Innocent', 'Innocent', 'Innocent', 'Innocent', 'Innocent', 'Innocent', 'Innocent', 'Innocent', 'Innocent', 'Innocent', 'Innocent', 'Innocent', 'Innocent', 'Innocent', 'Innocent', 'Innocent', 'Innocent', 'Innocent', 'Innocent', 'Innocent', 'Innocent', 'Innocent', 'Innocent', 'Innocent', 'Innocent', 'Innocent', 'Innocent', 'Innocent', 'Innocent', 'Innocent', 'Innocent', 'Innocent', 'Innocent', 'Innocent', 'Innocent', 'Innocent', 'Innocent', 'Innocent', 'Innocent', 'Innocent', 'Innocent', 'Innocent', 'Innocent', 'Innocent', 'Innocent', 'Innocent', 'Innocent', 'Innocent', 'Innocent', 'Innocent', 'Innocent', 'Innocent', 'Innocent', 'Innocent', 'Innocent', 'Innocent', 'Innocent', 'Innocent', 'Innocent', 'Innocent', 'Innocent', 'Innocent', 'Innocent', 'Innocent', 'Innocent', 'Innocent', 'Innocent', 'Innocent', 'Innocent', 'Innocent', 'Innocent', 'Innocent', 'Innocent', 'Innocent', 'Innocent', 'Innocent', 'Innocent', 'Innocent', 'Innocent', 'Innocent', 'Innocent', 'Innocent', 'Innocent', 'Innocent', 'Innocent', 'Innocent', 'Innocent', 'Innocent', 'Innocent', 'Innocent', 'Innocent', 'Innocent', 'Innocent', 'Innocent', 'Innocent', 'Innocent', 'Innocent', 'Innocent', 'Innocent', 'Innocent', 'Innocent', 'Innocent', 'Innocent', 'Innocent', 'Innocent', 'Innocent', 'Innocent', 'Innocent', 'Innocent', 'Innocent', 'Innocent', 'Innocent', 'Innocent', 'Innocent', 'Innocent', 'Innocent', 'Innocent', 'Innocent', 'Innocent', 'Innocent', 'Innocent', 'Innocent', 'Innocent', 'Innocent', 'Innocent', 'Innocent', 'Innocent', 'Innocent', 'Innocent', 'Innocent', 'Innocent', 'Innocent', 'Innocent', 'Innocent', 'Innocent', 'Innocent', 'Innocent', 'Innocent', 'Innocent', 'Innocent', 'Innocent', 'Innocent', 'Innocent', 'Innocent', 'Innocent', 'Innocent', 'Innocent', 'Innocent', 'Innocent', 'Innocent', 'Innocent', 'Innocent', 'Innocent', 'Innocent', 'Innocent', 'Innocent', 'Innocent', 'Innocent', 'Innocent', 'Innocent', 'Innocent', 'Innocent', 'Innocent', 'Innocent', 'Innocent', 'Innocent', 'Innocent', 'Innocent', 'Innocent', 'Innocent', 'Innocent', 'Innocent', 'Innocent', 'Innocent', 'Innocent', 'Innocent', 'Innocent', 'Innocent', 'Innocent', 'Innocent', 'Innocent', 'Innocent', 'Innocent', 'Innocent', 'Innocent', 'Innocent', 'Innocent', 'Innocent', 'Innocent', 'Innocent', 'Innocent', 'Innocent', 'Innocent', 'Innocent', 'Innocent', 'Innocent', 'Innocent', 'Innocent', 'Innocent', 'Innocent', 'Innocent', 'Innocent', 'Innocent', 'Innocent', 'Innocent', 'Innocent', 'Innocent', 'Innocent', 'Innocent', 'Innocent', 'Innocent', 'Innocent', 'Innocent', 'Innocent', 'Innocent', 'Innocent', 'Innocent', 'Innocent', 'Innocent', 'Innocent', 'Innocent', 'Innocent', 'Innocent', 'Innocent', 'Innocent', 'Innocent', 'Innocent', 'Innocent', 'Innocent', 'Innocent', 'Innocent', 'Innocent', 'Innocent', 'Innocent', 'Innocent', 'Innocent', 'Innocent', 'Innocent', 'Innocent', 'Innocent', 'Innocent', 'Innocent', 'Innocent', 'Innocent', 'Innocent', 'Innocent', 'Innocent', 'Innocent', 'Innocent', 'Innocent', 'Innocent', 'Innocent', 'Innocent', 'Innocent', 'Innocent', 'Innocent', 'Innocent', 'Innocent', 'Innocent', 'Innocent', 'Innocent', 'Innocent', 'Innocent', 'Innocent', 'Innocent', 'Innocent', 'Innocent', 'Innocent', 'Innocent', 'Innocent', 'Innocent', 'Innocent', 'Innocent', 'Innocent', 'Innocent', 'Innocent', 'Innocent', 'Innocent', 'Innocent', 'Innocent', 'Innocent', 'Innocent', 'Innocent', 'Innocent', 'Innocent', 'Innocent', 'Innocent', 'Innocent', 'Innocent', 'Innocent', 'Innocent', 'Innocent', 'Innocent', 'Innocent', 'Innocent', 'Innocent', 'Innocent', 'Innocent', 'Innocent', 'Innocent', 'Innocent', 'Innocent', 'Innocent', 'Innocent', 'Innocent', 'Innocent', 'Innocent', 'Innocent', 'Innocent', 'Innocent', 'Innocent', 'Innocent', 'Innocent', 'Innocent', 'Innocent', 'Innocent', 'Innocent', 'Innocent', 'Innocent', 'Innocent', 'Innocent', 'Innocent', 'Innocent', 'Innocent', 'Innocent', 'Innocent', 'Innocent', 'Innocent', 'Innocent', 'Innocent', 'Innocent', 'Innocent', 'Innocent', 'Innocent', 'Innocent', 'Innocent', 'Innocent', 'Innocent', 'Innocent', 'Innocent', 'Innocent', 'Innocent', 'Innocent', 'Innocent', 'Innocent', 'Innocent', 'Innocent', 'Innocent', 'Innocent', 'Innocent', 'Innocent', 'Innocent', 'Innocent', 'Innocent', 'Innocent', 'Innocent', 'Innocent', 'Innocent', 'Innocent', 'Innocent', 'Innocent', 'Innocent', 'Innocent', 'Innocent', 'Innocent', 'Innocent', 'Innocent', 'Innocent', 'Innocent', 'Innocent', 'Innocent', 'Innocent', 'Innocent', 'Innocent', 'Innocent', 'Innocent', 'Innocent', 'Innocent', 'Innocent', 'Innocent', 'Innocent', 'Innocent', 'Innocent', 'Innocent', 'Innocent', 'Innocent', 'Innocent', 'Innocent', 'Innocent', 'Innocent', 'Innocent', 'Innocent', 'Innocent', 'Innocent', 'Innocent', 'Innocent', 'Innocent', 'Innocent', 'Innocent', 'Innocent', 'Innocent', 'Innocent', 'Innocent', 'Innocent', 'Innocent', 'Innocent', 'Innocent', 'Innocent', 'Innocent', 'Innocent', 'Innocent', 'Innocent', 'Innocent', 'Innocent', 'Innocent', 'Innocent', 'Innocent', 'Innocent', 'Innocent', 'Innocent', 'Innocent', 'Innocent', 'Innocent', 'Innocent', 'Innocent', 'Innocent', 'Innocent', 'Innocent', 'Innocent', 'Innocent', 'Innocent', 'Innocent', 'Innocent', 'Innocent', 'Innocent', 'Innocent', 'Innocent', 'Innocent', 'Innocent', 'Innocent', 'Innocent', 'Innocent', 'Innocent', 'Innocent', 'Innocent', 'Innocent', 'Innocent', 'Innocent', 'Innocent', 'Innocent', 'Innocent', 'Innocent', 'Innocent', 'Innocent', 'Innocent', 'Innocent', 'Innocent', 'Innocent', 'Innocent', 'Innocent', 'Innocent', 'Innocent', 'Innocent', 'Innocent', 'Innocent', 'Innocent', 'Innocent', 'Innocent', 'Innocent', 'Innocent', 'Innocent', 'Innocent', 'Innocent', 'Innocent', 'Innocent', 'Innocent', 'Innocent', 'Innocent', 'Innocent', 'Innocent', 'Innocent', 'Innocent', 'Innocent', 'Innocent', 'Innocent', 'Innocent', 'Innocent', 'Innocent', 'Innocent', 'Innocent', 'Innocent', 'Innocent', 'Innocent', 'Innocent', 'Innocent', 'Innocent', 'Innocent', 'Innocent', 'Innocent', 'Innocent', 'Innocent', 'Innocent', 'Innocent', 'Innocent', 'Innocent', 'Innocent', 'Innocent', 'Innocent', 'Innocent', 'Innocent', 'Innocent', 'Innocent', 'Innocent', 'Innocent', 'Innocent', 'Innocent', 'Innocent', 'Innocent', 'Innocent', 'Innocent', 'Innocent', 'Innocent', 'Innocent', 'Innocent', 'Innocent', 'Innocent', 'Innocent', 'Innocent', 'Innocent', 'Innocent', 'Innocent', 'Innocent', 'Innocent', 'Innocent', 'Innocent', 'Innocent', 'Innocent', 'Innocent', 'Innocent', 'Innocent', 'Innocent', 'Innocent', 'Innocent', 'Innocent', 'Innocent', 'Innocent', 'Innocent', 'Innocent', 'Innocent', 'Innocent', 'Innocent', 'Innocent', 'Innocent', 'Innocent', 'Innocent', 'Innocent', 'Innocent', 'Innocent', 'Innocent', 'Innocent', 'Innocent', 'Innocent', 'Innocent', 'Innocent', 'Innocent', 'Innocent', 'Innocent', 'Innocent', 'Innocent', 'Innocent', 'Innocent', 'Innocent', 'Innocent', 'Innocent', 'Innocent', 'Innocent', 'Innocent', 'Innocent', 'Innocent', 'Innocent', 'Innocent', 'Innocent', 'Innocent', 'Innocent', 'Innocent', 'Innocent', 'Innocent', 'Innocent', 'Innocent', 'Innocent', 'Innocent', 'Innocent', 'Innocent', 'Innocent', 'Innocent', 'Innocent', 'Innocent', 'Innocent', 'Innocent', 'Innocent', 'Innocent', 'Innocent', 'Innocent', 'Innocent', 'Innocent', 'Innocent', 'Innocent', 'Innocent', 'Innocent', 'Innocent', 'Innocent', 'Innocent', 'Innocent', 'Innocent', 'Innocent', 'Innocent', 'Innocent', 'Innocent', 'Innocent', 'Innocent', 'Innocent', 'Innocent', 'Innocent', 'Innocent', 'Innocent', 'Innocent', 'Innocent', 'Innocent', 'Innocent', 'Innocent', 'Innocent', 'Innocent', 'Innocent', 'Innocent', 'Innocent', 'Innocent', 'Innocent', 'Innocent', 'Innocent', 'Innocent', 'Innocent', 'Innocent', 'Innocent', 'Innocent', 'Innocent', 'Innocent', 'Innocent', 'Innocent', 'Innocent', 'Innocent', 'Innocent', 'Innocent', 'Innocent', 'Innocent', 'Innocent', 'Innocent', 'Innocent', 'Innocent', 'Innocent', 'Innocent', 'Innocent', 'Innocent', 'Innocent', 'Innocent', 'Innocent', 'Innocent', 'Innocent', 'Innocent', 'Innocent', 'Innocent', 'Innocent', 'Innocent', 'Innocent', 'Innocent', 'Innocent', 'Innocent', 'Innocent', 'Innocent', 'Innocent', 'Innocent', 'Innocent', 'Innocent', 'Innocent', 'Innocent', 'Innocent', 'Innocent', 'Innocent', 'Innocent', 'Innocent', 'Innocent', 'Innocent', 'Innocent', 'Innocent', 'Innocent', 'Innocent', 'Innocent', 'Innocent', 'Innocent', 'Innocent', 'Innocent', 'Innocent', 'Innocent', 'Innocent', 'Innocent', 'Innocent', 'Innocent', 'Innocent', 'Innocent', 'Innocent', 'Innocent', 'Innocent', 'Innocent', 'Innocent', 'Innocent', 'Innocent', 'Innocent', 'Innocent', 'Innocent', 'Innocent', 'Innocent', 'Innocent', 'Innocent', 'Innocent', 'Innocent', 'Innocent', 'Innocent', 'Innocent', 'Innocent', 'Innocent', 'Innocent', 'Innocent', 'Innocent', 'Innocent', 'Innocent', 'Innocent', 'Innocent', 'Innocent', 'Innocent', 'Innocent', 'Innocent', 'Innocent', 'Innocent', 'Innocent', 'Innocent', 'Innocent', 'Innocent', 'Innocent', 'Innocent', 'Innocent', 'Innocent', 'Innocent', 'Innocent', 'Innocent', 'Innocent', 'Innocent', 'Innocent', 'Innocent', 'Innocent', 'Innocent', 'Innocent', 'Innocent', 'Innocent', 'Innocent', 'Innocent', 'Innocent', 'Innocent', 'Innocent', 'Innocent', 'Innocent', 'Innocent', 'Innocent', 'Innocent', 'Innocent', 'Innocent', 'Innocent', 'Innocent', 'Innocent', 'Innocent', 'Innocent', 'Innocent', 'Innocent', 'Innocent', 'Innocent', 'Innocent', 'Innocent', 'Innocent', 'Innocent', 'Innocent', 'Innocent', 'Innocent', 'Innocent', 'Innocent', 'Innocent', 'Innocent', 'Innocent', 'Innocent', 'Innocent', 'Innocent', 'Innocent', 'Innocent', 'Innocent', 'Innocent', 'Innocent', 'Innocent', 'Innocent', 'Innocent', 'Innocent', 'Innocent', 'Innocent', 'Innocent', 'Innocent', 'Innocent', 'Innocent', 'Innocent', 'Innocent', 'Innocent', 'Innocent', 'Innocent', 'Innocent', 'Innocent', 'Innocent', 'Innocent', 'Innocent', 'Innocent', 'Innocent', 'Innocent', 'Innocent', 'Innocent', 'Innocent', 'Innocent', 'Innocent', 'Innocent', 'Innocent', 'Innocent', 'Innocent', 'Innocent', 'Innocent', 'Innocent', 'Innocent', 'Innocent', 'Innocent', 'Innocent', 'Innocent', 'Innocent', 'Innocent', 'Innocent', 'Innocent', 'Innocent', 'Innocent', 'Innocent', 'Innocent', 'Innocent', 'Innocent', 'Innocent', 'Innocent', 'Innocent', 'Innocent', 'Innocent', 'Innocent', 'Innocent', 'Innocent', 'Innocent', 'Innocent', 'Innocent', 'Innocent', 'Innocent', 'Innocent', 'Innocent', 'Innocent', 'Innocent', 'Innocent', 'Innocent', 'Innocent', 'Innocent', 'Innocent', 'Innocent', 'Innocent', 'Innocent', 'Innocent', 'Innocent', 'Innocent', 'Innocent', 'Innocent', 'Innocent', 'Innocent', 'Innocent', 'Innocent', 'Innocent', 'Innocent', 'Innocent', 'Innocent', 'Innocent', 'Innocent', 'Innocent', 'Innocent', 'Innocent', 'Innocent', 'Innocent', 'Innocent', 'Innocent', 'Innocent', 'Innocent', 'Innocent', 'Innocent', 'Innocent', 'Innocent', 'Innocent', 'Innocent', 'Innocent', 'Innocent', 'Innocent', 'Innocent', 'Innocent', 'Innocent', 'Innocent', 'Innocent', 'Innocent', 'Innocent', 'Innocent', 'Innocent', 'Innocent', 'Innocent', 'Innocent', 'Innocent', 'Innocent', 'Innocent', 'Innocent', 'Innocent', 'Innocent', 'Innocent', 'Innocent', 'Innocent', 'Innocent', 'Innocent', 'Innocent', 'Innocent', 'Innocent', 'Innocent', 'Innocent', 'Innocent', 'Innocent', 'Innocent', 'Innocent', 'Innocent', 'Innocent', 'Innocent', 'Innocent', 'Innocent', 'Innocent', 'Innocent', 'Innocent', 'Innocent', 'Innocent', 'Innocent', 'Innocent', 'Innocent', 'Innocent', 'Innocent', 'Innocent', 'Innocent', 'Innocent', 'Innocent', 'Innocent', 'Innocent', 'Innocent', 'Innocent', 'Innocent', 'Innocent', 'Innocent', 'Innocent', 'Innocent', 'Innocent', 'Innocent', 'Innocent', 'Innocent', 'Innocent', 'Innocent', 'Innocent', 'Innocent', 'Innocent', 'Innocent', 'Innocent', 'Innocent', 'Innocent', 'Innocent', 'Innocent', 'Innocent', 'Innocent', 'Innocent', 'Innocent', 'Innocent', 'Innocent', 'Innocent', 'Innocent', 'Innocent', 'Innocent', 'Innocent', 'Innocent', 'Innocent', 'Innocent', 'Innocent', 'Innocent', 'Innocent', 'Innocent', 'Innocent', 'Innocent', 'Innocent', 'Innocent', 'Innocent', 'Innocent', 'Innocent', 'Innocent', 'Innocent', 'Innocent', 'Innocent', 'Innocent', 'Innocent', 'Innocent', 'Innocent', 'Innocent', 'Innocent', 'Innocent', 'Innocent', 'Innocent', 'Innocent', 'Innocent', 'Innocent', 'Innocent', 'Innocent', 'Innocent', 'Innocent', 'Innocent', 'Innocent', 'Innocent', 'Innocent', 'Innocent', 'Innocent', 'Innocent', 'Innocent', 'Innocent', 'Innocent', 'Innocent', 'Innocent', 'Innocent', 'Innocent', 'Innocent', 'Innocent', 'Innocent', 'Innocent', 'Innocent', 'Innocent', 'Innocent', 'Innocent', 'Innocent', 'Innocent', 'Innocent', 'Innocent', 'Innocent', 'Innocent', 'Innocent', 'Innocent', 'Innocent', 'Innocent', 'Innocent', 'Innocent', 'Innocent', 'Innocent', 'Innocent', 'Innocent', 'Innocent', 'Innocent', 'Innocent', 'Innocent', 'Innocent', 'Innocent', 'Innocent', 'Innocent', 'Innocent', 'Innocent', 'Innocent', 'Innocent', 'Innocent', 'Innocent', 'Innocent', 'Innocent', 'Innocent', 'Innocent', 'Innocent', 'Innocent', 'Innocent', 'Innocent', 'Innocent', 'Innocent', 'Innocent', 'Innocent', 'Innocent', 'Innocent', 'Innocent', 'Innocent', 'Innocent', 'Innocent', 'Innocent', 'Innocent', 'Innocent', 'Innocent', 'Innocent', 'Innocent', 'Innocent', 'Innocent', 'Innocent', 'Innocent', 'Innocent', 'Innocent', 'Innocent', 'Innocent', 'Innocent', 'Innocent', 'Innocent', 'Innocent', 'Innocent', 'Innocent', 'Innocent', 'Innocent', 'Innocent', 'Innocent', 'Innocent', 'Innocent', 'Innocent', 'Innocent', 'Innocent', 'Innocent', 'Innocent', 'Innocent', 'Innocent', 'Innocent', 'Innocent', 'Innocent', 'Innocent', 'Innocent', 'Innocent', 'Innocent', 'Innocent', 'Innocent', 'Innocent', 'Innocent', 'Innocent', 'Innocent', 'Innocent', 'Innocent', 'Innocent', 'Innocent', 'Innocent', 'Innocent', 'Innocent', 'Innocent', 'Innocent', 'Innocent', 'Innocent', 'Innocent', 'Innocent', 'Innocent', 'Innocent', 'Innocent', 'Innocent', 'Innocent', 'Innocent', 'Innocent', 'Innocent', 'Innocent', 'Innocent', 'Innocent', 'Innocent', 'Innocent', 'Innocent', 'Innocent', 'Innocent', 'Innocent', 'Innocent', 'Innocent', 'Innocent', 'Innocent', 'Innocent', 'Innocent', 'Innocent', 'Innocent', 'Innocent', 'Innocent', 'Innocent', 'Innocent', 'Innocent', 'Innocent', 'Innocent', 'Innocent', 'Innocent', 'Innocent', 'Innocent', 'Innocent', 'Innocent', 'Innocent', 'Innocent', 'Innocent', 'Innocent', 'Innocent', 'Innocent', 'Innocent', 'Innocent', 'Innocent', 'Innocent', 'Innocent', 'Innocent', 'Innocent', 'Innocent', 'Innocent', 'Innocent', 'Innocent', 'Innocent', 'Innocent', 'Innocent', 'Innocent', 'Innocent', 'Innocent', 'Innocent', 'Innocent', 'Innocent', 'Innocent', 'Innocent', 'Innocent', 'Innocent', 'Innocent', 'Innocent', 'Innocent', 'Innocent', 'Innocent', 'Innocent', 'Innocent', 'Innocent', 'Innocent', 'Innocent', 'Innocent', 'Innocent', 'Innocent', 'Innocent', 'Innocent', 'Innocent', 'Innocent', 'Innocent', 'Innocent', 'Innocent', 'Innocent', 'Innocent', 'Innocent', 'Innocent', 'Innocent', 'Innocent', 'Innocent', 'Innocent', 'Innocent', 'Innocent', 'Innocent', 'Innocent', 'Innocent', 'Innocent', 'Innocent', 'Innocent', 'Innocent', 'Innocent', 'Innocent', 'Innocent', 'Innocent', 'Innocent', 'Innocent', 'Innocent', 'Innocent', 'Innocent', 'Innocent', 'Innocent', 'Innocent', 'Innocent', 'Innocent', 'Innocent', 'Innocent', 'Innocent', 'Innocent', 'Innocent', 'Innocent', 'Innocent', 'Innocent', 'Innocent', 'Innocent', 'Innocent', 'Innocent', 'Innocent', 'Innocent', 'Innocent', 'Innocent', 'Innocent', 'Innocent', 'Innocent', 'Innocent', 'Innocent', 'Innocent', 'Innocent', 'Innocent', 'Innocent', 'Innocent', 'Innocent', 'Innocent', 'Innocent', 'Innocent', 'Innocent', 'Innocent', 'Innocent', 'Innocent', 'Innocent', 'Innocent', 'Innocent', 'Innocent', 'Innocent', 'Innocent', 'Innocent', 'Innocent', 'Innocent', 'Innocent', 'Innocent', 'Innocent', 'Innocent', 'Innocent', 'Innocent', 'Innocent', 'Innocent', 'Innocent', 'Innocent', 'Innocent', 'Innocent', 'Innocent', 'Innocent', 'Innocent', 'Innocent', 'Innocent', 'Innocent', 'Innocent', 'Innocent', 'Innocent', 'Innocent', 'Innocent', 'Innocent', 'Innocent', 'Innocent', 'Innocent', 'Innocent', 'Innocent', 'Innocent', 'Innocent', 'Innocent', 'Innocent', 'Innocent', 'Innocent', 'Innocent', 'Innocent', 'Innocent', 'Innocent', 'Innocent', 'Innocent', 'Innocent', 'Innocent', 'Innocent', 'Innocent', 'Innocent', 'Innocent', 'Innocent', 'Innocent', 'Innocent', 'Innocent', 'Innocent', 'Innocent', 'Innocent', 'Innocent', 'Innocent', 'Innocent', 'Innocent', 'Innocent', 'Innocent', 'Innocent', 'Innocent', 'Innocent', 'Innocent', 'Innocent', 'Innocent', 'Innocent', 'Innocent', 'Innocent', 'Innocent', 'Innocent', 'Innocent', 'Innocent', 'Innocent', 'Innocent', 'Innocent', 'Innocent', 'Innocent', 'Innocent', 'Innocent', 'Innocent', 'Innocent', 'Innocent', 'Innocent', 'Innocent', 'Innocent', 'Innocent', 'Innocent', 'Innocent', 'Innocent', 'Innocent', 'Innocent', 'Innocent', 'Innocent', 'Innocent', 'Innocent', 'Innocent', 'Innocent', 'Innocent', 'Innocent', 'Innocent', 'Innocent', 'Innocent', 'Innocent', 'Innocent', 'Innocent', 'Innocent', 'Innocent', 'Innocent', 'Innocent', 'Innocent', 'Innocent', 'Innocent', 'Innocent', 'Innocent', 'Innocent', 'Innocent', 'Innocent', 'Innocent', 'Innocent', 'Innocent', 'Innocent', 'Innocent', 'Innocent', 'Innocent', 'Innocent', 'Innocent', 'Innocent', 'Innocent', 'Innocent', 'Innocent', 'Innocent', 'Innocent', 'Innocent', 'Innocent', 'Innocent', 'Innocent', 'Innocent', 'Innocent', 'Innocent', 'Innocent', 'Innocent', 'Innocent', 'Innocent', 'Innocent', 'Innocent', 'Innocent', 'Innocent', 'Innocent', 'Innocent', 'Innocent', 'Innocent', 'Innocent', 'Innocent', 'Innocent', 'Innocent', 'Innocent', 'Innocent', 'Innocent', 'Innocent', 'Innocent', 'Innocent', 'Innocent', 'Innocent', 'Innocent', 'Innocent', 'Innocent', 'Innocent', 'Innocent', 'Innocent', 'Innocent', 'Innocent', 'Innocent', 'Innocent', 'Innocent', 'Innocent', 'Innocent', 'Innocent', 'Innocent', 'Innocent', 'Innocent', 'Innocent', 'Innocent', 'Innocent', 'Innocent', 'Innocent', 'Innocent', 'Innocent', 'Innocent', 'Innocent', 'Innocent', 'Innocent', 'Innocent', 'Innocent', 'Innocent', 'Innocent', 'Innocent', 'Innocent', 'Innocent', 'Innocent', 'Innocent', 'Innocent', 'Innocent', 'Innocent', 'Innocent', 'Innocent', 'Innocent', 'Innocent', 'Innocent', 'Innocent', 'Innocent', 'Innocent', 'Innocent', 'Innocent', 'Innocent', 'Innocent', 'Innocent', 'Innocent', 'Innocent', 'Innocent', 'Innocent', 'Innocent', 'Innocent', 'Innocent', 'Innocent', 'Innocent', 'Innocent', 'Innocent', 'Innocent', 'Innocent', 'Innocent', 'Innocent', 'Innocent', 'Innocent', 'Innocent', 'Innocent', 'Innocent', 'Innocent', 'Innocent', 'Innocent', 'Innocent', 'Innocent', 'Innocent', 'Innocent', 'Innocent', 'Innocent', 'Innocent', 'Innocent', 'Innocent', 'Innocent', 'Innocent', 'Innocent', 'Innocent', 'Innocent', 'Innocent', 'Innocent', 'Innocent', 'Innocent', 'Innocent', 'Innocent', 'Innocent', 'Innocent', 'Innocent', 'Innocent', 'Innocent', 'Innocent', 'Innocent', 'Innocent', 'Innocent', 'Innocent', 'Innocent', 'Innocent', 'Innocent', 'Innocent', 'Innocent', 'Innocent', 'Innocent', 'Innocent', 'Innocent', 'Innocent', 'Innocent', 'Innocent', 'Innocent', 'Innocent', 'Innocent', 'Innocent', 'Innocent', 'Innocent', 'Innocent', 'Innocent', 'Innocent', 'Innocent', 'Innocent', 'Innocent', 'Innocent', 'Innocent', 'Innocent', 'Innocent', 'Innocent', 'Innocent', 'Innocent', 'Innocent', 'Innocent', 'Innocent', 'Innocent', 'Innocent', 'Innocent', 'Innocent', 'Innocent', 'Innocent', 'Innocent', 'Innocent', 'Innocent', 'Innocent', 'Innocent', 'Innocent', 'Innocent', 'Innocent', 'Innocent', 'Innocent', 'Innocent', 'Innocent', 'Innocent', 'Innocent', 'Innocent', 'Innocent', 'Innocent', 'Innocent', 'Innocent', 'Innocent', 'Innocent', 'Innocent', 'Innocent', 'Innocent', 'Innocent', 'Innocent', 'Innocent', 'Innocent', 'Innocent', 'Innocent', 'Innocent', 'Innocent', 'Innocent', 'Innocent', 'Innocent', 'Innocent', 'Innocent', 'Innocent', 'Innocent', 'Innocent', 'Innocent', 'Innocent', 'Innocent', 'Innocent', 'Innocent', 'Innocent', 'Innocent', 'Innocent', 'Innocent', 'Innocent', 'Innocent', 'Innocent', 'Innocent', 'Innocent', 'Innocent', 'Innocent', 'Innocent', 'Innocent', 'Innocent', 'Innocent', 'Innocent', 'Innocent', 'Innocent', 'Innocent', 'Innocent', 'Innocent', 'Innocent', 'Innocent', 'Innocent', 'Innocent', 'Innocent', 'Innocent', 'Innocent', 'Innocent', 'Innocent', 'Innocent', 'Innocent', 'Innocent', 'Innocent', 'Innocent', 'Innocent', 'Innocent', 'Innocent', 'Innocent', 'Innocent', 'Innocent', 'Innocent', 'Innocent', 'Innocent', 'Innocent', 'Innocent', 'Innocent', 'Innocent', 'Innocent', 'Innocent', 'Innocent', 'Innocent', 'Innocent', 'Innocent', 'Innocent', 'Innocent', 'Innocent', 'Innocent', 'Innocent', 'Innocent', 'Innocent', 'Innocent', 'Innocent', 'Innocent', 'Innocent', 'Innocent', 'Innocent', 'Innocent', 'Innocent', 'Innocent', 'Innocent', 'Innocent', 'Innocent', 'Innocent', 'Innocent', 'Innocent', 'Innocent', 'Innocent', 'Innocent', 'Innocent', 'Innocent', 'Innocent', 'Innocent', 'Innocent', 'Innocent', 'Innocent', 'Innocent', 'Innocent', 'Innocent', 'Innocent', 'Innocent', 'Innocent', 'Innocent', 'Innocent', 'Innocent', 'Innocent', 'Innocent', 'Innocent', 'Innocent', 'Innocent', 'Innocent', 'Innocent', 'Innocent', 'Innocent', 'Innocent', 'Innocent', 'Innocent', 'Innocent', 'Innocent', 'Innocent', 'Innocent', 'Innocent', 'Innocent', 'Innocent', 'Innocent', 'Innocent', 'Innocent', 'Innocent', 'Innocent', 'Innocent', 'Innocent', 'Innocent', 'Innocent', 'Innocent', 'Innocent', 'Innocent', 'Innocent', 'Innocent', 'Innocent', 'Innocent', 'Innocent', 'Innocent', 'Innocent', 'Innocent', 'Innocent', 'Innocent', 'Innocent', 'Innocent', 'Innocent', 'Innocent', 'Innocent', 'Innocent', 'Innocent', 'Innocent', 'Innocent', 'Innocent', 'Innocent', 'Innocent', 'Innocent', 'Innocent', 'Innocent', 'Innocent', 'Innocent', 'Innocent', 'Innocent', 'Innocent', 'Innocent', 'Innocent', 'Innocent', 'Innocent', 'Innocent', 'Innocent', 'Innocent', 'Innocent', 'Innocent', 'Innocent', 'Innocent', 'Innocent', 'Innocent', 'Innocent', 'Innocent', 'Innocent', 'Innocent', 'Innocent', 'Innocent', 'Innocent', 'Innocent', 'Innocent', 'Innocent', 'Innocent', 'Innocent', 'Innocent', 'Innocent', 'Innocent', 'Innocent', 'Innocent', 'Innocent', 'Innocent', 'Innocent', 'Innocent', 'Innocent', 'Innocent', 'Innocent', 'Innocent', 'Innocent', 'Innocent', 'Innocent', 'Innocent', 'Innocent', 'Innocent', 'Innocent', 'Innocent', 'Innocent', 'Innocent', 'Innocent', 'Innocent', 'Innocent', 'Innocent', 'Innocent', 'Innocent', 'Innocent', 'Innocent', 'Innocent', 'Innocent', 'Innocent', 'Innocent', 'Innocent', 'Innocent', 'Innocent', 'Innocent', 'Innocent', 'Innocent', 'Innocent', 'Innocent', 'Innocent', 'Innocent', 'Innocent', 'Innocent', 'Innocent', 'Innocent', 'Innocent', 'Innocent', 'Innocent', 'Innocent', 'Innocent', 'Innocent', 'Innocent', 'Innocent', 'Innocent', 'Innocent', 'Innocent', 'Innocent', 'Innocent', 'Innocent', 'Innocent', 'Innocent', 'Innocent', 'Innocent', 'Innocent', 'Innocent', 'Innocent', 'Innocent', 'Innocent', 'Innocent', 'Innocent', 'Innocent', 'Innocent', 'Innocent', 'Innocent', 'Innocent', 'Innocent', 'Innocent', 'Innocent', 'Innocent', 'Innocent', 'Innocent', 'Innocent', 'Innocent', 'Innocent', 'Innocent', 'Innocent', 'Innocent', 'Innocent', 'Innocent', 'Innocent', 'Innocent', 'Innocent', 'Innocent', 'Innocent', 'Innocent', 'Innocent', 'Innocent', 'Innocent', 'Innocent', 'Innocent', 'Innocent', 'Innocent', 'Innocent', 'Innocent', 'Innocent', 'Innocent', 'Innocent', 'Innocent', 'Innocent', 'Innocent', 'Innocent', 'Innocent', 'Innocent', 'Innocent', 'Innocent', 'Innocent', 'Innocent', 'Innocent', 'Innocent', 'Innocent', 'Innocent', 'Innocent', 'Innocent', 'Innocent', 'Innocent', 'Innocent', 'Innocent', 'Innocent', 'Innocent', 'Innocent', 'Innocent', 'Innocent', 'Innocent', 'Innocent', 'Innocent', 'Innocent', 'Innocent', 'Innocent', 'Innocent', 'Innocent', 'Innocent', 'Innocent', 'Innocent', 'Innocent', 'Innocent', 'Innocent', 'Innocent', 'Innocent', 'Innocent', 'Innocent', 'Innocent', 'Innocent', 'Innocent', 'Innocent', 'Innocent', 'Innocent', 'Innocent', 'Innocent', 'Innocent', 'Innocent', 'Innocent', 'Innocent', 'Innocent', 'Innocent', 'Innocent', 'Innocent', 'Innocent', 'Innocent', 'Innocent', 'Innocent', 'Innocent', 'Innocent', 'Innocent', 'Innocent', 'Innocent', 'Innocent', 'Innocent', 'Innocent', 'Innocent', 'Innocent', 'Innocent', 'Innocent', 'Innocent', 'Innocent', 'Innocent', 'Innocent', 'Innocent', 'Innocent', 'Innocent', 'Innocent', 'Innocent', 'Innocent', 'Innocent', 'Innocent', 'Innocent', 'Innocent', 'Innocent', 'Innocent', 'Innocent', 'Innocent', 'Innocent', 'Innocent', 'Innocent', 'Innocent', 'Innocent', 'Innocent', 'Innocent', 'Innocent', 'Innocent', 'Innocent', 'Innocent', 'Innocent', 'Innocent', 'Innocent', 'Innocent', 'Innocent', 'Innocent', 'Innocent', 'Innocent', 'Innocent', 'Innocent', 'Innocent', 'Innocent', 'Innocent', 'Innocent', 'Innocent', 'Innocent', 'Innocent', 'Innocent', 'Innocent', 'Innocent', 'Innocent', 'Innocent', 'Innocent', 'Innocent', 'Innocent', 'Innocent', 'Innocent', 'Innocent', 'Innocent', 'Innocent', 'Innocent', 'Innocent', 'Innocent', 'Innocent', 'Innocent', 'Innocent', 'Innocent', 'Innocent', 'Innocent', 'Innocent', 'Innocent', 'Innocent', 'Innocent', 'Innocent', 'Innocent', 'Innocent', 'Innocent', 'Innocent', 'Innocent', 'Innocent', 'Innocent', 'Innocent', 'Innocent', 'Innocent', 'Innocent', 'Innocent', 'Innocent', 'Innocent', 'Innocent', 'Innocent', 'Innocent', 'Innocent', 'Innocent', 'Innocent', 'Innocent', 'Innocent', 'Innocent', 'Innocent', 'Innocent', 'Innocent', 'Innocent', 'Innocent', 'Innocent', 'Innocent', 'Innocent', 'Innocent', 'Innocent', 'Innocent', 'Innocent', 'Innocent', 'Innocent', 'Innocent', 'Innocent', 'Innocent', 'Innocent', 'Innocent', 'Innocent', 'Innocent', 'Innocent', 'Innocent', 'Innocent', 'Innocent', 'Innocent', 'Innocent', 'Innocent', 'Innocent', 'Innocent', 'Innocent', 'Innocent', 'Innocent', 'Innocent', 'Innocent', 'Innocent', 'Innocent', 'Innocent', 'Innocent', 'Innocent', 'Innocent', 'Innocent', 'Innocent', 'Innocent', 'Innocent', 'Innocent', 'Innocent', 'Innocent', 'Innocent', 'Innocent', 'Innocent', 'Innocent', 'Innocent', 'Innocent', 'Innocent', 'Innocent', 'Innocent', 'Innocent', 'Innocent', 'Innocent', 'Innocent', 'Innocent', 'Innocent', 'Innocent', 'Innocent', 'Innocent', 'Innocent', 'Innocent', 'Innocent', 'Innocent', 'Innocent', 'Innocent', 'Innocent', 'Innocent', 'Innocent', 'Innocent', 'Innocent', 'Innocent', 'Innocent', 'Innocent', 'Innocent', 'Innocent', 'Innocent', 'Innocent', 'Innocent', 'Innocent', 'Innocent', 'Innocent', 'Innocent', 'Innocent', 'Innocent', 'Innocent', 'Innocent', 'Innocent', 'Innocent', 'Innocent', 'Innocent', 'Innocent', 'Innocent', 'Innocent', 'Innocent', 'Innocent', 'Innocent', 'Innocent', 'Innocent', 'Innocent', 'Innocent', 'Innocent', 'Innocent', 'Innocent', 'Innocent', 'Innocent', 'Innocent', 'Innocent', 'Innocent', 'Innocent', 'Innocent', 'Innocent', 'Innocent', 'Innocent', 'Innocent', 'Innocent', 'Innocent', 'Innocent', 'Innocent', 'Innocent', 'Innocent', 'Innocent', 'Innocent', 'Innocent', 'Innocent', 'Innocent', 'Innocent', 'Innocent', 'Innocent', 'Innocent', 'Innocent', 'Innocent', 'Innocent', 'Innocent', 'Innocent', 'Innocent', 'Innocent', 'Innocent', 'Innocent', 'Innocent', 'Innocent', 'Innocent', 'Innocent', 'Innocent', 'Innocent', 'Innocent', 'Innocent', 'Innocent', 'Innocent', 'Innocent', 'Innocent', 'Innocent', 'Innocent', 'Innocent', 'Innocent', 'Innocent', 'Innocent', 'Innocent', 'Innocent', 'Innocent', 'Innocent', 'Innocent', 'Innocent', 'Innocent', 'Innocent', 'Innocent', 'Innocent', 'Innocent', 'Innocent', 'Innocent', 'Innocent', 'Innocent', 'Innocent', 'Innocent', 'Innocent', 'Innocent', 'Innocent', 'Innocent', 'Innocent', 'Innocent', 'Innocent', 'Innocent', 'Innocent', 'Innocent', 'Innocent', 'Innocent', 'Innocent', 'Innocent', 'Innocent', 'Innocent', 'Innocent', 'Innocent', 'Innocent', 'Innocent', 'Innocent', 'Innocent', 'Innocent', 'Innocent', 'Innocent', 'Innocent', 'Innocent', 'Innocent', 'Innocent', 'Innocent', 'Innocent', 'Innocent', 'Innocent', 'Innocent', 'Innocent', 'Innocent', 'Innocent', 'Innocent', 'Innocent', 'Innocent', 'Innocent', 'Innocent', 'Innocent', 'Innocent', 'Innocent', 'Innocent', 'Innocent', 'Innocent', 'Innocent', 'Innocent', 'Innocent', 'Innocent', 'Innocent', 'Innocent', 'Innocent', 'Innocent', 'Innocent', 'Innocent', 'Innocent', 'Innocent', 'Innocent', 'Innocent', 'Innocent', 'Innocent', 'Innocent', 'Innocent', 'Innocent', 'Innocent', 'Innocent', 'Innocent', 'Innocent', 'Innocent', 'Innocent', 'Innocent', 'Innocent', 'Innocent', 'Innocent', 'Innocent', 'Innocent', 'Innocent', 'Innocent', 'Innocent', 'Innocent', 'Innocent', 'Innocent', 'Innocent', 'Innocent', 'Innocent', 'Innocent', 'Innocent', 'Innocent', 'Innocent', 'Innocent', 'Innocent', 'Innocent', 'Innocent', 'Innocent', 'Innocent', 'Innocent', 'Innocent', 'Innocent', 'Innocent', 'Innocent', 'Innocent', 'Innocent', 'Innocent', 'Innocent', 'Innocent', 'Innocent', 'Innocent', 'Innocent', 'Innocent', 'Innocent', 'Innocent', 'Innocent', 'Innocent', 'Innocent', 'Innocent', 'Innocent', 'Innocent', 'Innocent', 'Innocent', 'Innocent', 'Innocent', 'Innocent', 'Innocent', 'Innocent', 'Innocent', 'Innocent', 'Innocent', 'Innocent', 'Innocent', 'Innocent', 'Innocent', 'Innocent', 'Innocent', 'Innocent', 'Innocent', 'Innocent', 'Innocent', 'Innocent', 'Innocent', 'Innocent', 'Innocent', 'Innocent', 'Innocent', 'Innocent', 'Innocent', 'Innocent', 'Innocent', 'Innocent', 'Innocent', 'Innocent', 'Innocent', 'Innocent', 'Innocent', 'Innocent', 'Innocent', 'Innocent', 'Innocent', 'Innocent', 'Innocent', 'Innocent', 'Innocent', 'Innocent', 'Innocent', 'Innocent', 'Innocent', 'Innocent', 'Innocent', 'Innocent', 'Innocent', 'Innocent', 'Innocent', 'Innocent', 'Innocent', 'Innocent', 'Innocent', 'Innocent', 'Innocent', 'Innocent', 'Innocent', 'Innocent', 'Innocent', 'Innocent', 'Innocent', 'Innocent', 'Innocent', 'Innocent', 'Innocent', 'Innocent', 'Innocent', 'Innocent', 'Innocent', 'Innocent', 'Innocent', 'Innocent', 'Innocent', 'Innocent', 'Innocent', 'Innocent', 'Innocent', 'Innocent', 'Innocent', 'Innocent', 'Innocent', 'Innocent', 'Innocent', 'Innocent', 'Innocent', 'Innocent', 'Innocent', 'Innocent', 'Innocent', 'Innocent', 'Innocent', 'Innocent', 'Innocent', 'Innocent', 'Innocent', 'Innocent', 'Innocent', 'Innocent', 'Innocent', 'Innocent', 'Innocent', 'Innocent', 'Innocent', 'Innocent', 'Innocent', 'Innocent', 'Innocent', 'Innocent', 'Innocent', 'Innocent', 'Innocent', 'Innocent', 'Innocent', 'Innocent', 'Innocent', 'Innocent', 'Innocent', 'Innocent', 'Innocent', 'Innocent', 'Innocent', 'Innocent', 'Innocent', 'Innocent', 'Innocent', 'Innocent', 'Innocent', 'Innocent', 'Innocent', 'Innocent', 'Innocent', 'Innocent', 'Innocent', 'Innocent', 'Innocent', 'Innocent', 'Innocent', 'Innocent', 'Innocent', 'Innocent', 'Innocent', 'Innocent', 'Innocent', 'Innocent', 'Innocent', 'Innocent', 'Innocent', 'Innocent', 'Innocent', 'Innocent', 'Innocent', 'Innocent', 'Innocent', 'Innocent', 'Innocent', 'Innocent', 'Innocent', 'Innocent', 'Innocent', 'Innocent', 'Innocent', 'Innocent', 'Innocent', 'Innocent', 'Innocent', 'Innocent', 'Innocent', 'Innocent', 'Innocent', 'Innocent', 'Innocent', 'Innocent', 'Innocent', 'Innocent', 'Innocent', 'Innocent', 'Innocent', 'Innocent', 'Innocent', 'Innocent', 'Innocent', 'Innocent', 'Innocent', 'Innocent', 'Innocent', 'Innocent', 'Innocent', 'Innocent', 'Innocent', 'Innocent', 'Innocent', 'Innocent', 'Innocent', 'Innocent', 'Innocent', 'Innocent', 'Innocent', 'Innocent', 'Innocent', 'Innocent', 'Innocent', 'Innocent', 'Innocent', 'Innocent', 'Innocent', 'Innocent', 'Innocent', 'Innocent', 'Innocent', 'Innocent', 'Innocent', 'Innocent', 'Innocent', 'Innocent', 'Innocent', 'Innocent', 'Innocent', 'Innocent', 'Innocent', 'Innocent', 'Innocent', 'Innocent', 'Innocent', 'Innocent', 'Innocent', 'Innocent', 'Innocent', 'Innocent', 'Innocent', 'Innocent', 'Innocent', 'Innocent', 'Innocent', 'Innocent', 'Innocent', 'Innocent', 'Innocent', 'Innocent', 'Innocent', 'Innocent', 'Innocent', 'Innocent', 'Innocent', 'Innocent', 'Innocent', 'Innocent', 'Innocent', 'Innocent', 'Innocent', 'Innocent', 'Innocent', 'Innocent', 'Innocent', 'Innocent', 'Innocent', 'Innocent', 'Innocent', 'Innocent', 'Innocent', 'Innocent', 'Innocent', 'Innocent', 'Innocent', 'Innocent', 'Innocent', 'Innocent', 'Innocent', 'Innocent', 'Innocent', 'Innocent', 'Innocent', 'Innocent', 'Innocent', 'Innocent', 'Innocent', 'Innocent', 'Innocent', 'Innocent', 'Innocent', 'Innocent', 'Innocent', 'Innocent', 'Innocent', 'Innocent', 'Innocent', 'Innocent', 'Innocent', 'Innocent', 'Innocent', 'Innocent', 'Innocent', 'Innocent', 'Innocent', 'Innocent', 'Innocent', 'Innocent', 'Innocent', 'Innocent', 'Innocent', 'Innocent', 'Innocent', 'Innocent', 'Innocent', 'Innocent', 'Innocent', 'Innocent', 'Innocent', 'Innocent', 'Innocent', 'Innocent', 'Innocent', 'Innocent', 'Innocent', 'Innocent', 'Innocent', 'Innocent', 'Innocent', 'Innocent', 'Innocent', 'Innocent', 'Innocent', 'Innocent', 'Innocent', 'Innocent', 'Innocent', 'Innocent', 'Innocent', 'Innocent', 'Innocent', 'Innocent', 'Innocent', 'Innocent', 'Innocent', 'Innocent', 'Innocent', 'Innocent', 'Innocent', 'Innocent', 'Innocent', 'Innocent', 'Innocent', 'Innocent', 'Innocent', 'Innocent', 'Innocent', 'Innocent', 'Innocent', 'Innocent', 'Innocent', 'Innocent', 'Innocent', 'Innocent', 'Innocent', 'Innocent', 'Innocent', 'Innocent', 'Innocent', 'Innocent', 'Innocent', 'Innocent', 'Innocent', 'Innocent', 'Innocent', 'Innocent', 'Innocent', 'Innocent', 'Innocent', 'Innocent', 'Innocent', 'Innocent', 'Innocent', 'Innocent', 'Innocent', 'Innocent', 'Innocent', 'Innocent', 'Innocent', 'Innocent', 'Innocent', 'Innocent', 'Innocent', 'Innocent', 'Innocent', 'Innocent', 'Innocent', 'Innocent', 'Innocent', 'Innocent', 'Innocent', 'Innocent', 'Innocent', 'Innocent', 'Innocent', 'Innocent', 'Innocent', 'Innocent', 'Innocent', 'Innocent', 'Innocent', 'Innocent', 'Innocent', 'Innocent', 'Innocent', 'Innocent', 'Innocent', 'Innocent', 'Innocent', 'Innocent', 'Innocent', 'Innocent', 'Innocent', 'Innocent', 'Innocent', 'Innocent', 'Innocent', 'Innocent', 'Innocent', 'Innocent', 'Innocent', 'Innocent', 'Innocent', 'Innocent', 'Innocent', 'Innocent', 'Innocent', 'Innocent', 'Innocent', 'Innocent', 'Innocent', 'Innocent', 'Innocent', 'Innocent', 'Innocent', 'Innocent', 'Innocent', 'Innocent', 'Innocent', 'Innocent', 'Innocent', 'Innocent', 'Innocent', 'Innocent', 'Innocent', 'Innocent', 'Innocent', 'Innocent', 'Innocent', 'Innocent', 'Innocent', 'Innocent', 'Innocent', 'Innocent', 'Innocent', 'Innocent', 'Innocent', 'Innocent', 'Innocent', 'Innocent', 'Innocent', 'Innocent', 'Innocent', 'Innocent', 'Innocent', 'Innocent', 'Innocent', 'Innocent', 'Innocent', 'Innocent', 'Innocent', 'Innocent', 'Innocent', 'Innocent', 'Innocent', 'Innocent', 'Innocent', 'Innocent', 'Innocent', 'Innocent', 'Innocent', 'Innocent', 'Innocent', 'Innocent', 'Innocent', 'Innocent', 'Innocent', 'Innocent', 'Innocent', 'Innocent', 'Innocent', 'Innocent', 'Innocent', 'Innocent', 'Innocent', 'Innocent', 'Innocent', 'Innocent', 'Innocent', 'Innocent', 'Innocent', 'Innocent', 'Innocent', 'Innocent', 'Innocent', 'Innocent', 'Innocent', 'Innocent', 'Innocent', 'Innocent', 'Innocent', 'Innocent', 'Innocent', 'Innocent', 'Innocent', 'Innocent', 'Innocent', 'Innocent', 'Innocent', 'Innocent', 'Innocent', 'Innocent', 'Innocent', 'Innocent', 'Innocent', 'Innocent', 'Innocent', 'Innocent', 'Innocent', 'Innocent', 'Innocent', 'Innocent', 'Innocent', 'Innocent', 'Innocent', 'Innocent', 'Innocent', 'Innocent', 'Innocent', 'Innocent', 'Innocent', 'Innocent', 'Innocent', 'Innocent', 'Innocent', 'Innocent', 'Innocent', 'Innocent', 'Innocent', 'Innocent', 'Innocent', 'Innocent', 'Innocent', 'Innocent', 'Innocent', 'Innocent', 'Innocent', 'Innocent', 'Innocent', 'Innocent', 'Innocent', 'Innocent', 'Innocent', 'Innocent', 'Innocent', 'Innocent', 'Innocent', 'Innocent', 'Innocent', 'Innocent', 'Innocent', 'Innocent', 'Innocent', 'Innocent', 'Innocent', 'Innocent', 'Innocent', 'Innocent', 'Innocent', 'Innocent', 'Innocent', 'Innocent', 'Innocent', 'Innocent', 'Innocent', 'Innocent', 'Innocent', 'Innocent', 'Innocent', 'Innocent', 'Innocent', 'Innocent', 'Innocent', 'Innocent', 'Innocent', 'Innocent', 'Innocent', 'Innocent', 'Innocent', 'Innocent', 'Innocent', 'Innocent', 'Innocent', 'Innocent', 'Innocent', 'Innocent', 'Innocent', 'Innocent', 'Innocent', 'Innocent', 'Innocent', 'Innocent', 'Innocent', 'Innocent', 'Innocent', 'Innocent', 'Innocent', 'Innocent', 'Innocent', 'Innocent', 'Innocent', 'Innocent', 'Innocent', 'Innocent', 'Innocent', 'Innocent', 'Innocent', 'Innocent', 'Innocent', 'Innocent', 'Innocent', 'Innocent', 'Innocent', 'Innocent', 'Innocent', 'Innocent', 'Innocent', 'Innocent', 'Innocent', 'Innocent', 'Innocent', 'Innocent', 'Innocent', 'Innocent', 'Innocent', 'Innocent', 'Innocent', 'Innocent', 'Innocent', 'Innocent', 'Innocent', 'Innocent', 'Innocent', 'Innocent', 'Innocent', 'Innocent', 'Innocent', 'Innocent', 'Innocent', 'Innocent', 'Innocent', 'Innocent', 'Innocent', 'Innocent', 'Innocent', 'Innocent', 'Innocent', 'Innocent', 'Innocent', 'Innocent', 'Innocent', 'Innocent', 'Innocent', 'Innocent', 'Innocent', 'Innocent', 'Innocent', 'Innocent', 'Innocent', 'Innocent', 'Innocent', 'Innocent', 'Innocent', 'Innocent', 'Innocent', 'Innocent', 'Innocent', 'Innocent', 'Innocent', 'Innocent', 'Innocent', 'Innocent', 'Innocent', 'Innocent', 'Innocent', 'Innocent', 'Innocent', 'Innocent', 'Innocent', 'Innocent', 'Innocent', 'Innocent', 'Innocent', 'Innocent', 'Innocent', 'Innocent', 'Innocent', 'Innocent', 'Innocent', 'Innocent', 'Innocent', 'Innocent', 'Innocent', 'Innocent', 'Innocent', 'Innocent', 'Innocent', 'Innocent', 'Innocent', 'Innocent', 'Innocent', 'Innocent', 'Innocent', 'Innocent', 'Innocent', 'Innocent', 'Innocent', 'Innocent', 'Innocent', 'Innocent', 'Innocent', 'Innocent', 'Innocent', 'Innocent', 'Innocent', 'Innocent', 'Innocent', 'Innocent', 'Innocent', 'Innocent', 'Innocent', 'Innocent', 'Innocent', 'Innocent', 'Innocent', 'Innocent', 'Innocent', 'Innocent', 'Innocent', 'Innocent', 'Innocent', 'Innocent', 'Innocent', 'Innocent', 'Innocent', 'Innocent', 'Innocent', 'Innocent', 'Innocent', 'Innocent', 'Innocent', 'Innocent', 'Innocent', 'Innocent', 'Innocent', 'Innocent', 'Innocent', 'Innocent', 'Innocent', 'Innocent', 'Innocent', 'Innocent', 'Innocent', 'Innocent', 'Innocent', 'Innocent', 'Innocent', 'Innocent', 'Innocent', 'Innocent', 'Innocent', 'Innocent', 'Innocent', 'Innocent', 'Innocent', 'Innocent', 'Innocent', 'Innocent', 'Innocent', 'Innocent', 'Innocent', 'Innocent', 'Innocent', 'Innocent', 'Innocent', 'Innocent', 'Innocent', 'Innocent', 'Innocent', 'Innocent', 'Innocent', 'Innocent', 'Innocent', 'Innocent', 'Innocent', 'Innocent', 'Innocent', 'Innocent', 'Innocent', 'Innocent', 'Innocent', 'Innocent', 'Innocent', 'Innocent', 'Innocent', 'Innocent', 'Innocent', 'Innocent', 'Innocent', 'Innocent', 'Innocent', 'Innocent', 'Innocent', 'Innocent', 'Innocent', 'Innocent', 'Innocent', 'Innocent', 'Innocent', 'Innocent', 'Innocent', 'Innocent', 'Innocent', 'Innocent', 'Innocent', 'Innocent', 'Innocent', 'Innocent', 'Innocent', 'Innocent', 'Innocent', 'Innocent', 'Innocent', 'Innocent', 'Innocent', 'Innocent', 'Innocent', 'Innocent', 'Innocent', 'Innocent', 'Innocent', 'Innocent', 'Innocent', 'Innocent', 'Innocent', 'Innocent', 'Innocent', 'Innocent', 'Innocent', 'Innocent', 'Innocent', 'Innocent', 'Innocent', 'Innocent', 'Innocent', 'Innocent', 'Innocent', 'Innocent', 'Innocent', 'Innocent', 'Innocent', 'Innocent', 'Innocent', 'Innocent', 'Innocent', 'Innocent', 'Innocent', 'Innocent', 'Innocent', 'Innocent', 'Innocent', 'Innocent', 'Innocent', 'Innocent', 'Innocent', 'Innocent', 'Innocent', 'Innocent', 'Innocent', 'Innocent', 'Innocent', 'Innocent', 'Innocent', 'Innocent', 'Innocent', 'Innocent', 'Innocent', 'Innocent', 'Innocent', 'Innocent', 'Innocent', 'Innocent', 'Innocent', 'Innocent', 'Innocent', 'Innocent', 'Innocent', 'Innocent', 'Innocent', 'Innocent', 'Innocent', 'Innocent', 'Innocent', 'Innocent', 'Innocent', 'Innocent', 'Innocent', 'Innocent', 'Innocent', 'Innocent', 'Innocent', 'Innocent', 'Innocent', 'Innocent', 'Innocent', 'Innocent', 'Innocent', 'Innocent', 'Innocent', 'Innocent', 'Innocent', 'Innocent', 'Innocent', 'Innocent', 'Innocent', 'Innocent', 'Innocent', 'Innocent', 'Innocent', 'Innocent', 'Innocent', 'Innocent', 'Innocent', 'Innocent', 'Innocent', 'Innocent', 'Innocent', 'Innocent', 'Innocent', 'Innocent', 'Innocent', 'Innocent', 'Innocent', 'Innocent', 'Innocent', 'Innocent', 'Innocent', 'Innocent', 'Innocent', 'Innocent', 'Innocent', 'Innocent', 'Innocent', 'Innocent', 'Innocent', 'Innocent', 'Innocent', 'Innocent', 'Innocent', 'Innocent', 'Innocent', 'Innocent', 'Innocent', 'Innocent', 'Innocent', 'Innocent', 'Innocent', 'Innocent', 'Innocent', 'Innocent', 'Innocent', 'Innocent', 'Innocent', 'Innocent', 'Innocent', 'Innocent', 'Innocent', 'Innocent', 'Innocent', 'Innocent', 'Innocent', 'Innocent', 'Innocent', 'Innocent', 'Innocent', 'Innocent', 'Innocent', 'Innocent', 'Innocent', 'Innocent', 'Innocent', 'Innocent', 'Innocent', 'Innocent', 'Innocent', 'Innocent', 'Innocent', 'Innocent', 'Innocent', 'Innocent', 'Innocent', 'Innocent', 'Innocent', 'Innocent', 'Innocent', 'Innocent', 'Innocent', 'Innocent', 'Innocent', 'Innocent', 'Innocent', 'Innocent', 'Innocent', 'Innocent', 'Innocent', 'Innocent', 'Innocent', 'Innocent', 'Innocent', 'Innocent', 'Innocent', 'Innocent', 'Innocent', 'Innocent', 'Innocent', 'Innocent', 'Innocent', 'Innocent', 'Innocent', 'Innocent', 'Innocent', 'Innocent', 'Innocent', 'Innocent', 'Innocent', 'Innocent', 'Innocent', 'Innocent', 'Innocent', 'Innocent', 'Innocent', 'Innocent', 'Innocent', 'Innocent', 'Innocent', 'Innocent', 'Innocent', 'Innocent', 'Innocent', 'Innocent', 'Innocent', 'Innocent', 'Innocent', 'Innocent', 'Innocent', 'Innocent', 'Innocent', 'Innocent', 'Innocent', 'Innocent', 'Innocent', 'Innocent', 'Innocent', 'Innocent', 'Innocent', 'Innocent', 'Innocent', 'Innocent', 'Innocent', 'Innocent', 'Innocent', 'Innocent', 'Innocent', 'Innocent', 'Innocent', 'Innocent', 'Innocent', 'Innocent', 'Innocent', 'Innocent', 'Innocent', 'Innocent', 'Innocent', 'Innocent', 'Innocent', 'Innocent', 'Innocent', 'Innocent', 'Innocent', 'Innocent', 'Innocent', 'Innocent', 'Innocent', 'Innocent', 'Innocent', 'Innocent', 'Innocent', 'Innocent', 'Innocent', 'Innocent', 'Innocent', 'Innocent', 'Innocent', 'Innocent', 'Innocent', 'Innocent', 'Innocent', 'Innocent', 'Innocent', 'Innocent', 'Innocent', 'Innocent', 'Innocent', 'Innocent', 'Innocent', 'Innocent', 'Innocent', 'Innocent', 'Innocent', 'Innocent', 'Innocent', 'Innocent', 'Innocent', 'Innocent', 'Innocent', 'Innocent', 'Innocent', 'Innocent', 'Innocent', 'Innocent', 'Innocent', 'Innocent', 'Innocent', 'Innocent', 'Innocent', 'Innocent', 'Innocent', 'Innocent', 'Innocent', 'Innocent', 'Innocent', 'Innocent', 'Innocent', 'Innocent', 'Innocent', 'Innocent', 'Innocent', 'Innocent', 'Innocent', 'Innocent', 'Innocent', 'Innocent', 'Innocent', 'Innocent', 'Innocent', 'Innocent', 'Innocent', 'Innocent', 'Innocent', 'Innocent', 'Innocent', 'Innocent', 'Innocent', 'Innocent', 'Innocent', 'Innocent', 'Innocent', 'Innocent', 'Innocent', 'Innocent', 'Innocent', 'Innocent', 'Innocent', 'Innocent', 'Innocent', 'Innocent', 'Innocent', 'Innocent', 'Innocent', 'Innocent', 'Innocent', 'Innocent', 'Innocent', 'Innocent', 'Innocent', 'Innocent', 'Innocent', 'Innocent', 'Innocent', 'Innocent', 'Innocent', 'Innocent', 'Innocent', 'Innocent', 'Innocent', 'Innocent', 'Innocent', 'Innocent', 'Innocent', 'Innocent', 'Innocent', 'Innocent', 'Innocent', 'Innocent', 'Innocent', 'Innocent', 'Innocent', 'Innocent', 'Innocent', 'Innocent', 'Innocent', 'Innocent', 'Innocent', 'Innocent', 'Innocent', 'Innocent', 'Innocent', 'Innocent', 'Innocent', 'Innocent', 'Innocent', 'Innocent', 'Innocent', 'Innocent', 'Innocent', 'Innocent', 'Innocent', 'Innocent', 'Innocent', 'Innocent', 'Innocent', 'Innocent', 'Innocent', 'Innocent', 'Innocent', 'Innocent', 'Innocent', 'Innocent', 'Innocent', 'Innocent', 'Innocent', 'Innocent', 'Innocent', 'Innocent', 'Innocent', 'Innocent', 'Innocent', 'Innocent', 'Innocent', 'Innocent', 'Innocent', 'Innocent', 'Innocent', 'Innocent', 'Innocent', 'Innocent', 'Innocent', 'Innocent', 'Innocent', 'Innocent', 'Innocent', 'Innocent', 'Innocent', 'Innocent', 'Innocent', 'Innocent', 'Innocent', 'Innocent', 'Innocent', 'Innocent', 'Innocent', 'Innocent', 'Innocent', 'Innocent', 'Innocent', 'Innocent', 'Innocent', 'Innocent', 'Innocent', 'Innocent', 'Innocent', 'Innocent', 'Innocent', 'Innocent', 'Innocent', 'Innocent', 'Innocent', 'Innocent', 'Innocent', 'Innocent', 'Innocent', 'Innocent', 'Innocent', 'Innocent', 'Innocent', 'Innocent', 'Innocent', 'Innocent', 'Innocent', 'Innocent', 'Innocent', 'Innocent', 'Innocent', 'Innocent', 'Innocent', 'Innocent', 'Innocent', 'Innocent', 'Innocent', 'Innocent', 'Innocent', 'Innocent', 'Innocent', 'Innocent', 'Innocent', 'Innocent', 'Innocent', 'Innocent', 'Innocent', 'Innocent', 'Innocent', 'Innocent', 'Innocent', 'Innocent', 'Innocent', 'Innocent', 'Innocent', 'Innocent', 'Innocent', 'Innocent', 'Innocent', 'Innocent', 'Innocent', 'Innocent', 'Innocent', 'Innocent', 'Innocent', 'Innocent', 'Innocent', 'Innocent', 'Innocent', 'Innocent', 'Innocent', 'Innocent', 'Innocent', 'Innocent', 'Innocent', 'Innocent', 'Innocent', 'Innocent', 'Innocent', 'Innocent', 'Innocent', 'Innocent', 'Innocent', 'Innocent', 'Innocent', 'Innocent', 'Innocent', 'Innocent', 'Innocent', 'Innocent', 'Innocent', 'Innocent', 'Innocent', 'Innocent', 'Innocent', 'Innocent', 'Innocent', 'Innocent', 'Innocent', 'Innocent', 'Innocent', 'Innocent', 'Innocent', 'Innocent', 'Innocent', 'Innocent', 'Innocent', 'Innocent', 'Innocent', 'Innocent', 'Innocent', 'Innocent', 'Innocent', 'Innocent', 'Innocent', 'Innocent', 'Innocent', 'Innocent', 'Innocent', 'Innocent', 'Innocent', 'Innocent', 'Innocent', 'Innocent', 'Innocent', 'Innocent', 'Innocent', 'Innocent', 'Innocent', 'Innocent', 'Innocent', 'Innocent', 'Innocent', 'Innocent', 'Innocent', 'Innocent', 'Innocent', 'Innocent', 'Innocent', 'Innocent', 'Innocent', 'Innocent', 'Innocent', 'Innocent', 'Innocent', 'Innocent', 'Innocent', 'Innocent', 'Innocent', 'Innocent', 'Innocent', 'Innocent', 'Innocent', 'Innocent', 'Innocent', 'Innocent', 'Innocent', 'Innocent', 'Innocent', 'Innocent', 'Innocent', 'Innocent', 'Innocent', 'Innocent', 'Innocent', 'Innocent', 'Innocent', 'Innocent', 'Innocent', 'Innocent', 'Innocent', 'Innocent', 'Innocent', 'Innocent', 'Innocent', 'Innocent', 'Innocent', 'Innocent', 'Innocent', 'Innocent', 'Innocent', 'Innocent', 'Innocent', 'Innocent', 'Innocent', 'Innocent', 'Innocent', 'Innocent', 'Innocent', 'Innocent', 'Innocent', 'Innocent', 'Innocent', 'Innocent', 'Innocent', 'Innocent', 'Innocent', 'Innocent', 'Innocent', 'Innocent', 'Innocent', 'Innocent', 'Innocent', 'Innocent', 'Innocent', 'Innocent', 'Innocent', 'Innocent', 'Innocent', 'Innocent', 'Innocent', 'Innocent', 'Innocent', 'Innocent', 'Innocent', 'Innocent', 'Innocent', 'Innocent', 'Innocent', 'Innocent', 'Innocent', 'Innocent', 'Innocent', 'Innocent', 'Innocent', 'Innocent', 'Innocent', 'Innocent', 'Innocent', 'Innocent', 'Innocent', 'Innocent', 'Innocent', 'Innocent', 'Innocent', 'Innocent', 'Innocent', 'Innocent', 'Innocent', 'Innocent', 'Innocent', 'Innocent', 'Innocent', 'Innocent', 'Innocent', 'Innocent', 'Innocent', 'Innocent', 'Innocent', 'Innocent', 'Innocent', 'Innocent', 'Innocent', 'Innocent', 'Innocent', 'Innocent', 'Innocent', 'Innocent', 'Innocent', 'Innocent', 'Innocent', 'Innocent', 'Innocent', 'Innocent', 'Innocent', 'Innocent', 'Innocent', 'Innocent', 'Innocent', 'Innocent', 'Innocent', 'Innocent', 'Innocent', 'Innocent', 'Innocent', 'Innocent', 'Innocent', 'Innocent', 'Innocent', 'Innocent', 'Innocent', 'Innocent', 'Innocent', 'Innocent', 'Innocent', 'Innocent', 'Innocent', 'Innocent', 'Innocent', 'Innocent', 'Innocent', 'Innocent', 'Innocent', 'Innocent', 'Innocent', 'Innocent', 'Innocent', 'Innocent', 'Innocent', 'Innocent', 'Innocent', 'Innocent', 'Innocent', 'Innocent', 'Innocent', 'Innocent', 'Innocent', 'Innocent', 'Innocent', 'Innocent', 'Innocent', 'Innocent', 'Innocent', 'Innocent', 'Innocent', 'Innocent', 'Innocent', 'Innocent', 'Innocent', 'Innocent', 'Innocent', 'Innocent', 'Innocent', 'Innocent', 'Innocent', 'Innocent', 'Innocent', 'Innocent', 'Innocent', 'Innocent', 'Innocent', 'Innocent', 'Innocent', 'Innocent', 'Innocent', 'Innocent', 'Innocent', 'Innocent', 'Innocent', 'Innocent', 'Innocent', 'Innocent', 'Innocent', 'Innocent', 'Innocent', 'Innocent', 'Innocent', 'Innocent', 'Innocent', 'Innocent', 'Innocent', 'Innocent', 'Innocent', 'Innocent', 'Innocent', 'Innocent', 'Innocent', 'Innocent', 'Innocent', 'Innocent', 'Innocent', 'Innocent', 'Innocent', 'Innocent', 'Innocent', 'Innocent', 'Innocent', 'Innocent', 'Innocent', 'Innocent', 'Innocent', 'Innocent', 'Innocent', 'Innocent', 'Innocent', 'Innocent', 'Innocent', 'Innocent', 'Innocent', 'Innocent', 'Innocent', 'Innocent', 'Innocent', 'Innocent', 'Innocent', 'Innocent', 'Innocent', 'Innocent', 'Innocent', 'Innocent', 'Innocent', 'Innocent', 'Innocent', 'Innocent', 'Innocent', 'Innocent', 'Innocent', 'Innocent', 'Innocent', 'Innocent', 'Innocent', 'Innocent', 'Innocent', 'Innocent', 'Innocent', 'Innocent', 'Innocent', 'Innocent', 'Innocent', 'Innocent', 'Innocent', 'Innocent', 'Innocent', 'Innocent', 'Innocent', 'Innocent', 'Innocent', 'Innocent', 'Innocent', 'Innocent', 'Innocent', 'Innocent', 'Innocent', 'Innocent', 'Innocent', 'Innocent', 'Innocent', 'Innocent', 'Innocent', 'Innocent', 'Innocent', 'Innocent', 'Innocent', 'Innocent', 'Innocent', 'Innocent', 'Innocent', 'Innocent', 'Innocent', 'Innocent', 'Innocent', 'Innocent', 'Innocent', 'Innocent', 'Innocent', 'Innocent', 'Innocent', 'Innocent', 'Innocent', 'Innocent', 'Innocent', 'Innocent', 'Innocent', 'Innocent', 'Innocent', 'Innocent', 'Innocent', 'Innocent', 'Innocent', 'Innocent', 'Innocent', 'Innocent', 'Innocent', 'Innocent', 'Innocent', 'Innocent', 'Innocent', 'Innocent', 'Innocent', 'Innocent', 'Innocent', 'Innocent', 'Innocent', 'Innocent', 'Innocent', 'Innocent', 'Innocent', 'Innocent', 'Innocent', 'Innocent', 'Innocent', 'Innocent', 'Innocent', 'Innocent', 'Innocent', 'Innocent', 'Innocent', 'Innocent', 'Innocent', 'Innocent', 'Innocent', 'Innocent', 'Innocent', 'Innocent', 'Innocent', 'Innocent', 'Innocent', 'Innocent', 'Innocent', 'Innocent', 'Innocent', 'Innocent', 'Innocent', 'Innocent', 'Innocent', 'Innocent', 'Innocent', 'Innocent', 'Innocent', 'Innocent', 'Innocent', 'Innocent', 'Innocent', 'Innocent', 'Innocent', 'Innocent', 'Innocent', 'Innocent', 'Innocent', 'Innocent', 'Innocent', 'Innocent', 'Innocent', 'Innocent', 'Innocent', 'Innocent', 'Innocent', 'Innocent', 'Innocent', 'Innocent', 'Innocent', 'Innocent', 'Innocent', 'Innocent', 'Innocent', 'Innocent', 'Innocent', 'Innocent', 'Innocent', 'Innocent', 'Innocent', 'Innocent', 'Innocent', 'Innocent', 'Innocent', 'Innocent', 'Innocent', 'Innocent', 'Innocent', 'Innocent', 'Innocent', 'Innocent', 'Innocent', 'Innocent', 'Innocent', 'Innocent', 'Innocent', 'Innocent', 'Innocent', 'Innocent', 'Innocent', 'Innocent', 'Innocent', 'Innocent', 'Innocent', 'Innocent', 'Innocent', 'Innocent', 'Innocent', 'Innocent', 'Innocent', 'Innocent', 'Innocent', 'Innocent', 'Innocent', 'Innocent', 'Innocent', 'Innocent', 'Innocent', 'Innocent', 'Innocent', 'Innocent', 'Innocent', 'Innocent', 'Innocent', 'Innocent', 'Innocent', 'Innocent', 'Innocent', 'Innocent', 'Innocent', 'Innocent', 'Innocent', 'Innocent', 'Innocent', 'Innocent', 'Innocent', 'Innocent', 'Innocent', 'Innocent', 'Innocent', 'Innocent', 'Innocent', 'Innocent', 'Innocent', 'Innocent', 'Innocent', 'Innocent', 'Innocent', 'Innocent', 'Innocent', 'Innocent', 'Innocent', 'Innocent', 'Innocent', 'Innocent', 'Innocent', 'Innocent', 'Innocent', 'Innocent', 'Innocent', 'Innocent', 'Innocent', 'Innocent', 'Innocent', 'Innocent', 'Innocent', 'Innocent', 'Innocent', 'Innocent', 'Innocent', 'Innocent', 'Innocent', 'Innocent', 'Innocent', 'Innocent', 'Innocent', 'Innocent', 'Innocent', 'Innocent', 'Innocent', 'Innocent', 'Innocent', 'Innocent', 'Innocent', 'Innocent', 'Innocent', 'Innocent', 'Innocent', 'Innocent', 'Innocent', 'Innocent', 'Innocent', 'Innocent', 'Innocent', 'Innocent', 'Innocent', 'Innocent', 'Innocent', 'Innocent', 'Innocent', 'Innocent', 'Innocent', 'Innocent', 'Innocent', 'Innocent', 'Innocent', 'Innocent', 'Innocent', 'Innocent', 'Innocent', 'Innocent', 'Innocent', 'Innocent', 'Innocent', 'Innocent', 'Innocent', 'Innocent', 'Innocent', 'Innocent', 'Innocent', 'Innocent', 'Innocent', 'Innocent', 'Innocent', 'Innocent', 'Innocent', 'Innocent', 'Innocent', 'Innocent', 'Innocent', 'Innocent', 'Innocent', 'Innocent', 'Innocent', 'Innocent', 'Innocent', 'Innocent', 'Innocent', 'Innocent', 'Innocent', 'Innocent', 'Innocent', 'Innocent', 'Innocent', 'Innocent', 'Innocent', 'Innocent', 'Innocent', 'Innocent', 'Innocent', 'Innocent', 'Innocent', 'Innocent', 'Innocent', 'Innocent', 'Innocent', 'Innocent', 'Innocent', 'Innocent', 'Innocent', 'Innocent', 'Innocent', 'Innocent', 'Innocent', 'Innocent', 'Innocent', 'Innocent', 'Innocent', 'Innocent', 'Innocent', 'Innocent', 'Innocent', 'Innocent', 'Innocent', 'Innocent', 'Innocent', 'Innocent', 'Innocent', 'Innocent', 'Innocent', 'Innocent', 'Innocent', 'Innocent', 'Innocent', 'Innocent', 'Innocent', 'Innocent', 'Innocent', 'Innocent', 'Innocent', 'Innocent', 'Innocent', 'Innocent', 'Innocent', 'Innocent', 'Innocent', 'Innocent', 'Innocent', 'Innocent', 'Innocent', 'Innocent', 'Innocent', 'Innocent', 'Innocent', 'Innocent', 'Innocent', 'Innocent', 'Innocent', 'Innocent', 'Innocent', 'Innocent', 'Innocent', 'Innocent', 'Innocent', 'Innocent', 'Innocent', 'Innocent', 'Innocent', 'Innocent', 'Innocent', 'Innocent', 'Innocent', 'Innocent', 'Innocent', 'Innocent', 'Innocent', 'Innocent', 'Innocent', 'Innocent', 'Innocent', 'Innocent', 'Innocent', 'Innocent', 'Innocent', 'Innocent', 'Innocent', 'Innocent', 'Innocent', 'Innocent', 'Innocent', 'Innocent', 'Innocent', 'Innocent', 'Innocent', 'Innocent', 'Innocent', 'Innocent', 'Innocent', 'Innocent', 'Innocent', 'Innocent', 'Innocent', 'Innocent', 'Innocent', 'Innocent', 'Innocent', 'Innocent', 'Innocent', 'Innocent', 'Innocent', 'Innocent', 'Innocent', 'Innocent', 'Innocent', 'Innocent', 'Innocent', 'Innocent', 'Innocent', 'Innocent', 'Innocent', 'Innocent', 'Innocent', 'Innocent', 'Innocent', 'Innocent', 'Innocent', 'Innocent', 'Innocent', 'Innocent', 'Innocent', 'Innocent', 'Innocent', 'Innocent', 'Innocent', 'Innocent', 'Innocent', 'Innocent', 'Innocent', 'Innocent', 'Innocent', 'Innocent', 'Innocent', 'Innocent', 'Innocent', 'Innocent', 'Innocent', 'Innocent', 'Innocent', 'Innocent', 'Innocent', 'Innocent', 'Innocent', 'Innocent', 'Innocent', 'Innocent', 'Innocent', 'Innocent', 'Innocent', 'Innocent', 'Innocent', 'Innocent', 'Innocent', 'Innocent', 'Innocent', 'Innocent', 'Innocent', 'Innocent', 'Innocent', 'Innocent', 'Innocent', 'Innocent', 'Innocent', 'Innocent', 'Innocent', 'Innocent', 'Innocent', 'Innocent', 'Innocent', 'Innocent', 'Innocent', 'Innocent', 'Innocent', 'Innocent', 'Innocent', 'Innocent', 'Innocent', 'Innocent', 'Innocent', 'Innocent', 'Innocent', 'Innocent', 'Innocent', 'Innocent', 'Innocent', 'Innocent', 'Innocent', 'Innocent', 'Innocent', 'Innocent', 'Innocent', 'Innocent', 'Innocent', 'Innocent', 'Innocent', 'Innocent', 'Innocent', 'Innocent', 'Innocent', 'Innocent', 'Innocent', 'Innocent', 'Innocent', 'Innocent', 'Innocent', 'Innocent', 'Innocent', 'Innocent', 'Innocent', 'Innocent', 'Innocent', 'Innocent', 'Innocent', 'Innocent', 'Innocent', 'Innocent', 'Innocent', 'Innocent', 'Innocent', 'Innocent', 'Innocent', 'Innocent', 'Innocent', 'Innocent', 'Innocent', 'Innocent', 'Innocent', 'Innocent', 'Innocent', 'Innocent', 'Innocent', 'Innocent', 'Innocent', 'Innocent', 'Innocent', 'Innocent', 'Innocent', 'Innocent', 'Innocent', 'Innocent', 'Innocent', 'Innocent', 'Innocent', 'Innocent', 'Innocent', 'Innocent', 'Innocent', 'Innocent', 'Innocent', 'Innocent', 'Innocent', 'Innocent', 'Innocent', 'Innocent', 'Innocent', 'Innocent', 'Innocent', 'Innocent', 'Innocent', 'Innocent', 'Innocent', 'Innocent', 'Innocent', 'Innocent', 'Innocent', 'Innocent', 'Innocent', 'Innocent', 'Innocent', 'Innocent', 'Innocent', 'Innocent', 'Innocent', 'Innocent', 'Innocent', 'Innocent', 'Innocent', 'Innocent', 'Innocent', 'Innocent', 'Innocent', 'Innocent', 'Innocent', 'Innocent', 'Innocent', 'Innocent', 'Innocent', 'Innocent', 'Innocent', 'Innocent', 'Innocent', 'Innocent', 'Innocent', 'Innocent', 'Innocent', 'Innocent', 'Innocent', 'Innocent', 'Innocent', 'Innocent', 'Innocent', 'Innocent', 'Innocent', 'Innocent', 'Innocent', 'Innocent', 'Innocent', 'Innocent', 'Innocent', 'Innocent', 'Innocent', 'Innocent', 'Innocent', 'Innocent', 'Innocent', 'Innocent', 'Innocent', 'Innocent', 'Innocent', 'Innocent', 'Innocent', 'Innocent', 'Innocent', 'Innocent', 'Innocent', 'Innocent', 'Innocent', 'Innocent', 'Innocent', 'Innocent', 'Innocent', 'Innocent', 'Innocent', 'Innocent', 'Innocent', 'Innocent', 'Innocent', 'Innocent', 'Innocent', 'Innocent', 'Innocent', 'Innocent', 'Innocent', 'Innocent', 'Innocent', 'Innocent', 'Innocent', 'Innocent', 'Innocent', 'Innocent', 'Innocent', 'Innocent', 'Innocent', 'Innocent', 'Innocent', 'Innocent', 'Innocent', 'Innocent', 'Innocent', 'Innocent', 'Innocent', 'Innocent', 'Innocent', 'Innocent', 'Innocent', 'Innocent', 'Innocent', 'Innocent', 'Innocent', 'Innocent', 'Innocent', 'Innocent', 'Innocent', 'Innocent', 'Innocent', 'Innocent', 'Innocent', 'Innocent', 'Innocent', 'Innocent', 'Innocent', 'Innocent', 'Innocent', 'Innocent', 'Innocent', 'Innocent', 'Innocent', 'Innocent', 'Innocent', 'Innocent', 'Innocent', 'Innocent', 'Innocent', 'Innocent', 'Innocent', 'Innocent', 'Innocent', 'Innocent', 'Innocent', 'Innocent', 'Innocent', 'Innocent', 'Innocent', 'Innocent', 'Innocent', 'Innocent', 'Innocent', 'Innocent', 'Innocent', 'Innocent', 'Innocent', 'Innocent', 'Innocent', 'Innocent', 'Innocent', 'Innocent', 'Innocent', 'Innocent', 'Innocent', 'Innocent', 'Innocent', 'Innocent', 'Innocent', 'Innocent', 'Innocent', 'Innocent', 'Innocent', 'Innocent', 'Innocent', 'Innocent', 'Innocent', 'Innocent', 'Innocent', 'Innocent', 'Innocent', 'Innocent', 'Innocent', 'Innocent', 'Innocent', 'Innocent', 'Innocent', 'Innocent', 'Innocent', 'Innocent', 'Innocent', 'Innocent', 'Innocent', 'Innocent', 'Innocent', 'Innocent', 'Innocent', 'Innocent', 'Innocent', 'Innocent', 'Innocent', 'Innocent', 'Innocent', 'Innocent', 'Innocent', 'Innocent', 'Innocent', 'Innocent', 'Innocent', 'Innocent', 'Innocent', 'Innocent', 'Innocent', 'Innocent', 'Innocent', 'Innocent', 'Innocent', 'Innocent', 'Innocent', 'Innocent', 'Innocent', 'Innocent', 'Innocent', 'Innocent', 'Innocent', 'Innocent', 'Innocent', 'Innocent', 'Innocent', 'Innocent', 'Innocent', 'Innocent', 'Innocent', 'Innocent', 'Innocent', 'Innocent', 'Innocent', 'Innocent', 'Innocent', 'Innocent', 'Innocent', 'Innocent', 'Innocent', 'Innocent', 'Innocent', 'Innocent', 'Innocent', 'Innocent', 'Innocent', 'Innocent', 'Innocent', 'Innocent', 'Innocent', 'Innocent', 'Innocent', 'Innocent', 'Innocent', 'Innocent', 'Innocent', 'Innocent', 'Innocent', 'Innocent', 'Innocent', 'Innocent', 'Innocent', 'Innocent', 'Innocent', 'Innocent', 'Innocent', 'Innocent', 'Innocent', 'Innocent', 'Innocent', 'Innocent', 'Innocent', 'Innocent', 'Innocent', 'Innocent', 'Innocent', 'Innocent', 'Innocent', 'Innocent', 'Innocent', 'Innocent', 'Innocent', 'Innocent', 'Innocent', 'Innocent', 'Innocent', 'Innocent', 'Innocent', 'Innocent', 'Innocent', 'Innocent', 'Innocent', 'Innocent', 'Innocent', 'Innocent', 'Innocent', 'Innocent', 'Innocent', 'Innocent', 'Innocent', 'Innocent', 'Innocent', 'Innocent', 'Innocent', 'Innocent', 'Innocent', 'Innocent', 'Innocent', 'Innocent', 'Innocent', 'Innocent', 'Innocent', 'Innocent', 'Innocent', 'Innocent', 'Innocent', 'Innocent', 'Innocent', 'Innocent', 'Innocent', 'Innocent', 'Innocent', 'Innocent', 'Innocent', 'Innocent', 'Innocent', 'Innocent', 'Innocent', 'Innocent', 'Innocent', 'Innocent', 'Innocent', 'Innocent', 'Innocent', 'Innocent', 'Innocent', 'Innocent', 'Innocent', 'Innocent', 'Innocent', 'Innocent', 'Innocent', 'Innocent', 'Innocent', 'Innocent', 'Innocent', 'Innocent', 'Innocent', 'Innocent', 'Innocent', 'Innocent', 'Innocent', 'Innocent', 'Innocent', 'Innocent', 'Innocent', 'Innocent', 'Innocent', 'Innocent', 'Innocent', 'Innocent', 'Innocent', 'Innocent', 'Innocent', 'Innocent', 'Innocent', 'Innocent', 'Innocent', 'Innocent', 'Innocent', 'Innocent', 'Innocent', 'Innocent', 'Innocent', 'Innocent', 'Innocent', 'Innocent', 'Innocent', 'Innocent', 'Innocent', 'Innocent', 'Innocent', 'Innocent', 'Innocent', 'Innocent', 'Innocent', 'Innocent', 'Innocent', 'Innocent', 'Innocent', 'Innocent', 'Innocent', 'Innocent', 'Innocent', 'Innocent', 'Innocent', 'Innocent', 'Innocent', 'Innocent', 'Innocent', 'Innocent', 'Innocent', 'Innocent', 'Innocent', 'Innocent', 'Innocent', 'Innocent', 'Innocent', 'Innocent', 'Innocent', 'Innocent', 'Innocent', 'Innocent', 'Innocent', 'Innocent', 'Innocent', 'Innocent', 'Innocent', 'Innocent', 'Innocent', 'Innocent', 'Innocent', 'Innocent', 'Innocent', 'Innocent', 'Innocent', 'Innocent', 'Innocent', 'Innocent', 'Innocent', 'Innocent', 'Innocent', 'Innocent', 'Innocent', 'Innocent', 'Innocent', 'Innocent', 'Innocent', 'Innocent', 'Innocent', 'Innocent', 'Innocent', 'Innocent', 'Innocent', 'Innocent', 'Innocent', 'Innocent', 'Innocent', 'Innocent', 'Innocent', 'Innocent', 'Innocent', 'Innocent', 'Innocent', 'Innocent', 'Innocent', 'Innocent', 'Innocent', 'Innocent', 'Innocent', 'Innocent', 'Innocent', 'Innocent', 'Innocent', 'Innocent', 'Innocent', 'Innocent', 'Innocent', 'Innocent', 'Innocent', 'Innocent', 'Innocent', 'Innocent', 'Innocent', 'Innocent', 'Innocent', 'Innocent', 'Innocent', 'Innocent', 'Innocent', 'Innocent', 'Innocent', 'Innocent', 'Innocent', 'Innocent', 'Innocent', 'Innocent', 'Innocent', 'Innocent', 'Innocent', 'Innocent', 'Innocent', 'Innocent', 'Innocent', 'Innocent', 'Innocent', 'Innocent', 'Innocent', 'Innocent', 'Innocent', 'Innocent', 'Innocent', 'Innocent', 'Innocent', 'Innocent', 'Innocent', 'Innocent', 'Innocent', 'Innocent', 'Innocent', 'Innocent', 'Innocent', 'Innocent', 'Innocent', 'Innocent', 'Innocent', 'Innocent', 'Innocent', 'Innocent', 'Innocent', 'Innocent', 'Innocent', 'Innocent', 'Innocent', 'Innocent', 'Innocent', 'Innocent', 'Innocent', 'Innocent', 'Innocent', 'Innocent', 'Innocent', 'Innocent', 'Innocent', 'Innocent', 'Innocent', 'Innocent', 'Innocent', 'Innocent', 'Innocent', 'Innocent', 'Innocent', 'Innocent', 'Innocent', 'Innocent', 'Innocent', 'Innocent', 'Innocent', 'Innocent', 'Innocent', 'Innocent', 'Innocent', 'Innocent', 'Innocent', 'Innocent', 'Innocent', 'Innocent', 'Innocent', 'Innocent', 'Innocent', 'Innocent', 'Innocent', 'Innocent', 'Innocent', 'Innocent', 'Innocent', 'Innocent', 'Innocent', 'Innocent', 'Innocent', 'Innocent', 'Innocent', 'Innocent', 'Innocent', 'Innocent', 'Innocent', 'Innocent', 'Innocent', 'Innocent', 'Innocent', 'Innocent', 'Innocent', 'Innocent', 'Innocent', 'Innocent', 'Innocent', 'Innocent', 'Innocent', 'Innocent', 'Innocent', 'Innocent', 'Innocent', 'Innocent', 'Innocent', 'Innocent', 'Innocent', 'Innocent', 'Innocent', 'Innocent', 'Innocent', 'Innocent', 'Innocent', 'Innocent', 'Innocent', 'Innocent', 'Innocent', 'Innocent', 'Innocent', 'Innocent', 'Innocent', 'Innocent', 'Innocent', 'Innocent', 'Innocent', 'Innocent', 'Innocent', 'Innocent', 'Innocent', 'Innocent', 'Innocent', 'Innocent', 'Innocent', 'Innocent', 'Innocent', 'Innocent', 'Innocent', 'Innocent', 'Innocent', 'Innocent', 'Innocent', 'Innocent', 'Innocent', 'Innocent', 'Innocent', 'Innocent', 'Innocent', 'Innocent', 'Innocent', 'Innocent', 'Innocent', 'Innocent', 'Innocent', 'Innocent', 'Innocent', 'Innocent', 'Innocent', 'Innocent', 'Innocent', 'Innocent', 'Innocent', 'Innocent', 'Innocent', 'Innocent', 'Innocent', 'Innocent', 'Innocent', 'Innocent', 'Innocent', 'Innocent', 'Innocent', 'Innocent', 'Innocent', 'Innocent', 'Innocent', 'Innocent', 'Innocent', 'Innocent', 'Innocent', 'Innocent', 'Innocent', 'Innocent', 'Innocent', 'Innocent', 'Innocent', 'Innocent', 'Innocent', 'Innocent', 'Innocent', 'Innocent', 'Innocent', 'Innocent', 'Innocent', 'Innocent', 'Innocent', 'Innocent', 'Innocent', 'Innocent', 'Innocent', 'Innocent', 'Innocent', 'Innocent', 'Innocent', 'Innocent', 'Innocent', 'Innocent', 'Innocent', 'Innocent', 'Innocent', 'Innocent', 'Innocent', 'Innocent', 'Innocent', 'Innocent', 'Innocent', 'Innocent', 'Innocent', 'Innocent', 'Innocent', 'Innocent', 'Innocent', 'Innocent', 'Innocent', 'Innocent', 'Innocent', 'Innocent', 'Innocent', 'Innocent', 'Innocent', 'Innocent', 'Innocent', 'Innocent', 'Innocent', 'Innocent', 'Innocent', 'Innocent', 'Innocent', 'Innocent', 'Innocent', 'Innocent', 'Innocent', 'Innocent', 'Innocent', 'Innocent', 'Innocent', 'Innocent', 'Innocent', 'Innocent', 'Innocent', 'Innocent', 'Innocent', 'Innocent', 'Innocent', 'Innocent', 'Innocent', 'Innocent', 'Innocent', 'Innocent', 'Innocent', 'Innocent', 'Innocent', 'Innocent', 'Innocent', 'Innocent', 'Innocent', 'Innocent', 'Innocent', 'Innocent', 'Innocent', 'Innocent', 'Innocent', 'Innocent', 'Innocent', 'Innocent', 'Innocent', 'Innocent', 'Innocent', 'Innocent', 'Innocent', 'Innocent', 'Innocent', 'Innocent', 'Innocent', 'Innocent', 'Innocent', 'Innocent', 'Innocent', 'Innocent', 'Innocent', 'Innocent', 'Innocent', 'Innocent', 'Innocent', 'Innocent', 'Innocent', 'Innocent', 'Innocent', 'Innocent', 'Innocent', 'Innocent', 'Innocent', 'Innocent', 'Innocent', 'Innocent', 'Innocent', 'Innocent', 'Innocent', 'Innocent', 'Innocent', 'Innocent', 'Innocent', 'Innocent', 'Innocent', 'Innocent', 'Innocent', 'Innocent', 'Innocent', 'Innocent', 'Innocent', 'Innocent', 'Innocent', 'Innocent', 'Innocent', 'Innocent', 'Innocent', 'Innocent', 'Innocent', 'Innocent', 'Innocent', 'Innocent', 'Innocent', 'Innocent', 'Innocent', 'Innocent', 'Innocent', 'Innocent', 'Innocent', 'Innocent', 'Innocent', 'Innocent', 'Innocent', 'Innocent', 'Innocent', 'Innocent', 'Innocent', 'Innocent', 'Innocent', 'Innocent', 'Innocent', 'Innocent', 'Innocent', 'Innocent', 'Innocent', 'Innocent', 'Innocent', 'Innocent', 'Innocent', 'Innocent', 'Innocent', 'Innocent', 'Innocent', 'Innocent', 'Innocent', 'Innocent', 'Innocent', 'Innocent', 'Innocent', 'Innocent', 'Innocent', 'Innocent', 'Innocent', 'Innocent', 'Innocent', 'Innocent', 'Innocent', 'Innocent', 'Innocent', 'Innocent', 'Innocent', 'Innocent', 'Innocent', 'Innocent', 'Innocent', 'Innocent', 'Innocent', 'Innocent', 'Innocent', 'Innocent', 'Innocent', 'Innocent', 'Innocent', 'Innocent', 'Innocent', 'Innocent', 'Innocent', 'Innocent', 'Innocent', 'Innocent', 'Innocent', 'Innocent', 'Innocent', 'Innocent', 'Innocent', 'Innocent', 'Innocent', 'Innocent', 'Innocent', 'Innocent', 'Innocent', 'Innocent', 'Innocent', 'Innocent', 'Innocent', 'Innocent', 'Innocent', 'Innocent', 'Innocent', 'Innocent', 'Innocent', 'Innocent', 'Innocent', 'Innocent', 'Innocent', 'Innocent', 'Innocent', 'Innocent', 'Innocent', 'Innocent', 'Innocent', 'Innocent', 'Innocent', 'Innocent', 'Innocent', 'Innocent', 'Innocent', 'Innocent', 'Innocent', 'Innocent', 'Innocent', 'Innocent', 'Innocent', 'Innocent', 'Innocent', 'Innocent', 'Innocent', 'Innocent', 'Innocent', 'Innocent', 'Innocent', 'Innocent', 'Innocent', 'Innocent', 'Innocent', 'Innocent', 'Innocent', 'Innocent', 'Innocent', 'Innocent', 'Innocent', 'Innocent', 'Innocent', 'Innocent', 'Innocent', 'Innocent', 'Innocent', 'Innocent', 'Innocent', 'Innocent', 'Innocent', 'Innocent', 'Innocent', 'Innocent', 'Innocent', 'Innocent', 'Innocent', 'Innocent', 'Innocent', 'Innocent', 'Innocent', 'Innocent', 'Innocent', 'Innocent', 'Innocent', 'Innocent', 'Innocent', 'Innocent', 'Innocent', 'Innocent', 'Innocent', 'Innocent', 'Innocent', 'Innocent', 'Innocent', 'Innocent', 'Innocent', 'Innocent', 'Innocent', 'Innocent', 'Innocent', 'Innocent', 'Innocent', 'Innocent', 'Innocent', 'Innocent', 'Innocent', 'Innocent', 'Innocent', 'Innocent', 'Innocent', 'Innocent', 'Innocent', 'Innocent', 'Innocent', 'Innocent', 'Innocent', 'Innocent', 'Innocent', 'Innocent', 'Innocent', 'Innocent', 'Innocent', 'Innocent', 'Innocent', 'Innocent', 'Innocent', 'Innocent', 'Innocent', 'Innocent', 'Innocent', 'Innocent', 'Innocent', 'Innocent', 'Innocent', 'Innocent', 'Innocent', 'Innocent', 'Innocent', 'Innocent', 'Innocent', 'Innocent', 'Innocent', 'Innocent', 'Innocent', 'Innocent', 'Innocent', 'Innocent', 'Innocent', 'Innocent', 'Innocent', 'Innocent', 'Innocent', 'Innocent', 'Innocent', 'Innocent', 'Innocent', 'Innocent', 'Innocent', 'Innocent', 'Innocent', 'Innocent', 'Innocent', 'Innocent', 'Innocent', 'Innocent', 'Innocent', 'Innocent', 'Innocent', 'Innocent', 'Innocent', 'Innocent', 'Innocent', 'Innocent', 'Innocent', 'Innocent', 'Innocent', 'Innocent', 'Innocent', 'Innocent', 'Innocent', 'Innocent', 'Innocent', 'Innocent', 'Innocent', 'Innocent', 'Innocent', 'Innocent', 'Innocent', 'Innocent', 'Innocent', 'Innocent', 'Innocent', 'Innocent', 'Innocent', 'Innocent', 'Innocent', 'Innocent', 'Innocent', 'Innocent', 'Innocent', 'Innocent', 'Innocent', 'Innocent', 'Innocent', 'Innocent', 'Innocent', 'Innocent', 'Innocent', 'Innocent', 'Innocent', 'Innocent', 'Innocent', 'Innocent', 'Innocent', 'Innocent', 'Innocent', 'Innocent', 'Innocent', 'Innocent', 'Innocent', 'Innocent', 'Innocent', 'Innocent', 'Innocent', 'Innocent', 'Innocent', 'Innocent', 'Innocent', 'Innocent', 'Innocent', 'Innocent', 'Innocent', 'Innocent', 'Innocent', 'Innocent', 'Innocent', 'Innocent', 'Innocent', 'Innocent', 'Innocent', 'Innocent', 'Innocent', 'Innocent', 'Innocent', 'Innocent', 'Innocent', 'Innocent', 'Innocent', 'Innocent', 'Innocent', 'Innocent', 'Innocent', 'Innocent', 'Innocent', 'Innocent', 'Innocent', 'Innocent', 'Innocent', 'Innocent', 'Innocent', 'Innocent', 'Innocent', 'Innocent', 'Innocent', 'Innocent', 'Innocent', 'Innocent', 'Innocent', 'Innocent', 'Innocent', 'Innocent', 'Innocent', 'Innocent', 'Innocent', 'Innocent', 'Innocent', 'Innocent', 'Innocent', 'Innocent', 'Innocent', 'Innocent', 'Innocent', 'Innocent', 'Innocent', 'Innocent', 'Innocent', 'Innocent', 'Innocent', 'Innocent', 'Innocent', 'Innocent', 'Innocent', 'Innocent', 'Innocent', 'Innocent', 'Innocent', 'Innocent', 'Innocent', 'Innocent', 'Innocent', 'Innocent', 'Innocent', 'Innocent', 'Innocent', 'Innocent', 'Innocent', 'Innocent', 'Innocent', 'Innocent', 'Innocent', 'Innocent', 'Innocent', 'Innocent', 'Innocent', 'Innocent', 'Innocent', 'Innocent', 'Innocent', 'Innocent', 'Innocent', 'Innocent', 'Innocent', 'Innocent', 'Innocent', 'Innocent', 'Innocent', 'Innocent', 'Innocent', 'Innocent', 'Innocent', 'Innocent', 'Innocent', 'Innocent', 'Innocent', 'Innocent', 'Innocent', 'Innocent', 'Innocent', 'Innocent', 'Innocent', 'Innocent', 'Innocent', 'Innocent', 'Innocent', 'Innocent', 'Innocent', 'Innocent', 'Innocent', 'Innocent', 'Innocent', 'Innocent', 'Innocent', 'Innocent', 'Innocent', 'Innocent', 'Innocent', 'Innocent', 'Innocent', 'Innocent', 'Innocent', 'Innocent', 'Innocent', 'Innocent', 'Innocent', 'Innocent', 'Innocent', 'Innocent', 'Innocent', 'Innocent', 'Innocent', 'Innocent', 'Innocent', 'Innocent', 'Innocent', 'Innocent', 'Innocent', 'Innocent', 'Innocent', 'Innocent', 'Innocent', 'Innocent', 'Innocent', 'Innocent', 'Innocent', 'Innocent', 'Innocent', 'Innocent', 'Innocent', 'Innocent', 'Innocent', 'Innocent', 'Innocent', 'Innocent', 'Innocent', 'Innocent', 'Innocent', 'Innocent', 'Innocent', 'Innocent', 'Innocent', 'Innocent', 'Innocent', 'Innocent', 'Innocent', 'Innocent', 'Innocent', 'Innocent', 'Innocent', 'Innocent', 'Innocent', 'Innocent', 'Innocent', 'Innocent', 'Innocent', 'Innocent', 'Innocent', 'Innocent', 'Innocent', 'Innocent', 'Innocent', 'Innocent', 'Innocent', 'Innocent', 'Innocent', 'Innocent', 'Innocent', 'Innocent', 'Innocent', 'Innocent', 'Innocent', 'Innocent', 'Innocent', 'Innocent', 'Innocent', 'Innocent', 'Innocent', 'Innocent', 'Innocent', 'Innocent', 'Innocent', 'Innocent', 'Innocent', 'Innocent', 'Innocent', 'Innocent', 'Innocent', 'Innocent', 'Innocent', 'Innocent', 'Innocent', 'Innocent', 'Innocent', 'Innocent', 'Innocent', 'Innocent', 'Innocent', 'Innocent', 'Innocent', 'Innocent', 'Innocent', 'Innocent', 'Innocent', 'Innocent', 'Innocent', 'Innocent', 'Innocent', 'Innocent', 'Innocent', 'Innocent', 'Innocent', 'Innocent', 'Innocent', 'Innocent', 'Innocent', 'Innocent', 'Innocent', 'Innocent', 'Innocent', 'Innocent', 'Innocent', 'Innocent', 'Innocent', 'Innocent', 'Innocent', 'Innocent', 'Innocent', 'Innocent', 'Innocent', 'Innocent', 'Innocent', 'Innocent', 'Innocent', 'Innocent', 'Innocent', 'Innocent', 'Innocent', 'Innocent', 'Innocent', 'Innocent', 'Innocent', 'Innocent', 'Innocent', 'Innocent', 'Innocent', 'Innocent', 'Innocent', 'Innocent', 'Innocent', 'Innocent', 'Innocent', 'Innocent', 'Innocent', 'Innocent', 'Innocent', 'Innocent', 'Innocent', 'Innocent', 'Innocent', 'Innocent', 'Innocent', 'Innocent', 'Innocent', 'Innocent', 'Innocent', 'Innocent', 'Innocent', 'Innocent', 'Innocent', 'Innocent', 'Innocent', 'Innocent', 'Innocent', 'Innocent', 'Innocent', 'Innocent', 'Innocent', 'Innocent', 'Innocent', 'Innocent', 'Innocent', 'Innocent', 'Innocent', 'Innocent', 'Innocent', 'Innocent', 'Innocent', 'Innocent', 'Innocent', 'Innocent', 'Innocent', 'Innocent', 'Innocent', 'Innocent', 'Innocent', 'Innocent', 'Innocent', 'Innocent', 'Innocent', 'Innocent', 'Innocent', 'Innocent', 'Innocent', 'Innocent', 'Innocent', 'Innocent', 'Innocent', 'Innocent', 'Innocent', 'Innocent', 'Innocent', 'Innocent', 'Innocent', 'Innocent', 'Innocent', 'Innocent', 'Innocent', 'Innocent', 'Innocent', 'Innocent', 'Innocent', 'Innocent', 'Innocent', 'Innocent', 'Innocent', 'Innocent', 'Innocent', 'Innocent', 'Innocent', 'Innocent', 'Innocent', 'Innocent', 'Innocent', 'Innocent', 'Innocent', 'Innocent', 'Innocent', 'Innocent', 'Innocent', 'Innocent', 'Innocent', 'Innocent', 'Innocent', 'Innocent', 'Innocent', 'Innocent', 'Innocent', 'Innocent', 'Innocent', 'Innocent', 'Innocent', 'Innocent', 'Innocent', 'Innocent', 'Innocent', 'Innocent', 'Innocent', 'Innocent', 'Innocent', 'Innocent', 'Innocent', 'Innocent', 'Innocent', 'Innocent', 'Innocent', 'Innocent', 'Innocent', 'Innocent', 'Innocent', 'Innocent', 'Innocent', 'Innocent', 'Innocent', 'Innocent', 'Innocent', 'Innocent', 'Innocent', 'Innocent', 'Innocent', 'Innocent', 'Innocent', 'Innocent', 'Innocent', 'Innocent', 'Innocent', 'Innocent', 'Innocent', 'Innocent', 'Innocent', 'Innocent', 'Innocent', 'Innocent', 'Innocent', 'Innocent', 'Innocent', 'Innocent', 'Innocent', 'Innocent', 'Innocent', 'Innocent', 'Innocent', 'Innocent', 'Innocent', 'Innocent', 'Innocent', 'Innocent', 'Innocent', 'Innocent', 'Innocent', 'Innocent', 'Innocent', 'Innocent', 'Innocent', 'Innocent', 'Innocent', 'Innocent', 'Innocent', 'Innocent', 'Innocent', 'Innocent', 'Innocent', 'Innocent', 'Innocent', 'Innocent', 'Innocent', 'Innocent', 'Innocent', 'Innocent', 'Innocent', 'Innocent', 'Innocent', 'Innocent', 'Innocent', 'Innocent', 'Innocent', 'Innocent', 'Innocent', 'Innocent', 'Innocent', 'Innocent', 'Innocent', 'Innocent', 'Innocent', 'Innocent', 'Innocent', 'Innocent', 'Innocent', 'Innocent', 'Innocent', 'Innocent', 'Innocent', 'Innocent', 'Innocent', 'Innocent', 'Innocent', 'Innocent', 'Innocent', 'Innocent', 'Innocent', 'Innocent', 'Innocent', 'Innocent', 'Innocent', 'Innocent', 'Innocent', 'Innocent', 'Innocent', 'Innocent', 'Innocent', 'Innocent', 'Innocent', 'Innocent', 'Innocent', 'Innocent', 'Innocent', 'Innocent', 'Innocent', 'Innocent', 'Innocent', 'Innocent', 'Innocent', 'Innocent', 'Innocent', 'Innocent', 'Innocent', 'Innocent', 'Innocent', 'Innocent', 'Innocent', 'Innocent', 'Innocent', 'Innocent', 'Innocent', 'Innocent', 'Innocent', 'Innocent', 'Innocent', 'Innocent', 'Innocent', 'Innocent', 'Innocent', 'Innocent', 'Innocent', 'Innocent', 'Innocent', 'Innocent', 'Innocent', 'Innocent', 'Innocent', 'Innocent', 'Innocent', 'Innocent', 'Innocent', 'Innocent', 'Innocent', 'Innocent', 'Innocent', 'Innocent', 'Innocent', 'Innocent', 'Innocent', 'Innocent', 'Innocent', 'Innocent', 'Innocent', 'Innocent', 'Innocent', 'Innocent', 'Innocent', 'Innocent', 'Innocent', 'Innocent', 'Innocent', 'Innocent', 'Innocent', 'Innocent', 'Innocent', 'Innocent', 'Innocent', 'Innocent', 'Innocent', 'Innocent', 'Innocent', 'Innocent', 'Innocent', 'Innocent', 'Innocent', 'Innocent', 'Innocent', 'Innocent', 'Innocent', 'Innocent', 'Innocent', 'Innocent', 'Innocent', 'Innocent', 'Innocent', 'Innocent', 'Innocent', 'Innocent', 'Innocent', 'Innocent', 'Innocent', 'Innocent', 'Innocent', 'Innocent', 'Innocent', 'Innocent', 'Innocent', 'Innocent', 'Innocent', 'Innocent', 'Innocent', 'Innocent', 'Innocent', 'Innocent', 'Innocent', 'Innocent', 'Innocent', 'Innocent', 'Innocent', 'Innocent', 'Innocent', 'Innocent', 'Innocent', 'Innocent', 'Innocent', 'Innocent', 'Innocent', 'Innocent', 'Innocent', 'Innocent', 'Innocent', 'Innocent', 'Innocent', 'Innocent', 'Innocent', 'Innocent', 'Innocent', 'Innocent', 'Innocent', 'Innocent', 'Innocent', 'Innocent', 'Innocent', 'Innocent', 'Innocent', 'Innocent', 'Innocent', 'Innocent', 'Innocent', 'Innocent', 'Innocent', 'Innocent', 'Innocent', 'Innocent', 'Innocent', 'Innocent', 'Innocent', 'Innocent', 'Innocent', 'Innocent', 'Innocent', 'Innocent', 'Innocent', 'Innocent', 'Innocent', 'Innocent', 'Innocent', 'Innocent', 'Innocent', 'Innocent', 'Innocent', 'Innocent', 'Innocent', 'Innocent', 'Innocent', 'Innocent', 'Innocent', 'Innocent', 'Innocent', 'Innocent', 'Innocent', 'Innocent', 'Innocent', 'Innocent', 'Innocent', 'Innocent', 'Innocent', 'Innocent', 'Innocent', 'Innocent', 'Innocent', 'Innocent', 'Innocent', 'Innocent', 'Innocent', 'Innocent', 'Innocent', 'Innocent', 'Innocent', 'Innocent', 'Innocent', 'Innocent', 'Innocent', 'Innocent', 'Innocent', 'Innocent', 'Innocent', 'Innocent', 'Innocent', 'Innocent', 'Innocent', 'Innocent', 'Innocent', 'Innocent', 'Innocent', 'Innocent', 'Innocent', 'Innocent', 'Innocent', 'Innocent', 'Innocent', 'Innocent', 'Innocent', 'Innocent', 'Innocent', 'Innocent', 'Innocent', 'Innocent', 'Innocent', 'Innocent', 'Innocent', 'Innocent', 'Innocent', 'Innocent', 'Innocent', 'Innocent', 'Innocent', 'Innocent', 'Innocent', 'Innocent', 'Innocent', 'Innocent', 'Innocent', 'Innocent', 'Innocent', 'Innocent', 'Innocent', 'Innocent', 'Innocent', 'Innocent', 'Innocent', 'Innocent', 'Innocent', 'Innocent', 'Innocent', 'Innocent', 'Innocent', 'Innocent', 'Innocent', 'Innocent', 'Innocent', 'Innocent', 'Innocent', 'Innocent', 'Innocent', 'Innocent', 'Innocent', 'Innocent', 'Innocent', 'Innocent', 'Innocent', 'Innocent', 'Innocent', 'Innocent', 'Innocent', 'Innocent', 'Innocent', 'Innocent', 'Innocent', 'Innocent', 'Innocent', 'Innocent', 'Innocent', 'Innocent', 'Innocent', 'Innocent', 'Innocent', 'Innocent', 'Innocent', 'Innocent', 'Innocent', 'Innocent', 'Innocent', 'Innocent', 'Innocent', 'Innocent', 'Innocent', 'Innocent', 'Innocent', 'Innocent', 'Innocent', 'Innocent', 'Innocent', 'Innocent', 'Innocent', 'Innocent', 'Innocent', 'Innocent', 'Innocent', 'Innocent', 'Innocent', 'Innocent', 'Innocent', 'Innocent', 'Innocent', 'Innocent', 'Innocent', 'Innocent', 'Innocent', 'Innocent', 'Innocent', 'Innocent', 'Innocent', 'Innocent', 'Innocent', 'Innocent', 'Innocent', 'Innocent', 'Innocent', 'Innocent', 'Innocent', 'Innocent', 'Innocent', 'Innocent', 'Innocent', 'Innocent', 'Innocent', 'Innocent', 'Innocent', 'Innocent', 'Innocent', 'Innocent', 'Innocent', 'Innocent', 'Innocent', 'Innocent', 'Innocent', 'Innocent', 'Innocent', 'Innocent', 'Innocent', 'Innocent', 'Innocent', 'Innocent', 'Innocent', 'Innocent', 'Innocent', 'Innocent', 'Innocent', 'Innocent', 'Innocent', 'Innocent', 'Innocent', 'Innocent', 'Innocent', 'Innocent', 'Innocent', 'Innocent', 'Innocent', 'Innocent', 'Innocent', 'Innocent', 'Innocent', 'Innocent', 'Innocent', 'Innocent', 'Innocent', 'Innocent', 'Innocent', 'Innocent', 'Innocent', 'Innocent', 'Innocent', 'Innocent', 'Innocent', 'Innocent', 'Innocent', 'Innocent', 'Innocent', 'Innocent', 'Innocent', 'Innocent', 'Innocent', 'Innocent', 'Innocent', 'Innocent', 'Innocent', 'Innocent', 'Innocent', 'Innocent', 'Innocent', 'Innocent', 'Innocent', 'Innocent', 'Innocent', 'Innocent', 'Innocent', 'Innocent', 'Innocent', 'Innocent', 'Innocent', 'Innocent', 'Innocent', 'Innocent', 'Innocent', 'Innocent', 'Innocent', 'Innocent', 'Innocent', 'Innocent', 'Innocent', 'Innocent', 'Innocent', 'Innocent', 'Innocent', 'Innocent', 'Innocent', 'Innocent', 'Innocent', 'Innocent', 'Innocent', 'Innocent', 'Innocent', 'Innocent', 'Innocent', 'Innocent', 'Innocent', 'Innocent', 'Innocent', 'Innocent', 'Innocent', 'Innocent', 'Innocent', 'Innocent', 'Innocent', 'Innocent', 'Innocent', 'Innocent', 'Innocent', 'Innocent', 'Innocent', 'Innocent', 'Innocent', 'Innocent', 'Innocent', 'Innocent', 'Innocent', 'Innocent', 'Innocent', 'Innocent', 'Innocent', 'Innocent', 'Innocent', 'Innocent', 'Innocent', 'Innocent', 'Innocent', 'Innocent', 'Innocent', 'Innocent', 'Innocent', 'Innocent', 'Innocent', 'Innocent', 'Innocent', 'Innocent', 'Innocent', 'Innocent', 'Innocent', 'Innocent', 'Innocent', 'Innocent', 'Innocent', 'Innocent', 'Innocent', 'Innocent', 'Innocent', 'Innocent', 'Innocent', 'Innocent', 'Innocent', 'Innocent', 'Innocent', 'Innocent', 'Innocent', 'Innocent', 'Innocent', 'Innocent', 'Innocent', 'Innocent', 'Innocent', 'Innocent', 'Innocent', 'Innocent', 'Innocent', 'Innocent', 'Innocent', 'Innocent', 'Innocent', 'Innocent', 'Innocent', 'Innocent', 'Innocent', 'Innocent', 'Innocent', 'Innocent', 'Innocent', 'Innocent', 'Innocent', 'Innocent', 'Innocent', 'Innocent', 'Innocent', 'Innocent', 'Innocent', 'Innocent', 'Innocent', 'Innocent', 'Innocent', 'Innocent', 'Innocent', 'Innocent', 'Innocent', 'Innocent', 'Innocent', 'Innocent', 'Innocent', 'Innocent', 'Innocent', 'Innocent', 'Innocent', 'Innocent', 'Innocent', 'Innocent', 'Innocent', 'Innocent', 'Innocent', 'Innocent', 'Innocent', 'Innocent', 'Innocent', 'Innocent', 'Innocent', 'Innocent', 'Innocent', 'Innocent', 'Innocent', 'Innocent', 'Innocent', 'Innocent', 'Innocent', 'Innocent', 'Innocent', 'Innocent', 'Innocent', 'Innocent', 'Innocent', 'Innocent', 'Innocent', 'Innocent', 'Innocent', 'Innocent', 'Innocent', 'Innocent', 'Innocent', 'Innocent', 'Innocent', 'Innocent', 'Innocent', 'Innocent', 'Innocent', 'Innocent', 'Innocent', 'Innocent', 'Innocent', 'Innocent', 'Innocent', 'Innocent', 'Innocent', 'Innocent', 'Innocent', 'Innocent', 'Innocent', 'Innocent', 'Innocent', 'Innocent', 'Innocent', 'Innocent', 'Innocent', 'Innocent', 'Innocent', 'Innocent', 'Innocent', 'Innocent', 'Innocent', 'Innocent', 'Innocent', 'Innocent', 'Innocent', 'Innocent', 'Innocent', 'Innocent', 'Innocent', 'Innocent', 'Innocent', 'Innocent', 'Innocent', 'Innocent', 'Innocent', 'Innocent', 'Innocent', 'Innocent', 'Innocent', 'Innocent', 'Innocent', 'Innocent', 'Innocent', 'Innocent', 'Innocent', 'Innocent', 'Innocent', 'Innocent', 'Innocent', 'Innocent', 'Innocent', 'Innocent', 'Innocent', 'Innocent', 'Innocent', 'Innocent', 'Innocent', 'Innocent', 'Innocent', 'Innocent', 'Innocent', 'Innocent', 'Innocent', 'Innocent', 'Innocent', 'Innocent', 'Innocent', 'Innocent', 'Innocent', 'Innocent', 'Innocent', 'Innocent', 'Innocent', 'Innocent', 'Innocent', 'Innocent', 'Innocent', 'Innocent', 'Innocent', 'Innocent', 'Innocent', 'Innocent', 'Innocent', 'Innocent', 'Innocent', 'Innocent', 'Innocent', 'Innocent', 'Innocent', 'Innocent', 'Innocent', 'Innocent', 'Innocent', 'Innocent', 'Innocent', 'Innocent', 'Innocent', 'Innocent', 'Innocent', 'Innocent', 'Innocent', 'Innocent', 'Innocent', 'Innocent', 'Innocent', 'Innocent', 'Innocent', 'Innocent', 'Innocent', 'Innocent', 'Innocent', 'Innocent', 'Innocent', 'Innocent', 'Innocent', 'Innocent', 'Innocent', 'Innocent', 'Innocent', 'Innocent', 'Innocent', 'Innocent', 'Innocent', 'Innocent', 'Innocent', 'Innocent', 'Innocent', 'Innocent', 'Innocent', 'Innocent', 'Innocent', 'Innocent', 'Innocent', 'Innocent', 'Innocent', 'Innocent', 'Innocent', 'Innocent', 'Innocent', 'Innocent', 'Innocent', 'Innocent', 'Innocent', 'Innocent', 'Innocent', 'Innocent', 'Innocent', 'Innocent', 'Innocent', 'Innocent', 'Innocent', 'Innocent', 'Innocent', 'Innocent', 'Innocent', 'Innocent', 'Innocent', 'Innocent', 'Innocent', 'Innocent', 'Innocent', 'Innocent', 'Innocent', 'Innocent', 'Innocent', 'Innocent', 'Innocent', 'Innocent', 'Innocent', 'Innocent', 'Innocent', 'Innocent', 'Innocent', 'Innocent', 'Innocent', 'Innocent', 'Innocent', 'Innocent', 'Innocent', 'Innocent', 'Innocent', 'Innocent', 'Innocent', 'Innocent', 'Innocent', 'Innocent', 'Innocent', 'Innocent', 'Innocent', 'Innocent', 'Innocent', 'Innocent', 'Innocent', 'Innocent', 'Innocent', 'Innocent', 'Innocent', 'Innocent', 'Innocent', 'Innocent', 'Innocent', 'Innocent', 'Innocent', 'Innocent', 'Innocent', 'Innocent', 'Innocent', 'Innocent', 'Innocent', 'Innocent', 'Innocent', 'Innocent', 'Innocent', 'Innocent', 'Innocent', 'Innocent', 'Innocent', 'Innocent', 'Innocent', 'Innocent', 'Innocent', 'Innocent', 'Innocent', 'Innocent', 'Innocent', 'Innocent', 'Innocent', 'Innocent', 'Innocent', 'Innocent', 'Innocent', 'Innocent', 'Innocent', 'Innocent', 'Innocent', 'Innocent', 'Innocent', 'Innocent', 'Innocent', 'Innocent', 'Innocent', 'Innocent', 'Innocent', 'Innocent', 'Innocent', 'Innocent', 'Innocent', 'Innocent', 'Innocent', 'Innocent', 'Innocent', 'Innocent', 'Innocent', 'Innocent', 'Innocent', 'Innocent', 'Innocent', 'Innocent', 'Innocent', 'Innocent', 'Innocent', 'Innocent', 'Innocent', 'Innocent', 'Innocent', 'Innocent', 'Innocent', 'Innocent', 'Innocent', 'Innocent', 'Innocent', 'Innocent', 'Innocent', 'Innocent', 'Innocent', 'Innocent', 'Innocent', 'Innocent', 'Innocent', 'Innocent', 'Innocent', 'Innocent', 'Innocent', 'Innocent', 'Innocent', 'Innocent', 'Innocent', 'Innocent', 'Innocent', 'Innocent', 'Innocent', 'Innocent', 'Innocent', 'Innocent', 'Innocent', 'Innocent', 'Innocent', 'Innocent', 'Innocent', 'Innocent', 'Innocent', 'Innocent', 'Innocent', 'Innocent', 'Innocent', 'Innocent', 'Innocent', 'Innocent', 'Innocent', 'Innocent', 'Innocent', 'Innocent', 'Innocent', 'Innocent', 'Innocent', 'Innocent', 'Innocent', 'Innocent', 'Innocent', 'Innocent', 'Innocent', 'Innocent', 'Innocent', 'Innocent', 'Innocent', 'Innocent', 'Innocent', 'Innocent', 'Innocent', 'Innocent', 'Innocent', 'Innocent', 'Innocent', 'Innocent', 'Innocent', 'Innocent', 'Innocent', 'Innocent', 'Innocent', 'Innocent', 'Innocent', 'Innocent', 'Innocent', 'Innocent', 'Innocent', 'Innocent', 'Innocent', 'Innocent', 'Innocent', 'Innocent', 'Innocent', 'Innocent', 'Innocent', 'Innocent', 'Innocent', 'Innocent', 'Innocent', 'Innocent', 'Innocent', 'Innocent', 'Innocent', 'Innocent', 'Innocent', 'Innocent', 'Innocent', 'Innocent', 'Innocent', 'Innocent', 'Innocent', 'Innocent', 'Innocent', 'Innocent', 'Innocent', 'Innocent', 'Innocent', 'Innocent', 'Innocent', 'Innocent', 'Innocent', 'Innocent', 'Innocent', 'Innocent', 'Innocent', 'Innocent', 'Innocent', 'Innocent', 'Innocent', 'Innocent', 'Innocent', 'Innocent', 'Innocent', 'Innocent', 'Innocent', 'Innocent', 'Innocent', 'Innocent', 'Innocent', 'Innocent', 'Innocent', 'Innocent', 'Innocent', 'Innocent', 'Innocent', 'Innocent', 'Innocent', 'Innocent', 'Innocent', 'Innocent', 'Innocent', 'Innocent', 'Innocent', 'Innocent', 'Innocent', 'Innocent', 'Innocent', 'Innocent', 'Innocent', 'Innocent', 'Innocent', 'Innocent', 'Innocent', 'Innocent', 'Innocent', 'Innocent', 'Innocent', 'Innocent', 'Innocent', 'Innocent', 'Innocent', 'Innocent', 'Innocent', 'Innocent', 'Innocent', 'Innocent', 'Innocent', 'Innocent', 'Innocent', 'Innocent', 'Innocent', 'Innocent', 'Innocent', 'Innocent', 'Innocent', 'Innocent', 'Innocent', 'Innocent', 'Innocent', 'Innocent', 'Innocent', 'Innocent', 'Innocent', 'Innocent', 'Innocent', 'Innocent', 'Innocent', 'Innocent', 'Innocent', 'Innocent', 'Innocent', 'Innocent', 'Innocent', 'Innocent', 'Innocent', 'Innocent', 'Innocent', 'Innocent', 'Innocent', 'Innocent', 'Innocent', 'Innocent', 'Innocent', 'Innocent', 'Innocent', 'Innocent', 'Innocent', 'Innocent', 'Innocent', 'Innocent', 'Innocent', 'Innocent', 'Innocent', 'Innocent', 'Innocent', 'Innocent', 'Innocent', 'Innocent', 'Innocent', 'Innocent', 'Innocent', 'Innocent', 'Innocent', 'Innocent', 'Innocent', 'Innocent', 'Innocent', 'Innocent', 'Innocent', 'Innocent', 'Innocent', 'Innocent', 'Innocent', 'Innocent', 'Innocent', 'Innocent', 'Innocent', 'Innocent', 'Innocent', 'Innocent', 'Innocent', 'Innocent', 'Innocent', 'Innocent', 'Innocent', 'Innocent', 'Innocent', 'Innocent', 'Innocent', 'Innocent', 'Innocent', 'Innocent', 'Innocent', 'Innocent', 'Innocent', 'Innocent', 'Innocent', 'Innocent', 'Innocent', 'Innocent', 'Innocent', 'Innocent', 'Innocent', 'Innocent', 'Innocent', 'Innocent', 'Innocent', 'Innocent', 'Innocent', 'Innocent', 'Innocent', 'Innocent', 'Innocent', 'Innocent', 'Innocent', 'Innocent', 'Innocent', 'Innocent', 'Innocent', 'Innocent', 'Innocent', 'Innocent', 'Innocent', 'Innocent', 'Innocent', 'Innocent', 'Innocent', 'Innocent', 'Innocent', 'Innocent', 'Innocent', 'Innocent', 'Innocent', 'Innocent', 'Innocent', 'Innocent', 'Innocent', 'Innocent', 'Innocent', 'Innocent', 'Innocent', 'Innocent', 'Innocent', 'Innocent', 'Innocent', 'Innocent', 'Innocent', 'Innocent', 'Innocent', 'Innocent', 'Innocent', 'Innocent', 'Innocent', 'Innocent', 'Innocent', 'Innocent', 'Innocent', 'Innocent', 'Innocent', 'Innocent', 'Innocent', 'Innocent', 'Innocent', 'Innocent', 'Innocent', 'Innocent', 'Innocent', 'Innocent', 'Innocent', 'Innocent', 'Innocent', 'Innocent', 'Innocent', 'Innocent', 'Innocent', 'Innocent', 'Innocent', 'Innocent', 'Innocent', 'Innocent', 'Innocent', 'Innocent', 'Innocent', 'Innocent', 'Innocent', 'Innocent', 'Innocent', 'Innocent', 'Innocent', 'Innocent', 'Innocent', 'Innocent', 'Innocent', 'Innocent', 'Innocent', 'Innocent', 'Innocent', 'Innocent', 'Innocent', 'Innocent', 'Innocent', 'Innocent', 'Innocent', 'Innocent', 'Innocent', 'Innocent', 'Innocent', 'Innocent', 'Innocent', 'Innocent', 'Innocent', 'Innocent', 'Innocent', 'Innocent', 'Innocent', 'Innocent', 'Innocent', 'Innocent', 'Innocent', 'Innocent', 'Innocent', 'Innocent', 'Innocent', 'Innocent', 'Innocent', 'Innocent', 'Innocent', 'Innocent', 'Innocent', 'Innocent', 'Innocent', 'Innocent', 'Innocent', 'Innocent', 'Innocent', 'Innocent', 'Innocent', 'Innocent', 'Innocent', 'Innocent', 'Innocent', 'Innocent', 'Innocent', 'Innocent', 'Innocent', 'Innocent', 'Innocent', 'Innocent', 'Innocent', 'Innocent', 'Innocent', 'Innocent', 'Innocent', 'Innocent', 'Innocent', 'Innocent', 'Innocent', 'Innocent', 'Innocent', 'Innocent', 'Innocent', 'Innocent', 'Innocent', 'Innocent', 'Innocent', 'Innocent', 'Innocent', 'Innocent', 'Innocent', 'Innocent', 'Innocent', 'Innocent', 'Innocent', 'Innocent', 'Innocent', 'Innocent', 'Innocent', 'Innocent', 'Innocent', 'Innocent', 'Innocent', 'Innocent', 'Innocent', 'Innocent', 'Innocent', 'Innocent', 'Innocent', 'Innocent', 'Innocent', 'Innocent', 'Innocent', 'Innocent', 'Innocent', 'Innocent', 'Innocent', 'Innocent', 'Innocent', 'Innocent', 'Innocent', 'Innocent', 'Innocent', 'Innocent', 'Innocent', 'Innocent', 'Innocent', 'Innocent', 'Innocent', 'Innocent', 'Innocent', 'Innocent', 'Innocent', 'Innocent', 'Innocent', 'Innocent', 'Innocent', 'Innocent', 'Innocent', 'Innocent', 'Innocent', 'Innocent', 'Innocent', 'Innocent', 'Innocent', 'Innocent', 'Innocent', 'Innocent', 'Innocent', 'Innocent', 'Innocent', 'Innocent', 'Innocent', 'Innocent', 'Innocent', 'Innocent', 'Innocent', 'Innocent', 'Innocent', 'Innocent', 'Innocent', 'Innocent', 'Innocent', 'Innocent', 'Innocent', 'Innocent', 'Innocent', 'Innocent', 'Innocent', 'Innocent', 'Innocent', 'Innocent', 'Innocent', 'Innocent', 'Innocent', 'Innocent', 'Innocent', 'Innocent', 'Innocent', 'Innocent', 'Innocent', 'Innocent', 'Innocent', 'Innocent', 'Innocent', 'Innocent', 'Innocent', 'Innocent', 'Innocent', 'Innocent', 'Innocent', 'Innocent', 'Innocent', 'Innocent', 'Innocent', 'Innocent', 'Innocent', 'Innocent', 'Innocent', 'Innocent', 'Innocent', 'Innocent', 'Innocent', 'Innocent', 'Innocent', 'Innocent', 'Innocent', 'Innocent', 'Innocent', 'Innocent', 'Innocent', 'Innocent', 'Innocent', 'Innocent', 'Innocent', 'Innocent', 'Innocent', 'Innocent', 'Innocent', 'Innocent', 'Innocent', 'Innocent', 'Innocent', 'Innocent', 'Innocent', 'Innocent', 'Innocent', 'Innocent', 'Innocent', 'Innocent', 'Innocent', 'Innocent', 'Innocent', 'Innocent', 'Innocent', 'Innocent', 'Innocent', 'Innocent', 'Innocent', 'Innocent', 'Innocent', 'Innocent', 'Innocent', 'Innocent', 'Innocent', 'Innocent', 'Innocent', 'Innocent', 'Innocent', 'Innocent', 'Innocent', 'Innocent', 'Innocent', 'Innocent', 'Innocent', 'Innocent', 'Innocent', 'Innocent', 'Innocent', 'Innocent', 'Innocent', 'Innocent', 'Innocent', 'Innocent', 'Innocent', 'Innocent', 'Innocent', 'Innocent', 'Innocent', 'Innocent', 'Innocent', 'Innocent', 'Innocent', 'Innocent', 'Innocent', 'Innocent', 'Innocent', 'Innocent', 'Innocent', 'Innocent', 'Innocent', 'Innocent', 'Innocent', 'Innocent', 'Innocent', 'Innocent', 'Innocent', 'Innocent', 'Innocent', 'Innocent', 'Innocent', 'Innocent', 'Innocent', 'Innocent', 'Innocent', 'Innocent', 'Innocent', 'Innocent', 'Innocent', 'Innocent', 'Innocent', 'Innocent', 'Innocent', 'Innocent', 'Innocent', 'Innocent', 'Innocent', 'Innocent', 'Innocent', 'Innocent', 'Innocent', 'Innocent', 'Innocent', 'Innocent', 'Innocent', 'Innocent', 'Innocent', 'Innocent', 'Innocent', 'Innocent', 'Innocent', 'Innocent', 'Innocent', 'Innocent', 'Innocent', 'Innocent', 'Innocent', 'Innocent', 'Innocent', 'Innocent', 'Innocent', 'Innocent', 'Innocent', 'Innocent', 'Innocent', 'Innocent', 'Innocent', 'Innocent', 'Innocent', 'Innocent', 'Innocent', 'Innocent', 'Innocent', 'Innocent', 'Innocent', 'Innocent', 'Innocent', 'Innocent', 'Innocent', 'Innocent', 'Innocent', 'Innocent', 'Innocent', 'Innocent', 'Innocent', 'Innocent', 'Innocent', 'Innocent', 'Innocent', 'Innocent', 'Innocent', 'Innocent', 'Innocent', 'Innocent', 'Innocent', 'Innocent', 'Innocent', 'Innocent', 'Innocent', 'Innocent', 'Innocent', 'Innocent', 'Innocent', 'Innocent', 'Innocent', 'Innocent', 'Innocent', 'Innocent', 'Innocent', 'Innocent', 'Innocent', 'Innocent', 'Innocent', 'Innocent', 'Innocent', 'Innocent', 'Innocent', 'Innocent', 'Innocent', 'Innocent', 'Innocent', 'Innocent', 'Innocent', 'Innocent', 'Innocent', 'Innocent', 'Innocent', 'Innocent', 'Innocent', 'Innocent', 'Innocent', 'Innocent', 'Innocent', 'Innocent', 'Innocent', 'Innocent', 'Innocent', 'Innocent', 'Innocent', 'Innocent', 'Innocent', 'Innocent', 'Innocent', 'Innocent', 'Innocent', 'Innocent', 'Innocent', 'Innocent', 'Innocent', 'Innocent', 'Innocent', 'Innocent', 'Innocent', 'Innocent', 'Innocent', 'Innocent', 'Innocent', 'Innocent', 'Innocent', 'Innocent', 'Innocent', 'Innocent', 'Innocent', 'Innocent', 'Innocent', 'Innocent', 'Innocent', 'Innocent', 'Innocent', 'Innocent', 'Innocent', 'Innocent', 'Innocent', 'Innocent', 'Innocent', 'Innocent', 'Innocent', 'Innocent', 'Innocent', 'Innocent', 'Innocent', 'Innocent', 'Innocent', 'Innocent', 'Innocent', 'Innocent', 'Innocent', 'Innocent', 'Innocent', 'Innocent', 'Innocent', 'Innocent', 'Innocent', 'Innocent', 'Innocent', 'Innocent', 'Innocent', 'Innocent', 'Innocent', 'Innocent', 'Innocent', 'Innocent', 'Innocent', 'Innocent', 'Innocent', 'Innocent', 'Innocent', 'Innocent', 'Innocent', 'Innocent', 'Innocent', 'Innocent', 'Innocent', 'Innocent', 'Innocent', 'Innocent', 'Innocent', 'Innocent', 'Innocent', 'Innocent', 'Innocent', 'Innocent', 'Innocent', 'Innocent', 'Innocent', 'Innocent', 'Innocent', 'Innocent', 'Innocent', 'Innocent', 'Innocent', 'Innocent', 'Innocent', 'Innocent', 'Innocent', 'Innocent', 'Innocent', 'Innocent', 'Innocent', 'Innocent', 'Innocent', 'Innocent', 'Innocent', 'Innocent', 'Innocent', 'Innocent', 'Innocent', 'Innocent', 'Innocent', 'Innocent', 'Innocent', 'Innocent', 'Innocent', 'Innocent', 'Innocent', 'Innocent', 'Innocent', 'Innocent', 'Innocent', 'Innocent', 'Innocent', 'Innocent', 'Innocent', 'Innocent', 'Innocent', 'Innocent', 'Innocent', 'Innocent', 'Innocent', 'Innocent', 'Innocent', 'Innocent', 'Innocent', 'Innocent', 'Innocent', 'Innocent', 'Innocent', 'Innocent', 'Innocent', 'Innocent', 'Innocent', 'Innocent', 'Innocent', 'Innocent', 'Innocent', 'Innocent', 'Innocent', 'Innocent', 'Innocent', 'Innocent', 'Innocent', 'Innocent', 'Innocent', 'Innocent', 'Innocent', 'Innocent', 'Innocent', 'Innocent', 'Innocent', 'Innocent', 'Innocent', 'Innocent', 'Innocent', 'Innocent', 'Innocent', 'Innocent', 'Innocent', 'Innocent', 'Innocent', 'Innocent', 'Innocent', 'Innocent', 'Innocent', 'Innocent', 'Innocent', 'Innocent', 'Innocent', 'Innocent', 'Innocent', 'Innocent', 'Innocent', 'Innocent', 'Innocent', 'Innocent', 'Innocent', 'Innocent', 'Innocent', 'Innocent', 'Innocent', 'Innocent', 'Innocent', 'Innocent', 'Innocent', 'Innocent', 'Innocent', 'Innocent', 'Innocent', 'Innocent', 'Innocent', 'Innocent', 'Innocent', 'Innocent', 'Innocent', 'Innocent', 'Innocent', 'Innocent', 'Innocent', 'Innocent', 'Innocent', 'Innocent', 'Innocent', 'Innocent', 'Innocent', 'Innocent', 'Innocent', 'Innocent', 'Innocent', 'Innocent', 'Innocent', 'Innocent', 'Innocent', 'Innocent', 'Innocent', 'Innocent', 'Innocent', 'Innocent', 'Innocent', 'Innocent', 'Innocent', 'Innocent', 'Innocent', 'Innocent', 'Innocent', 'Innocent', 'Innocent', 'Innocent', 'Innocent', 'Innocent', 'Innocent', 'Innocent', 'Innocent', 'Innocent', 'Innocent', 'Innocent', 'Innocent', 'Innocent', 'Innocent', 'Innocent', 'Innocent', 'Innocent', 'Innocent', 'Innocent', 'Innocent', 'Innocent', 'Innocent', 'Innocent', 'Innocent', 'Innocent', 'Innocent', 'Innocent', 'Innocent', 'Innocent', 'Innocent', 'Innocent', 'Innocent', 'Innocent', 'Innocent', 'Innocent', 'Innocent', 'Innocent', 'Innocent', 'Innocent', 'Innocent', 'Innocent', 'Innocent', 'Innocent', 'Innocent', 'Innocent', 'Innocent', 'Innocent', 'Innocent', 'Innocent', 'Innocent', 'Innocent', 'Innocent', 'Innocent', 'Innocent', 'Innocent', 'Innocent', 'Innocent', 'Innocent', 'Innocent', 'Innocent', 'Innocent', 'Innocent', 'Innocent', 'Innocent', 'Innocent', 'Innocent', 'Innocent', 'Innocent', 'Innocent', 'Innocent', 'Innocent', 'Innocent', 'Innocent', 'Innocent', 'Innocent', 'Innocent', 'Innocent', 'Innocent', 'Innocent', 'Innocent', 'Innocent', 'Innocent', 'Innocent', 'Innocent', 'Innocent', 'Innocent', 'Innocent', 'Innocent', 'Innocent', 'Innocent', 'Innocent', 'Innocent', 'Innocent', 'Innocent', 'Innocent', 'Innocent', 'Innocent', 'Innocent', 'Innocent', 'Innocent', 'Innocent', 'Innocent', 'Innocent', 'Innocent', 'Innocent', 'Innocent', 'Innocent', 'Innocent', 'Innocent', 'Innocent', 'Innocent', 'Innocent', 'Innocent', 'Innocent', 'Innocent', 'Innocent', 'Innocent', 'Innocent', 'Innocent', 'Innocent', 'Innocent', 'Innocent', 'Innocent', 'Innocent', 'Innocent', 'Innocent', 'Innocent', 'Innocent', 'Innocent', 'Innocent', 'Innocent', 'Innocent', 'Innocent', 'Innocent', 'Innocent', 'Innocent', 'Innocent', 'Innocent', 'Innocent', 'Innocent', 'Innocent', 'Innocent', 'Innocent', 'Innocent', 'Innocent', 'Innocent', 'Innocent', 'Innocent', 'Innocent', 'Innocent', 'Innocent', 'Innocent', 'Innocent', 'Innocent', 'Innocent', 'Innocent', 'Innocent', 'Innocent', 'Innocent', 'Innocent', 'Innocent', 'Innocent', 'Innocent', 'Innocent', 'Innocent', 'Innocent', 'Innocent', 'Innocent', 'Innocent', 'Innocent', 'Innocent', 'Innocent', 'Innocent', 'Innocent', 'Innocent', 'Innocent', 'Innocent', 'Innocent', 'Innocent', 'Innocent', 'Innocent', 'Innocent', 'Innocent', 'Innocent', 'Innocent', 'Innocent', 'Innocent', 'Innocent', 'Innocent', 'Innocent', 'Innocent', 'Innocent', 'Innocent', 'Innocent', 'Innocent', 'Innocent', 'Innocent', 'Innocent', 'Innocent', 'Innocent', 'Innocent', 'Innocent', 'Innocent', 'Innocent', 'Innocent', 'Innocent', 'Innocent', 'Innocent', 'Innocent', 'Innocent', 'Innocent', 'Innocent', 'Innocent', 'Innocent', 'Innocent', 'Innocent', 'Innocent', 'Innocent', 'Innocent', 'Innocent', 'Innocent', 'Innocent', 'Innocent', 'Innocent', 'Innocent', 'Innocent', 'Innocent', 'Innocent', 'Innocent', 'Innocent', 'Innocent', 'Innocent', 'Innocent', 'Innocent', 'Innocent', 'Innocent', 'Innocent', 'Innocent', 'Innocent', 'Innocent', 'Innocent', 'Innocent', 'Innocent', 'Innocent', 'Innocent', 'Innocent', 'Innocent', 'Innocent', 'Innocent', 'Innocent', 'Innocent', 'Innocent', 'Innocent', 'Innocent', 'Innocent', 'Innocent', 'Innocent', 'Innocent', 'Innocent', 'Innocent', 'Innocent', 'Innocent', 'Innocent', 'Innocent', 'Innocent', 'Innocent', 'Innocent', 'Innocent', 'Innocent', 'Innocent', 'Innocent', 'Innocent', 'Innocent', 'Innocent', 'Innocent', 'Innocent', 'Innocent', 'Innocent', 'Innocent', 'Innocent', 'Innocent', 'Innocent', 'Innocent', 'Innocent', 'Innocent', 'Innocent', 'Innocent', 'Innocent', 'Innocent', 'Innocent', 'Innocent', 'Innocent', 'Innocent', 'Innocent', 'Innocent', 'Innocent', 'Innocent', 'Innocent', 'Innocent', 'Innocent', 'Innocent', 'Innocent', 'Innocent', 'Innocent', 'Innocent', 'Innocent', 'Innocent', 'Innocent', 'Innocent', 'Innocent', 'Innocent', 'Innocent', 'Innocent', 'Innocent', 'Innocent', 'Innocent', 'Innocent', 'Innocent', 'Innocent', 'Innocent', 'Innocent', 'Innocent', 'Innocent', 'Innocent', 'Innocent', 'Innocent', 'Innocent', 'Innocent', 'Innocent', 'Innocent', 'Innocent', 'Innocent', 'Innocent', 'Innocent', 'Innocent', 'Innocent', 'Innocent', 'Innocent', 'Innocent', 'Innocent', 'Innocent', 'Innocent', 'Innocent', 'Innocent', 'Innocent', 'Innocent', 'Innocent', 'Innocent', 'Innocent', 'Innocent', 'Innocent', 'Innocent', 'Innocent', 'Innocent', 'Innocent', 'Innocent', 'Innocent', 'Innocent', 'Innocent', 'Innocent', 'Innocent', 'Innocent', 'Innocent', 'Innocent', 'Innocent', 'Innocent', 'Innocent', 'Innocent', 'Innocent', 'Innocent', 'Innocent', 'Innocent', 'Innocent', 'Innocent', 'Innocent', 'Innocent', 'Innocent', 'Innocent', 'Innocent', 'Innocent', 'Innocent', 'Innocent', 'Innocent', 'Innocent', 'Innocent', 'Innocent', 'Innocent', 'Innocent', 'Innocent', 'Innocent', 'Innocent', 'Innocent', 'Innocent', 'Innocent', 'Innocent', 'Innocent', 'Innocent', 'Innocent', 'Innocent', 'Innocent', 'Innocent', 'Innocent', 'Innocent', 'Innocent', 'Innocent', 'Innocent', 'Innocent', 'Innocent', 'Innocent', 'Innocent', 'Innocent', 'Innocent', 'Innocent', 'Innocent', 'Innocent', 'Innocent', 'Innocent', 'Innocent', 'Innocent', 'Innocent', 'Innocent', 'Innocent', 'Innocent', 'Innocent', 'Innocent', 'Innocent', 'Innocent', 'Innocent', 'Innocent', 'Innocent', 'Innocent', 'Innocent', 'Innocent', 'Innocent', 'Innocent', 'Innocent', 'Innocent', 'Innocent', 'Innocent', 'Innocent', 'Innocent', 'Innocent', 'Innocent', 'Innocent', 'Innocent', 'Innocent', 'Innocent', 'Innocent', 'Innocent', 'Innocent', 'Innocent', 'Innocent', 'Innocent', 'Innocent', 'Innocent', 'Innocent', 'Innocent', 'Innocent', 'Innocent', 'Innocent', 'Innocent', 'Innocent', 'Innocent', 'Innocent', 'Innocent', 'Innocent', 'Innocent', 'Innocent', 'Innocent', 'Innocent', 'Innocent', 'Innocent', 'Innocent', 'Innocent', 'Innocent', 'Innocent', 'Innocent', 'Innocent', 'Innocent', 'Innocent', 'Innocent', 'Innocent', 'Innocent', 'Innocent', 'Innocent', 'Innocent', 'Innocent', 'Innocent', 'Innocent', 'Innocent', 'Innocent', 'Innocent', 'Innocent', 'Innocent', 'Innocent', 'Innocent', 'Innocent', 'Innocent', 'Innocent', 'Innocent', 'Innocent', 'Innocent', 'Innocent', 'Innocent', 'Innocent', 'Innocent', 'Innocent', 'Innocent', 'Innocent', 'Innocent', 'Innocent', 'Innocent', 'Innocent', 'Innocent', 'Innocent', 'Innocent', 'Innocent', 'Innocent', 'Innocent', 'Innocent', 'Innocent', 'Innocent', 'Innocent', 'Innocent', 'Innocent', 'Innocent', 'Innocent', 'Innocent', 'Innocent', 'Innocent', 'Innocent', 'Innocent', 'Innocent', 'Innocent', 'Innocent', 'Innocent', 'Innocent', 'Innocent', 'Innocent', 'Innocent', 'Innocent', 'Innocent', 'Innocent', 'Innocent', 'Innocent', 'Innocent', 'Innocent', 'Innocent', 'Innocent', 'Innocent', 'Innocent', 'Innocent', 'Innocent', 'Innocent', 'Innocent', 'Innocent', 'Innocent', 'Innocent', 'Innocent', 'Innocent', 'Innocent', 'Innocent', 'Innocent', 'Innocent', 'Innocent', 'Innocent', 'Innocent', 'Innocent', 'Innocent', 'Innocent', 'Innocent', 'Innocent', 'Innocent', 'Innocent', 'Innocent', 'Innocent', 'Innocent', 'Innocent', 'Innocent', 'Innocent', 'Innocent', 'Innocent', 'Innocent', 'Innocent', 'Innocent', 'Innocent', 'Innocent', 'Innocent', 'Innocent', 'Innocent', 'Innocent', 'Innocent', 'Innocent', 'Innocent', 'Innocent', 'Innocent', 'Innocent', 'Innocent', 'Innocent', 'Innocent', 'Innocent', 'Innocent', 'Innocent', 'Innocent', 'Innocent', 'Innocent', 'Innocent', 'Innocent', 'Innocent', 'Innocent', 'Innocent', 'Innocent', 'Innocent', 'Innocent', 'Innocent', 'Innocent', 'Innocent', 'Innocent', 'Innocent', 'Innocent', 'Innocent', 'Innocent', 'Innocent', 'Innocent', 'Innocent', 'Innocent', 'Innocent', 'Innocent', 'Innocent', 'Innocent', 'Innocent', 'Innocent', 'Innocent', 'Innocent', 'Innocent', 'Innocent', 'Innocent', 'Innocent', 'Innocent', 'Innocent', 'Innocent', 'Innocent', 'Innocent', 'Innocent', 'Innocent', 'Innocent', 'Innocent', 'Innocent', 'Innocent', 'Innocent', 'Innocent', 'Innocent', 'Innocent', 'Innocent', 'Innocent', 'Innocent', 'Innocent', 'Innocent', 'Innocent', 'Innocent', 'Innocent', 'Innocent', 'Innocent', 'Innocent', 'Innocent', 'Innocent', 'Innocent', 'Innocent', 'Innocent', 'Innocent', 'Innocent', 'Innocent', 'Innocent', 'Innocent', 'Innocent', 'Innocent', 'Innocent', 'Innocent', 'Innocent', 'Innocent', 'Innocent', 'Innocent', 'Innocent', 'Innocent', 'Innocent', 'Innocent', 'Innocent', 'Innocent', 'Innocent', 'Innocent', 'Innocent', 'Innocent', 'Innocent', 'Innocent', 'Innocent', 'Innocent', 'Innocent', 'Innocent', 'Innocent', 'Innocent', 'Innocent', 'Innocent', 'Innocent', 'Innocent', 'Innocent', 'Innocent', 'Innocent', 'Innocent', 'Innocent', 'Innocent', 'Innocent', 'Innocent', 'Innocent', 'Innocent', 'Innocent', 'Innocent', 'Innocent', 'Innocent', 'Innocent', 'Innocent', 'Innocent', 'Innocent', 'Innocent', 'Innocent', 'Innocent', 'Innocent', 'Innocent', 'Innocent', 'Innocent', 'Innocent', 'Innocent', 'Innocent', 'Innocent', 'Innocent', 'Innocent', 'Innocent', 'Innocent', 'Innocent', 'Innocent', 'Innocent', 'Innocent', 'Innocent', 'Innocent', 'Innocent', 'Innocent', 'Innocent', 'Innocent', 'Innocent', 'Innocent', 'Innocent', 'Innocent', 'Innocent', 'Innocent', 'Innocent', 'Innocent', 'Innocent', 'Innocent', 'Innocent', 'Innocent', 'Innocent', 'Innocent', 'Innocent', 'Innocent', 'Innocent', 'Innocent', 'Innocent', 'Innocent', 'Innocent', 'Innocent', 'Innocent', 'Innocent', 'Innocent', 'Innocent', 'Innocent', 'Innocent', 'Innocent', 'Innocent', 'Innocent', 'Innocent', 'Innocent', 'Innocent', 'Innocent', 'Innocent', 'Innocent', 'Innocent', 'Innocent', 'Innocent', 'Innocent', 'Innocent', 'Innocent', 'Innocent', 'Innocent', 'Innocent', 'Innocent', 'Innocent', 'Innocent', 'Innocent', 'Innocent', 'Innocent', 'Innocent', 'Innocent', 'Innocent', 'Innocent', 'Innocent', 'Innocent', 'Innocent', 'Innocent', 'Innocent', 'Innocent', 'Innocent', 'Innocent', 'Innocent', 'Innocent', 'Innocent', 'Innocent', 'Innocent', 'Innocent', 'Innocent', 'Innocent', 'Innocent', 'Innocent', 'Innocent', 'Innocent', 'Innocent', 'Innocent', 'Innocent', 'Innocent', 'Innocent', 'Innocent', 'Innocent', 'Innocent', 'Innocent', 'Innocent', 'Innocent', 'Innocent', 'Innocent', 'Innocent', 'Innocent', 'Innocent', 'Innocent', 'Innocent', 'Innocent', 'Innocent', 'Innocent', 'Innocent', 'Innocent', 'Innocent', 'Innocent', 'Innocent', 'Innocent', 'Innocent', 'Innocent', 'Innocent', 'Innocent', 'Innocent', 'Innocent', 'Innocent', 'Innocent', 'Innocent', 'Innocent', 'Innocent', 'Innocent', 'Innocent', 'Innocent', 'Innocent', 'Innocent', 'Innocent', 'Innocent', 'Innocent', 'Innocent', 'Innocent', 'Innocent', 'Innocent', 'Innocent', 'Innocent', 'Innocent', 'Innocent', 'Innocent', 'Innocent', 'Innocent', 'Innocent', 'Innocent', 'Innocent', 'Innocent', 'Innocent', 'Innocent', 'Innocent', 'Innocent', 'Innocent', 'Innocent', 'Innocent', 'Innocent', 'Innocent', 'Innocent', 'Innocent', 'Innocent', 'Innocent', 'Innocent', 'Innocent', 'Innocent', 'Innocent', 'Innocent', 'Innocent', 'Innocent', 'Innocent', 'Innocent', 'Innocent', 'Innocent', 'Innocent', 'Innocent', 'Innocent', 'Innocent', 'Innocent', 'Innocent', 'Innocent', 'Innocent', 'Innocent', 'Innocent', 'Innocent', 'Innocent', 'Innocent', 'Innocent', 'Innocent', 'Innocent', 'Innocent', 'Innocent', 'Innocent', 'Innocent', 'Innocent', 'Innocent', 'Innocent', 'Innocent', 'Innocent', 'Innocent', 'Innocent', 'Innocent', 'Innocent', 'Innocent', 'Innocent', 'Innocent', 'Innocent', 'Innocent', 'Innocent', 'Innocent', 'Innocent', 'Innocent', 'Innocent', 'Innocent', 'Innocent', 'Innocent', 'Innocent', 'Innocent', 'Innocent', 'Innocent', 'Innocent', 'Innocent', 'Innocent', 'Innocent', 'Innocent', 'Innocent', 'Innocent', 'Innocent', 'Innocent', 'Innocent', 'Innocent', 'Innocent', 'Innocent', 'Innocent', 'Innocent', 'Innocent', 'Innocent', 'Innocent', 'Innocent', 'Innocent', 'Innocent', 'Innocent', 'Innocent', 'Innocent', 'Innocent', 'Innocent', 'Innocent', 'Innocent', 'Innocent', 'Innocent', 'Innocent', 'Innocent', 'Innocent', 'Innocent', 'Innocent', 'Innocent', 'Innocent', 'Innocent', 'Innocent', 'Innocent', 'Innocent', 'Innocent', 'Innocent', 'Innocent', 'Innocent', 'Innocent', 'Innocent', 'Innocent', 'Innocent', 'Innocent', 'Innocent', 'Innocent', 'Innocent', 'Innocent', 'Innocent', 'Innocent', 'Innocent', 'Innocent', 'Innocent', 'Innocent', 'Innocent', 'Innocent', 'Innocent', 'Innocent', 'Innocent', 'Innocent', 'Innocent', 'Innocent', 'Innocent', 'Innocent', 'Innocent', 'Innocent', 'Innocent', 'Innocent', 'Innocent', 'Innocent', 'Innocent', 'Innocent', 'Innocent', 'Innocent', 'Innocent', 'Innocent', 'Innocent', 'Innocent', 'Innocent', 'Innocent', 'Innocent', 'Innocent', 'Innocent', 'Innocent', 'Innocent', 'Innocent', 'Innocent', 'Innocent', 'Innocent', 'Innocent', 'Innocent', 'Innocent', 'Innocent', 'Innocent', 'Innocent', 'Innocent', 'Innocent', 'Innocent', 'Innocent', 'Innocent', 'Innocent', 'Innocent', 'Innocent', 'Innocent', 'Innocent', 'Innocent', 'Innocent', 'Innocent', 'Innocent', 'Innocent', 'Innocent', 'Innocent', 'Innocent', 'Innocent', 'Innocent', 'Innocent', 'Innocent', 'Innocent', 'Innocent', 'Innocent', 'Innocent', 'Innocent', 'Innocent', 'Innocent', 'Innocent', 'Innocent', 'Innocent', 'Innocent', 'Innocent', 'Innocent', 'Innocent', 'Innocent', 'Innocent', 'Innocent', 'Innocent', 'Innocent', 'Innocent', 'Innocent', 'Innocent', 'Innocent', 'Innocent', 'Innocent', 'Innocent', 'Innocent', 'Innocent', 'Innocent', 'Innocent', 'Innocent', 'Innocent', 'Innocent', 'Innocent', 'Innocent', 'Innocent', 'Innocent', 'Innocent', 'Innocent', 'Innocent', 'Innocent', 'Innocent', 'Innocent', 'Innocent', 'Innocent', 'Innocent', 'Innocent', 'Innocent', 'Innocent', 'Innocent', 'Innocent', 'Innocent', 'Innocent', 'Innocent', 'Innocent', 'Innocent', 'Innocent', 'Innocent', 'Innocent', 'Innocent', 'Innocent', 'Innocent', 'Innocent', 'Innocent', 'Innocent', 'Innocent', 'Innocent', 'Innocent', 'Innocent', 'Innocent', 'Innocent', 'Innocent', 'Innocent', 'Innocent', 'Innocent', 'Innocent', 'Innocent', 'Innocent', 'Innocent', 'Innocent', 'Innocent', 'Innocent', 'Innocent', 'Innocent', 'Innocent', 'Innocent', 'Innocent', 'Innocent', 'Innocent', 'Innocent', 'Innocent', 'Innocent', 'Innocent', 'Innocent', 'Innocent', 'Innocent', 'Innocent', 'Innocent', 'Innocent', 'Innocent', 'Innocent', 'Innocent', 'Innocent', 'Innocent', 'Innocent', 'Innocent', 'Innocent', 'Innocent', 'Innocent', 'Innocent', 'Innocent', 'Innocent', 'Innocent', 'Innocent', 'Innocent', 'Innocent', 'Innocent', 'Innocent', 'Innocent', 'Innocent', 'Innocent', 'Innocent', 'Innocent', 'Innocent', 'Innocent', 'Innocent', 'Innocent', 'Innocent', 'Innocent', 'Innocent', 'Innocent', 'Innocent', 'Innocent', 'Innocent', 'Innocent', 'Innocent', 'Innocent', 'Innocent', 'Innocent', 'Innocent', 'Innocent', 'Innocent', 'Innocent', 'Innocent', 'Innocent', 'Innocent', 'Innocent', 'Innocent', 'Innocent', 'Innocent', 'Innocent', 'Innocent', 'Innocent', 'Innocent', 'Innocent', 'Innocent', 'Innocent', 'Innocent', 'Innocent', 'Innocent', 'Innocent', 'Innocent', 'Innocent', 'Innocent', 'Innocent', 'Innocent', 'Innocent', 'Innocent', 'Innocent', 'Innocent', 'Innocent', 'Innocent', 'Innocent', 'Innocent', 'Innocent', 'Innocent', 'Innocent', 'Innocent', 'Innocent', 'Innocent', 'Innocent', 'Innocent', 'Innocent', 'Innocent', 'Innocent', 'Innocent', 'Innocent', 'Innocent', 'Innocent', 'Innocent', 'Innocent', 'Innocent', 'Innocent', 'Innocent', 'Innocent', 'Innocent', 'Innocent', 'Innocent', 'Innocent', 'Innocent', 'Innocent', 'Innocent', 'Innocent', 'Innocent', 'Innocent', 'Innocent', 'Innocent', 'Innocent', 'Innocent', 'Innocent', 'Innocent', 'Innocent', 'Innocent', 'Innocent', 'Innocent', 'Innocent', 'Innocent', 'Innocent', 'Innocent', 'Innocent', 'Innocent', 'Innocent', 'Innocent', 'Innocent', 'Innocent', 'Innocent', 'Innocent', 'Innocent', 'Innocent', 'Innocent', 'Innocent', 'Innocent', 'Innocent', 'Innocent', 'Innocent', 'Innocent', 'Innocent', 'Innocent', 'Innocent', 'Innocent', 'Innocent', 'Innocent', 'Innocent', 'Innocent', 'Innocent', 'Innocent', 'Innocent', 'Innocent', 'Innocent', 'Innocent', 'Innocent', 'Innocent', 'Innocent', 'Innocent', 'Innocent', 'Innocent', 'Innocent', 'Innocent', 'Innocent', 'Innocent', 'Innocent', 'Innocent', 'Innocent', 'Innocent', 'Innocent', 'Innocent', 'Innocent', 'Innocent', 'Innocent', 'Innocent', 'Innocent', 'Innocent', 'Innocent', 'Innocent', 'Innocent', 'Innocent', 'Innocent', 'Innocent', 'Innocent', 'Innocent', 'Innocent', 'Innocent', 'Innocent', 'Innocent', 'Innocent', 'Innocent', 'Innocent', 'Innocent', 'Innocent', 'Innocent', 'Innocent', 'Innocent', 'Innocent', 'Innocent', 'Innocent', 'Innocent', 'Innocent', 'Innocent', 'Innocent', 'Innocent', 'Innocent', 'Innocent', 'Innocent', 'Innocent', 'Innocent', 'Innocent', 'Innocent', 'Innocent', 'Innocent', 'Innocent', 'Innocent', 'Innocent', 'Innocent', 'Innocent', 'Innocent', 'Innocent', 'Innocent', 'Innocent', 'Innocent', 'Innocent', 'Innocent', 'Innocent', 'Innocent', 'Innocent', 'Innocent', 'Innocent', 'Innocent', 'Innocent', 'Innocent', 'Innocent', 'Innocent', 'Innocent', 'Innocent', 'Innocent', 'Innocent', 'Innocent', 'Innocent', 'Innocent', 'Innocent', 'Innocent', 'Innocent', 'Innocent', 'Innocent', 'Innocent', 'Innocent', 'Innocent', 'Innocent', 'Innocent', 'Innocent', 'Innocent', 'Innocent', 'Innocent', 'Innocent', 'Innocent', 'Innocent', 'Innocent', 'Innocent', 'Innocent', 'Innocent', 'Innocent', 'Innocent', 'Innocent', 'Innocent', 'Innocent', 'Innocent', 'Innocent', 'Innocent', 'Innocent', 'Innocent', 'Innocent', 'Innocent', 'Innocent', 'Innocent', 'Innocent', 'Innocent', 'Innocent', 'Innocent', 'Innocent', 'Innocent', 'Innocent', 'Innocent', 'Innocent', 'Innocent', 'Innocent', 'Innocent', 'Innocent', 'Innocent', 'Innocent', 'Innocent', 'Innocent', 'Innocent', 'Innocent', 'Innocent', 'Innocent', 'Innocent', 'Innocent', 'Innocent', 'Innocent', 'Innocent', 'Innocent', 'Innocent', 'Innocent', 'Innocent', 'Innocent', 'Innocent', 'Innocent', 'Innocent', 'Innocent', 'Innocent', 'Innocent', 'Innocent', 'Innocent', 'Innocent', 'Innocent', 'Innocent', 'Innocent', 'Innocent', 'Innocent', 'Innocent', 'Innocent', 'Innocent', 'Innocent', 'Innocent', 'Innocent', 'Innocent', 'Innocent', 'Innocent', 'Innocent', 'Innocent', 'Innocent', 'Innocent', 'Innocent', 'Innocent', 'Innocent', 'Innocent', 'Innocent', 'Innocent', 'Innocent', 'Innocent', 'Innocent', 'Innocent', 'Innocent', 'Innocent', 'Innocent', 'Innocent', 'Innocent', 'Innocent', 'Innocent', 'Innocent', 'Innocent', 'Innocent', 'Innocent', 'Innocent', 'Innocent', 'Innocent', 'Innocent', 'Innocent', 'Innocent', 'Innocent', 'Innocent', 'Innocent', 'Innocent', 'Innocent', 'Innocent', 'Innocent', 'Innocent', 'Innocent', 'Innocent', 'Innocent', 'Innocent', 'Innocent', 'Innocent', 'Innocent', 'Innocent', 'Innocent', 'Innocent', 'Innocent', 'Innocent', 'Innocent', 'Innocent', 'Innocent', 'Innocent', 'Innocent', 'Innocent', 'Innocent', 'Innocent', 'Innocent', 'Innocent', 'Innocent', 'Innocent', 'Innocent', 'Innocent', 'Innocent', 'Innocent', 'Innocent', 'Innocent', 'Innocent', 'Innocent', 'Innocent', 'Innocent', 'Innocent', 'Innocent', 'Innocent', 'Innocent', 'Innocent', 'Innocent', 'Innocent', 'Innocent', 'Innocent', 'Innocent', 'Innocent', 'Innocent', 'Innocent', 'Innocent', 'Innocent', 'Innocent', 'Innocent', 'Innocent', 'Innocent', 'Innocent', 'Innocent', 'Innocent', 'Innocent', 'Innocent', 'Innocent', 'Innocent', 'Innocent', 'Innocent', 'Innocent', 'Innocent', 'Innocent', 'Innocent', 'Innocent', 'Innocent', 'Innocent', 'Innocent', 'Innocent', 'Innocent', 'Innocent', 'Innocent', 'Innocent', 'Innocent', 'Innocent', 'Innocent', 'Innocent', 'Innocent', 'Innocent', 'Innocent', 'Innocent', 'Innocent', 'Innocent', 'Innocent', 'Innocent', 'Innocent', 'Innocent', 'Innocent', 'Innocent', 'Innocent', 'Innocent', 'Innocent', 'Innocent', 'Innocent', 'Innocent', 'Innocent', 'Innocent', 'Innocent', 'Innocent', 'Innocent', 'Innocent', 'Innocent', 'Innocent', 'Innocent', 'Innocent', 'Innocent', 'Innocent', 'Innocent', 'Innocent', 'Innocent', 'Innocent', 'Innocent', 'Innocent', 'Innocent', 'Innocent', 'Innocent', 'Innocent', 'Innocent', 'Innocent', 'Innocent', 'Innocent', 'Innocent', 'Innocent', 'Innocent', 'Innocent', 'Innocent', 'Innocent', 'Innocent', 'Innocent', 'Innocent', 'Innocent', 'Innocent', 'Innocent', 'Innocent', 'Innocent', 'Innocent', 'Innocent', 'Innocent', 'Innocent', 'Innocent', 'Innocent', 'Innocent', 'Innocent', 'Innocent', 'Innocent', 'Innocent', 'Innocent', 'Innocent', 'Innocent', 'Innocent', 'Innocent', 'Innocent', 'Innocent', 'Innocent', 'Innocent', 'Innocent', 'Innocent', 'Innocent', 'Innocent', 'Innocent', 'Innocent', 'Innocent', 'Innocent', 'Innocent', 'Innocent', 'Innocent', 'Innocent', 'Innocent', 'Innocent', 'Innocent', 'Innocent', 'Innocent', 'Innocent', 'Innocent', 'Innocent', 'Innocent', 'Innocent', 'Innocent', 'Innocent', 'Innocent', 'Innocent', 'Innocent', 'Innocent', 'Innocent', 'Innocent', 'Innocent', 'Innocent', 'Innocent', 'Innocent', 'Innocent', 'Innocent', 'Innocent', 'Innocent', 'Innocent', 'Innocent', 'Innocent', 'Innocent', 'Innocent', 'Innocent', 'Innocent', 'Innocent', 'Innocent', 'Innocent', 'Innocent', 'Innocent', 'Innocent', 'Innocent', 'Innocent', 'Innocent', 'Innocent', 'Innocent', 'Innocent', 'Innocent', 'Innocent', 'Innocent', 'Innocent', 'Innocent', 'Innocent', 'Innocent', 'Innocent', 'Innocent', 'Innocent', 'Innocent', 'Innocent', 'Innocent', 'Innocent', 'Innocent', 'Innocent', 'Innocent', 'Innocent', 'Innocent', 'Innocent', 'Innocent', 'Innocent', 'Innocent', 'Innocent', 'Innocent', 'Innocent', 'Innocent', 'Innocent', 'Innocent', 'Innocent', 'Innocent', 'Innocent', 'Innocent', 'Innocent', 'Innocent', 'Innocent', 'Innocent', 'Innocent', 'Innocent', 'Innocent', 'Innocent', 'Innocent', 'Innocent', 'Innocent', 'Innocent', 'Innocent', 'Innocent', 'Innocent', 'Innocent', 'Innocent', 'Innocent', 'Innocent', 'Innocent', 'Innocent', 'Innocent', 'Innocent', 'Innocent', 'Innocent', 'Innocent', 'Innocent', 'Innocent', 'Innocent', 'Innocent', 'Innocent', 'Innocent', 'Innocent', 'Innocent', 'Innocent', 'Innocent', 'Innocent', 'Innocent', 'Innocent', 'Innocent', 'Innocent', 'Innocent', 'Innocent', 'Innocent', 'Innocent', 'Innocent', 'Innocent', 'Innocent', 'Innocent', 'Innocent', 'Innocent', 'Innocent', 'Innocent', 'Innocent', 'Innocent', 'Innocent', 'Innocent', 'Innocent', 'Innocent', 'Innocent', 'Innocent', 'Innocent', 'Innocent', 'Innocent', 'Innocent', 'Innocent', 'Innocent', 'Innocent', 'Innocent', 'Innocent', 'Innocent', 'Innocent', 'Innocent', 'Innocent', 'Innocent', 'Innocent', 'Innocent', 'Innocent', 'Innocent', 'Innocent', 'Innocent', 'Innocent', 'Innocent', 'Innocent', 'Innocent', 'Innocent', 'Innocent', 'Innocent', 'Innocent', 'Innocent', 'Innocent', 'Innocent', 'Innocent', 'Innocent', 'Innocent', 'Innocent', 'Innocent', 'Innocent', 'Innocent', 'Innocent', 'Innocent', 'Innocent', 'Innocent', 'Innocent', 'Innocent', 'Innocent', 'Innocent', 'Innocent', 'Innocent', 'Innocent', 'Innocent', 'Innocent', 'Innocent', 'Innocent', 'Innocent', 'Innocent', 'Innocent', 'Innocent', 'Innocent', 'Innocent', 'Innocent', 'Innocent', 'Innocent', 'Innocent', 'Innocent', 'Innocent', 'Innocent', 'Innocent', 'Innocent', 'Innocent', 'Innocent', 'Innocent', 'Innocent', 'Innocent', 'Innocent', 'Innocent', 'Innocent', 'Innocent', 'Innocent', 'Innocent', 'Innocent', 'Innocent', 'Innocent', 'Innocent', 'Innocent', 'Innocent', 'Innocent', 'Innocent', 'Innocent', 'Innocent', 'Innocent', 'Innocent', 'Innocent', 'Innocent', 'Innocent', 'Innocent', 'Innocent', 'Innocent', 'Innocent', 'Innocent', 'Innocent', 'Innocent', 'Innocent', 'Innocent', 'Innocent', 'Innocent', 'Innocent', 'Innocent', 'Innocent', 'Innocent', 'Innocent', 'Innocent', 'Innocent', 'Innocent', 'Innocent', 'Innocent', 'Innocent', 'Innocent', 'Innocent', 'Innocent', 'Innocent', 'Innocent', 'Innocent', 'Innocent', 'Innocent', 'Innocent', 'Innocent', 'Innocent', 'Innocent', 'Innocent', 'Innocent', 'Innocent', 'Innocent', 'Innocent', 'Innocent', 'Innocent', 'Innocent', 'Innocent', 'Innocent', 'Innocent', 'Innocent', 'Innocent', 'Innocent', 'Innocent', 'Innocent', 'Innocent', 'Innocent', 'Innocent', 'Innocent', 'Innocent', 'Innocent', 'Innocent', 'Innocent', 'Innocent', 'Innocent', 'Innocent', 'Innocent', 'Innocent', 'Innocent', 'Innocent', 'Innocent', 'Innocent', 'Innocent', 'Innocent', 'Innocent', 'Innocent', 'Innocent', 'Innocent', 'Innocent', 'Innocent', 'Innocent', 'Innocent', 'Innocent', 'Innocent', 'Innocent', 'Innocent', 'Innocent', 'Innocent', 'Innocent', 'Innocent', 'Innocent', 'Innocent', 'Innocent', 'Innocent', 'Innocent', 'Innocent', 'Innocent', 'Innocent', 'Innocent', 'Innocent', 'Innocent', 'Innocent', 'Innocent', 'Innocent', 'Innocent', 'Innocent', 'Innocent', 'Innocent', 'Innocent', 'Innocent', 'Innocent', 'Innocent', 'Innocent', 'Innocent', 'Innocent', 'Innocent', 'Innocent', 'Innocent', 'Innocent', 'Innocent', 'Innocent', 'Innocent', 'Innocent', 'Innocent', 'Innocent', 'Innocent', 'Innocent', 'Innocent', 'Innocent', 'Innocent', 'Innocent', 'Innocent', 'Innocent', 'Innocent', 'Innocent', 'Innocent', 'Innocent', 'Innocent', 'Innocent', 'Innocent', 'Innocent', 'Innocent', 'Innocent', 'Innocent', 'Innocent', 'Innocent', 'Innocent', 'Innocent', 'Innocent', 'Innocent', 'Innocent', 'Innocent', 'Innocent', 'Innocent', 'Innocent', 'Innocent', 'Innocent', 'Innocent', 'Innocent', 'Innocent', 'Innocent', 'Innocent', 'Innocent', 'Innocent', 'Innocent', 'Innocent', 'Innocent', 'Innocent', 'Innocent', 'Innocent', 'Innocent', 'Innocent', 'Innocent', 'Innocent', 'Innocent', 'Innocent', 'Innocent', 'Innocent', 'Innocent', 'Innocent', 'Innocent', 'Innocent', 'Innocent', 'Innocent', 'Innocent', 'Innocent', 'Innocent', 'Innocent', 'Innocent', 'Innocent', 'Innocent', 'Innocent', 'Innocent', 'Innocent', 'Innocent', 'Innocent', 'Innocent', 'Innocent', 'Innocent', 'Innocent', 'Innocent', 'Innocent', 'Innocent', 'Innocent', 'Innocent', 'Innocent', 'Innocent', 'Innocent', 'Innocent', 'Innocent', 'Innocent', 'Innocent', 'Innocent', 'Innocent', 'Innocent', 'Innocent', 'Innocent', 'Innocent', 'Innocent', 'Innocent', 'Innocent', 'Innocent', 'Innocent', 'Innocent', 'Innocent', 'Innocent', 'Innocent', 'Innocent', 'Innocent', 'Innocent', 'Innocent', 'Innocent', 'Innocent', 'Innocent', 'Innocent', 'Innocent', 'Innocent', 'Innocent', 'Innocent', 'Innocent', 'Innocent', 'Innocent', 'Innocent', 'Innocent', 'Innocent', 'Innocent', 'Innocent', 'Innocent', 'Innocent', 'Innocent', 'Innocent', 'Innocent', 'Innocent', 'Innocent', 'Innocent', 'Innocent', 'Innocent', 'Innocent', 'Innocent', 'Innocent', 'Innocent', 'Innocent', 'Innocent', 'Innocent', 'Innocent', 'Innocent', 'Innocent', 'Innocent', 'Innocent', 'Innocent', 'Innocent', 'Innocent', 'Innocent', 'Innocent', 'Innocent', 'Innocent', 'Innocent', 'Innocent', 'Innocent', 'Innocent', 'Innocent', 'Innocent', 'Innocent', 'Innocent', 'Innocent', 'Innocent', 'Innocent', 'Innocent', 'Innocent', 'Innocent', 'Innocent', 'Innocent', 'Innocent', 'Innocent', 'Innocent', 'Innocent', 'Innocent', 'Innocent', 'Innocent', 'Innocent', 'Innocent', 'Innocent', 'Innocent', 'Innocent', 'Innocent', 'Innocent', 'Innocent', 'Innocent', 'Innocent', 'Innocent', 'Innocent', 'Innocent', 'Innocent', 'Innocent', 'Innocent', 'Innocent', 'Innocent', 'Innocent', 'Innocent', 'Innocent', 'Innocent', 'Innocent', 'Innocent', 'Innocent', 'Innocent', 'Innocent', 'Innocent', 'Innocent', 'Innocent', 'Innocent', 'Innocent', 'Innocent', 'Innocent', 'Innocent', 'Innocent', 'Innocent', 'Innocent', 'Innocent', 'Innocent', 'Innocent', 'Innocent', 'Innocent', 'Innocent', 'Innocent', 'Innocent', 'Innocent', 'Innocent', 'Innocent', 'Innocent', 'Innocent', 'Innocent', 'Innocent', 'Innocent', 'Innocent', 'Innocent', 'Innocent', 'Innocent', 'Innocent', 'Innocent', 'Innocent', 'Innocent', 'Innocent', 'Innocent', 'Innocent', 'Innocent', 'Innocent', 'Innocent', 'Innocent', 'Innocent', 'Innocent', 'Innocent', 'Innocent', 'Innocent', 'Innocent', 'Innocent', 'Innocent', 'Innocent', 'Innocent', 'Innocent', 'Innocent', 'Innocent', 'Innocent', 'Innocent', 'Innocent', 'Innocent', 'Innocent', 'Innocent', 'Innocent', 'Innocent', 'Innocent', 'Innocent', 'Innocent', 'Innocent', 'Innocent', 'Innocent', 'Innocent', 'Innocent', 'Innocent', 'Innocent', 'Innocent', 'Innocent', 'Innocent', 'Innocent', 'Innocent', 'Innocent', 'Innocent', 'Innocent', 'Innocent', 'Innocent', 'Innocent', 'Innocent', 'Innocent', 'Innocent', 'Innocent', 'Innocent', 'Innocent', 'Innocent', 'Innocent', 'Innocent', 'Innocent', 'Innocent', 'Innocent', 'Innocent', 'Innocent', 'Innocent', 'Innocent', 'Innocent', 'Innocent', 'Innocent', 'Innocent', 'Innocent', 'Innocent', 'Innocent', 'Innocent', 'Innocent', 'Innocent', 'Innocent', 'Innocent', 'Innocent', 'Innocent', 'Innocent', 'Innocent', 'Innocent', 'Innocent', 'Innocent', 'Innocent', 'Innocent', 'Innocent', 'Innocent', 'Innocent', 'Innocent', 'Innocent', 'Innocent', 'Innocent', 'Innocent', 'Innocent', 'Innocent', 'Innocent', 'Innocent', 'Innocent', 'Innocent', 'Innocent', 'Innocent', 'Innocent', 'Innocent', 'Innocent', 'Innocent', 'Innocent', 'Innocent', 'Innocent', 'Innocent', 'Innocent', 'Innocent', 'Innocent', 'Innocent', 'Innocent', 'Innocent', 'Innocent', 'Innocent', 'Innocent', 'Innocent', 'Innocent', 'Innocent', 'Innocent', 'Innocent', 'Innocent', 'Innocent', 'Innocent', 'Innocent', 'Innocent', 'Innocent', 'Innocent', 'Innocent', 'Innocent', 'Innocent', 'Innocent', 'Innocent', 'Innocent', 'Innocent', 'Innocent', 'Innocent', 'Innocent', 'Innocent', 'Innocent', 'Innocent', 'Innocent', 'Innocent', 'Innocent', 'Innocent', 'Innocent', 'Innocent', 'Innocent', 'Innocent', 'Innocent', 'Innocent', 'Innocent', 'Innocent', 'Innocent', 'Innocent', 'Innocent', 'Innocent', 'Innocent', 'Innocent', 'Innocent', 'Innocent', 'Innocent', 'Innocent', 'Innocent', 'Innocent', 'Innocent', 'Innocent', 'Innocent', 'Innocent', 'Innocent', 'Innocent', 'Innocent', 'Innocent', 'Innocent', 'Innocent', 'Innocent', 'Innocent', 'Innocent', 'Innocent', 'Innocent', 'Innocent', 'Innocent', 'Innocent', 'Innocent', 'Innocent', 'Innocent', 'Innocent', 'Innocent', 'Innocent', 'Innocent', 'Innocent', 'Innocent', 'Innocent', 'Innocent', 'Innocent', 'Innocent', 'Innocent', 'Innocent', 'Innocent', 'Innocent', 'Innocent', 'Innocent', 'Innocent', 'Innocent', 'Innocent', 'Innocent', 'Innocent', 'Innocent', 'Innocent', 'Innocent', 'Innocent', 'Innocent', 'Innocent', 'Innocent', 'Innocent', 'Innocent', 'Innocent', 'Innocent', 'Innocent', 'Innocent', 'Innocent', 'Innocent', 'Innocent', 'Innocent', 'Innocent', 'Innocent', 'Innocent', 'Innocent', 'Innocent', 'Innocent', 'Innocent', 'Innocent', 'Innocent', 'Innocent', 'Innocent', 'Innocent', 'Innocent', 'Innocent', 'Innocent', 'Innocent', 'Innocent', 'Innocent', 'Innocent', 'Innocent', 'Innocent', 'Innocent', 'Innocent', 'Innocent', 'Innocent', 'Innocent', 'Innocent', 'Innocent', 'Innocent', 'Innocent', 'Innocent', 'Innocent', 'Innocent', 'Innocent', 'Innocent', 'Innocent', 'Innocent', 'Innocent', 'Innocent', 'Innocent', 'Innocent', 'Innocent', 'Innocent', 'Innocent', 'Innocent', 'Innocent', 'Innocent', 'Innocent', 'Innocent', 'Innocent', 'Innocent', 'Innocent', 'Innocent', 'Innocent', 'Innocent', 'Innocent', 'Innocent', 'Innocent', 'Innocent', 'Innocent', 'Innocent', 'Innocent', 'Innocent', 'Innocent', 'Innocent', 'Innocent', 'Innocent', 'Innocent', 'Innocent', 'Innocent', 'Innocent', 'Innocent', 'Innocent', 'Innocent', 'Innocent', 'Innocent', 'Innocent', 'Innocent', 'Innocent', 'Innocent', 'Innocent', 'Innocent', 'Innocent', 'Innocent', 'Innocent', 'Innocent', 'Innocent', 'Innocent', 'Innocent', 'Innocent', 'Innocent', 'Innocent', 'Innocent', 'Innocent', 'Innocent', 'Innocent', 'Innocent', 'Innocent', 'Innocent', 'Innocent', 'Innocent', 'Innocent', 'Innocent', 'Innocent', 'Innocent', 'Innocent', 'Innocent', 'Innocent', 'Innocent', 'Innocent', 'Innocent', 'Innocent', 'Innocent', 'Innocent', 'Innocent', 'Innocent', 'Innocent', 'Innocent', 'Innocent', 'Innocent', 'Innocent', 'Innocent', 'Innocent', 'Innocent', 'Innocent', 'Innocent', 'Innocent', 'Innocent', 'Innocent', 'Innocent', 'Innocent', 'Innocent', 'Innocent', 'Innocent', 'Innocent', 'Innocent', 'Innocent', 'Innocent', 'Innocent', 'Innocent', 'Innocent', 'Innocent', 'Innocent', 'Innocent', 'Innocent', 'Innocent', 'Innocent', 'Innocent', 'Innocent', 'Innocent', 'Innocent', 'Innocent', 'Innocent', 'Innocent', 'Innocent', 'Innocent', 'Innocent', 'Innocent', 'Innocent', 'Innocent', 'Innocent', 'Innocent', 'Innocent', 'Innocent', 'Innocent', 'Innocent', 'Innocent', 'Innocent', 'Innocent', 'Innocent', 'Innocent', 'Innocent', 'Innocent', 'Innocent', 'Innocent', 'Innocent', 'Innocent', 'Innocent', 'Innocent', 'Innocent', 'Innocent', 'Innocent', 'Innocent', 'Innocent', 'Innocent', 'Innocent', 'Innocent', 'Innocent', 'Innocent', 'Innocent', 'Innocent', 'Innocent', 'Innocent', 'Innocent', 'Innocent', 'Innocent', 'Innocent', 'Innocent', 'Innocent', 'Innocent', 'Innocent', 'Innocent', 'Innocent', 'Innocent', 'Innocent', 'Innocent', 'Innocent', 'Innocent', 'Innocent', 'Innocent', 'Innocent', 'Innocent', 'Innocent', 'Innocent', 'Innocent', 'Innocent', 'Innocent', 'Innocent', 'Innocent', 'Innocent', 'Innocent', 'Innocent', 'Innocent', 'Innocent', 'Innocent', 'Innocent', 'Innocent', 'Innocent', 'Innocent', 'Innocent', 'Innocent', 'Innocent', 'Innocent', 'Innocent', 'Innocent', 'Innocent', 'Innocent', 'Innocent', 'Innocent', 'Innocent', 'Innocent', 'Innocent', 'Innocent', 'Innocent', 'Innocent', 'Innocent', 'Innocent', 'Innocent', 'Innocent', 'Innocent', 'Innocent', 'Innocent', 'Innocent', 'Innocent', 'Innocent', 'Innocent', 'Innocent', 'Innocent', 'Innocent', 'Innocent', 'Innocent', 'Innocent', 'Innocent', 'Innocent', 'Innocent', 'Innocent', 'Innocent', 'Innocent', 'Innocent', 'Innocent', 'Innocent', 'Innocent', 'Innocent', 'Innocent', 'Innocent', 'Innocent', 'Innocent', 'Innocent', 'Innocent', 'Innocent', 'Innocent', 'Innocent', 'Innocent', 'Innocent', 'Innocent', 'Innocent', 'Innocent', 'Innocent', 'Innocent', 'Innocent', 'Innocent', 'Innocent', 'Innocent', 'Innocent', 'Innocent', 'Innocent', 'Innocent', 'Innocent', 'Innocent', 'Innocent', 'Innocent', 'Innocent', 'Innocent', 'Innocent', 'Innocent', 'Innocent', 'Innocent', 'Innocent', 'Innocent', 'Innocent', 'Innocent', 'Innocent', 'Innocent', 'Innocent', 'Innocent', 'Innocent', 'Innocent', 'Innocent', 'Innocent', 'Innocent', 'Innocent', 'Innocent', 'Innocent', 'Innocent', 'Innocent', 'Innocent', 'Innocent', 'Innocent', 'Innocent', 'Innocent', 'Innocent', 'Innocent', 'Innocent', 'Innocent', 'Innocent', 'Innocent', 'Innocent', 'Innocent', 'Innocent', 'Innocent', 'Innocent', 'Innocent', 'Innocent', 'Innocent', 'Innocent', 'Innocent', 'Innocent', 'Innocent', 'Innocent', 'Innocent', 'Innocent', 'Innocent', 'Innocent', 'Innocent', 'Innocent', 'Innocent', 'Innocent', 'Innocent', 'Innocent', 'Innocent', 'Innocent', 'Innocent', 'Innocent', 'Innocent', 'Innocent', 'Innocent', 'Innocent', 'Innocent', 'Innocent', 'Innocent', 'Innocent', 'Innocent', 'Innocent', 'Innocent', 'Innocent', 'Innocent', 'Innocent', 'Innocent', 'Innocent', 'Innocent', 'Innocent', 'Innocent', 'Innocent', 'Innocent', 'Innocent', 'Innocent', 'Innocent', 'Innocent', 'Innocent', 'Innocent', 'Innocent', 'Innocent', 'Innocent', 'Innocent', 'Innocent', 'Innocent', 'Innocent', 'Innocent', 'Innocent', 'Innocent', 'Innocent', 'Innocent', 'Innocent', 'Innocent', 'Innocent', 'Innocent', 'Innocent', 'Innocent', 'Innocent', 'Innocent', 'Innocent', 'Innocent', 'Innocent', 'Innocent', 'Innocent', 'Innocent', 'Innocent', 'Innocent', 'Innocent', 'Innocent', 'Innocent', 'Innocent', 'Innocent', 'Innocent', 'Innocent', 'Innocent', 'Innocent', 'Innocent', 'Innocent', 'Innocent', 'Innocent', 'Innocent', 'Innocent', 'Innocent', 'Innocent', 'Innocent', 'Innocent', 'Innocent', 'Innocent', 'Innocent', 'Innocent', 'Innocent', 'Innocent', 'Innocent', 'Innocent', 'Innocent', 'Innocent', 'Innocent', 'Innocent', 'Innocent', 'Innocent', 'Innocent', 'Innocent', 'Innocent', 'Innocent', 'Innocent', 'Innocent', 'Innocent', 'Innocent', 'Innocent', 'Innocent', 'Innocent', 'Innocent', 'Innocent', 'Innocent', 'Innocent', 'Innocent', 'Innocent', 'Innocent', 'Innocent', 'Innocent', 'Innocent', 'Innocent', 'Innocent', 'Innocent', 'Innocent', 'Innocent', 'Innocent', 'Innocent', 'Innocent', 'Innocent', 'Innocent', 'Innocent', 'Innocent', 'Innocent', 'Innocent', 'Innocent', 'Innocent', 'Innocent', 'Innocent', 'Innocent', 'Innocent', 'Innocent', 'Innocent', 'Innocent', 'Innocent', 'Innocent', 'Innocent', 'Innocent', 'Innocent', 'Innocent', 'Innocent', 'Innocent', 'Innocent', 'Innocent', 'Innocent', 'Innocent', 'Innocent', 'Innocent', 'Innocent', 'Innocent', 'Innocent', 'Innocent', 'Innocent', 'Innocent', 'Innocent', 'Innocent', 'Innocent', 'Innocent', 'Innocent', 'Innocent', 'Innocent', 'Innocent', 'Innocent', 'Innocent', 'Innocent', 'Innocent', 'Innocent', 'Innocent', 'Innocent', 'Innocent', 'Innocent', 'Innocent', 'Innocent', 'Innocent', 'Innocent', 'Innocent', 'Innocent', 'Innocent', 'Innocent', 'Innocent', 'Innocent', 'Innocent', 'Innocent', 'Innocent', 'Innocent', 'Innocent', 'Innocent', 'Innocent', 'Innocent', 'Innocent', 'Innocent', 'Innocent', 'Innocent', 'Innocent', 'Innocent', 'Innocent', 'Innocent', 'Innocent', 'Innocent', 'Innocent', 'Innocent', 'Innocent', 'Innocent', 'Innocent', 'Innocent', 'Innocent', 'Innocent', 'Innocent', 'Innocent', 'Innocent', 'Innocent', 'Innocent', 'Innocent', 'Innocent', 'Innocent', 'Innocent', 'Innocent', 'Innocent', 'Innocent', 'Innocent', 'Innocent', 'Innocent', 'Innocent', 'Innocent', 'Innocent', 'Innocent', 'Innocent', 'Innocent', 'Innocent', 'Innocent', 'Innocent', 'Innocent', 'Innocent', 'Innocent', 'Innocent', 'Innocent', 'Innocent', 'Innocent', 'Innocent', 'Innocent', 'Innocent', 'Innocent', 'Innocent', 'Innocent', 'Innocent', 'Innocent', 'Innocent', 'Innocent', 'Innocent', 'Innocent', 'Innocent', 'Innocent', 'Innocent', 'Innocent', 'Innocent', 'Innocent', 'Innocent', 'Innocent', 'Innocent', 'Innocent', 'Innocent', 'Innocent', 'Innocent', 'Innocent', 'Innocent', 'Innocent', 'Innocent', 'Innocent', 'Innocent', 'Innocent', 'Innocent', 'Innocent', 'Innocent', 'Innocent', 'Innocent', 'Innocent', 'Innocent', 'Innocent', 'Innocent', 'Innocent', 'Innocent', 'Innocent', 'Innocent', 'Innocent', 'Innocent', 'Innocent', 'Innocent', 'Innocent', 'Innocent', 'Innocent', 'Innocent', 'Innocent', 'Innocent', 'Innocent', 'Innocent', 'Innocent', 'Innocent', 'Innocent', 'Innocent', 'Innocent', 'Innocent', 'Innocent', 'Innocent', 'Innocent', 'Innocent', 'Innocent', 'Innocent', 'Innocent', 'Innocent', 'Innocent', 'Innocent', 'Innocent', 'Innocent', 'Innocent', 'Innocent', 'Innocent', 'Innocent', 'Innocent', 'Innocent', 'Innocent', 'Innocent', 'Innocent', 'Innocent', 'Innocent', 'Innocent', 'Innocent', 'Innocent', 'Innocent', 'Innocent', 'Innocent', 'Innocent', 'Innocent', 'Innocent', 'Innocent', 'Innocent', 'Innocent', 'Innocent', 'Innocent', 'Innocent', 'Innocent', 'Innocent', 'Innocent', 'Innocent', 'Innocent', 'Innocent', 'Innocent', 'Innocent', 'Innocent', 'Innocent', 'Innocent', 'Innocent', 'Innocent', 'Innocent', 'Innocent', 'Innocent', 'Innocent', 'Innocent', 'Innocent', 'Innocent', 'Innocent', 'Innocent', 'Innocent', 'Innocent', 'Innocent', 'Innocent', 'Innocent', 'Innocent', 'Innocent', 'Innocent', 'Innocent', 'Innocent', 'Innocent', 'Innocent', 'Innocent', 'Innocent', 'Innocent', 'Innocent', 'Innocent', 'Innocent', 'Innocent', 'Innocent', 'Innocent', 'Innocent', 'Innocent', 'Innocent', 'Innocent', 'Innocent', 'Innocent', 'Innocent', 'Innocent', 'Innocent', 'Innocent', 'Innocent', 'Innocent', 'Innocent', 'Innocent', 'Innocent', 'Innocent', 'Innocent', 'Innocent', 'Innocent', 'Innocent', 'Innocent', 'Innocent', 'Innocent', 'Innocent', 'Innocent', 'Innocent', 'Innocent', 'Innocent', 'Innocent', 'Innocent', 'Innocent', 'Innocent', 'Innocent', 'Innocent', 'Innocent', 'Innocent', 'Innocent', 'Innocent', 'Innocent', 'Innocent', 'Innocent', 'Innocent', 'Innocent', 'Innocent', 'Innocent', 'Innocent', 'Innocent', 'Innocent', 'Innocent', 'Innocent', 'Innocent', 'Innocent', 'Innocent', 'Innocent', 'Innocent', 'Innocent', 'Innocent', 'Innocent', 'Innocent', 'Innocent', 'Innocent', 'Innocent', 'Innocent', 'Innocent', 'Innocent', 'Innocent', 'Innocent', 'Innocent', 'Innocent', 'Innocent', 'Innocent', 'Innocent', 'Innocent', 'Innocent', 'Innocent', 'Innocent', 'Innocent', 'Innocent', 'Innocent', 'Innocent', 'Innocent', 'Innocent', 'Innocent', 'Innocent', 'Innocent', 'Innocent', 'Innocent', 'Innocent', 'Innocent', 'Innocent', 'Innocent', 'Innocent', 'Innocent', 'Innocent', 'Innocent', 'Innocent', 'Innocent', 'Innocent', 'Innocent', 'Innocent', 'Innocent', 'Innocent', 'Innocent', 'Innocent', 'Innocent', 'Innocent', 'Innocent', 'Innocent', 'Innocent', 'Innocent', 'Innocent', 'Innocent', 'Innocent', 'Innocent', 'Innocent', 'Innocent', 'Innocent', 'Innocent', 'Innocent', 'Innocent', 'Innocent', 'Innocent', 'Innocent', 'Innocent', 'Innocent', 'Innocent', 'Innocent', 'Innocent', 'Innocent', 'Innocent', 'Innocent', 'Innocent', 'Innocent', 'Innocent', 'Innocent', 'Innocent', 'Innocent', 'Innocent', 'Innocent', 'Innocent', 'Innocent', 'Innocent', 'Innocent', 'Innocent', 'Innocent', 'Innocent', 'Innocent', 'Innocent', 'Innocent', 'Innocent', 'Innocent', 'Innocent', 'Innocent', 'Innocent', 'Innocent', 'Innocent', 'Innocent', 'Innocent', 'Innocent', 'Innocent', 'Innocent', 'Innocent', 'Innocent', 'Innocent', 'Innocent', 'Innocent', 'Innocent', 'Innocent', 'Innocent', 'Innocent', 'Innocent', 'Innocent', 'Innocent', 'Innocent', 'Innocent', 'Innocent', 'Innocent', 'Innocent', 'Innocent', 'Innocent', 'Innocent', 'Innocent', 'Innocent', 'Innocent', 'Innocent', 'Innocent', 'Innocent', 'Innocent', 'Innocent', 'Innocent', 'Innocent', 'Innocent', 'Innocent', 'Innocent', 'Innocent', 'Innocent', 'Innocent', 'Innocent', 'Innocent', 'Innocent', 'Innocent', 'Innocent', 'Innocent', 'Innocent', 'Innocent', 'Innocent', 'Innocent', 'Innocent', 'Innocent', 'Innocent', 'Innocent', 'Innocent', 'Innocent', 'Innocent', 'Innocent', 'Innocent', 'Innocent', 'Innocent', 'Innocent', 'Innocent', 'Innocent', 'Innocent', 'Innocent', 'Innocent', 'Innocent', 'Innocent', 'Innocent', 'Innocent', 'Innocent', 'Innocent', 'Innocent', 'Innocent', 'Innocent', 'Innocent', 'Innocent', 'Innocent', 'Innocent', 'Innocent', 'Innocent', 'Innocent', 'Innocent', 'Innocent', 'Innocent', 'Innocent', 'Innocent', 'Innocent', 'Innocent', 'Innocent', 'Innocent', 'Innocent', 'Innocent', 'Innocent', 'Innocent', 'Innocent', 'Innocent', 'Innocent', 'Innocent', 'Innocent', 'Innocent', 'Innocent', 'Innocent', 'Innocent', 'Innocent', 'Innocent', 'Innocent', 'Innocent', 'Innocent', 'Innocent', 'Innocent', 'Innocent', 'Innocent', 'Innocent', 'Innocent', 'Innocent', 'Innocent', 'Innocent', 'Innocent', 'Innocent', 'Innocent', 'Innocent', 'Innocent', 'Innocent', 'Innocent', 'Innocent', 'Innocent', 'Innocent', 'Innocent', 'Innocent', 'Innocent', 'Innocent', 'Innocent', 'Innocent', 'Innocent', 'Innocent', 'Innocent', 'Innocent', 'Innocent', 'Innocent', 'Innocent', 'Innocent', 'Innocent', 'Innocent', 'Innocent', 'Innocent', 'Innocent', 'Innocent', 'Innocent', 'Innocent', 'Innocent', 'Innocent', 'Innocent', 'Innocent', 'Innocent', 'Innocent', 'Innocent', 'Innocent', 'Innocent', 'Innocent', 'Innocent', 'Innocent', 'Innocent', 'Innocent', 'Innocent', 'Innocent', 'Innocent', 'Innocent', 'Innocent', 'Innocent', 'Innocent', 'Innocent', 'Innocent', 'Innocent', 'Innocent', 'Innocent', 'Innocent', 'Innocent', 'Innocent', 'Innocent', 'Innocent', 'Innocent', 'Innocent', 'Innocent', 'Innocent', 'Innocent', 'Innocent', 'Innocent', 'Innocent', 'Innocent', 'Innocent', 'Innocent', 'Innocent', 'Innocent', 'Innocent', 'Innocent', 'Innocent', 'Innocent', 'Innocent', 'Innocent', 'Innocent', 'Innocent', 'Innocent', 'Innocent', 'Innocent', 'Innocent', 'Innocent', 'Innocent', 'Innocent', 'Innocent', 'Innocent', 'Innocent', 'Innocent', 'Innocent', 'Innocent', 'Innocent', 'Innocent', 'Innocent', 'Innocent', 'Innocent', 'Innocent', 'Innocent', 'Innocent', 'Innocent', 'Innocent', 'Innocent', 'Innocent', 'Innocent', 'Innocent', 'Innocent', 'Innocent', 'Innocent', 'Innocent', 'Innocent', 'Innocent', 'Innocent', 'Innocent', 'Innocent', 'Innocent', 'Innocent', 'Innocent', 'Innocent', 'Innocent', 'Innocent', 'Innocent', 'Innocent', 'Innocent', 'Innocent', 'Innocent', 'Innocent', 'Innocent', 'Innocent', 'Innocent', 'Innocent', 'Innocent', 'Innocent', 'Innocent', 'Innocent', 'Innocent', 'Innocent', 'Innocent', 'Innocent', 'Innocent', 'Innocent', 'Innocent', 'Innocent', 'Innocent', 'Innocent', 'Innocent', 'Innocent', 'Innocent', 'Innocent', 'Innocent', 'Innocent', 'Innocent', 'Innocent', 'Innocent', 'Innocent', 'Innocent', 'Innocent', 'Innocent', 'Innocent', 'Innocent', 'Innocent', 'Innocent', 'Innocent', 'Innocent', 'Innocent', 'Innocent', 'Innocent', 'Innocent', 'Innocent', 'Innocent', 'Innocent', 'Innocent', 'Innocent', 'Innocent', 'Innocent', 'Innocent', 'Innocent', 'Innocent', 'Innocent', 'Innocent', 'Innocent', 'Innocent', 'Innocent', 'Innocent', 'Innocent', 'Innocent', 'Innocent', 'Innocent', 'Innocent', 'Innocent', 'Innocent', 'Innocent', 'Innocent', 'Innocent', 'Innocent', 'Innocent', 'Innocent', 'Innocent', 'Innocent', 'Innocent', 'Innocent', 'Innocent', 'Innocent', 'Innocent', 'Innocent', 'Innocent', 'Innocent', 'Innocent', 'Innocent', 'Innocent', 'Innocent', 'Innocent', 'Innocent', 'Innocent', 'Innocent', 'Innocent', 'Innocent', 'Innocent', 'Innocent', 'Innocent', 'Innocent', 'Innocent', 'Innocent', 'Innocent', 'Innocent', 'Innocent', 'Innocent', 'Innocent', 'Innocent', 'Innocent', 'Innocent', 'Innocent', 'Innocent', 'Innocent', 'Innocent', 'Innocent', 'Innocent', 'Innocent', 'Innocent', 'Innocent', 'Innocent', 'Innocent', 'Innocent', 'Innocent', 'Innocent', 'Innocent', 'Innocent', 'Innocent', 'Innocent', 'Innocent', 'Innocent', 'Innocent', 'Innocent', 'Innocent', 'Innocent', 'Innocent', 'Innocent', 'Innocent', 'Innocent', 'Innocent', 'Innocent', 'Innocent', 'Innocent', 'Innocent', 'Innocent', 'Innocent', 'Innocent', 'Innocent', 'Innocent', 'Innocent', 'Innocent', 'Innocent', 'Innocent', 'Innocent', 'Innocent', 'Innocent', 'Innocent', 'Innocent', 'Innocent', 'Innocent', 'Innocent', 'Innocent', 'Innocent', 'Innocent', 'Innocent', 'Innocent', 'Innocent', 'Innocent', 'Innocent', 'Innocent', 'Innocent', 'Innocent', 'Innocent', 'Innocent', 'Innocent', 'Innocent', 'Innocent', 'Innocent', 'Innocent', 'Innocent', 'Innocent', 'Innocent', 'Innocent', 'Innocent', 'Innocent', 'Innocent', 'Innocent', 'Innocent', 'Innocent', 'Innocent', 'Innocent', 'Innocent', 'Innocent', 'Innocent', 'Innocent', 'Innocent', 'Innocent', 'Innocent', 'Innocent', 'Innocent', 'Innocent', 'Innocent', 'Innocent', 'Innocent', 'Innocent', 'Innocent', 'Innocent', 'Innocent', 'Innocent', 'Innocent', 'Innocent', 'Innocent', 'Innocent', 'Innocent', 'Innocent', 'Innocent', 'Innocent', 'Innocent', 'Innocent', 'Innocent', 'Innocent', 'Innocent', 'Innocent', 'Innocent', 'Innocent', 'Innocent', 'Innocent', 'Innocent', 'Innocent', 'Innocent', 'Innocent', 'Innocent', 'Innocent', 'Innocent', 'Innocent', 'Innocent', 'Innocent', 'Innocent', 'Innocent', 'Innocent', 'Innocent', 'Innocent', 'Innocent', 'Innocent', 'Innocent', 'Innocent', 'Innocent', 'Innocent', 'Innocent', 'Innocent', 'Innocent', 'Innocent', 'Innocent', 'Innocent', 'Innocent', 'Innocent', 'Innocent', 'Innocent', 'Innocent', 'Innocent', 'Innocent', 'Innocent', 'Innocent', 'Innocent', 'Innocent', 'Innocent', 'Innocent', 'Innocent', 'Innocent', 'Innocent', 'Innocent', 'Innocent', 'Innocent', 'Innocent', 'Innocent', 'Innocent', 'Innocent', 'Innocent', 'Innocent', 'Innocent', 'Innocent', 'Innocent', 'Innocent', 'Innocent', 'Innocent', 'Innocent', 'Innocent', 'Innocent', 'Innocent', 'Innocent', 'Innocent', 'Innocent', 'Innocent', 'Innocent', 'Innocent', 'Innocent', 'Innocent', 'Innocent', 'Innocent', 'Innocent', 'Innocent', 'Innocent', 'Innocent', 'Innocent', 'Innocent', 'Innocent', 'Innocent', 'Innocent', 'Innocent', 'Innocent', 'Innocent', 'Innocent', 'Innocent', 'Innocent', 'Innocent', 'Innocent', 'Innocent', 'Innocent', 'Innocent', 'Innocent', 'Innocent', 'Innocent', 'Innocent', 'Innocent', 'Innocent', 'Innocent', 'Innocent', 'Innocent', 'Innocent', 'Innocent', 'Innocent', 'Innocent', 'Innocent', 'Innocent', 'Innocent', 'Innocent', 'Innocent', 'Innocent', 'Innocent', 'Innocent', 'Innocent', 'Innocent', 'Innocent', 'Innocent', 'Innocent', 'Innocent', 'Innocent', 'Innocent', 'Innocent', 'Innocent', 'Innocent', 'Innocent', 'Innocent', 'Innocent', 'Innocent', 'Innocent', 'Innocent', 'Innocent', 'Innocent', 'Innocent', 'Innocent', 'Innocent', 'Innocent', 'Innocent', 'Innocent', 'Innocent', 'Innocent', 'Innocent', 'Innocent', 'Innocent', 'Innocent', 'Innocent', 'Innocent', 'Innocent', 'Innocent', 'Innocent', 'Innocent', 'Innocent', 'Innocent', 'Innocent', 'Innocent', 'Innocent', 'Innocent', 'Innocent', 'Innocent', 'Innocent', 'Innocent', 'Innocent', 'Innocent', 'Innocent', 'Innocent', 'Innocent', 'Innocent', 'Innocent', 'Innocent', 'Innocent', 'Innocent', 'Innocent', 'Innocent', 'Innocent', 'Innocent', 'Innocent', 'Innocent', 'Innocent', 'Innocent', 'Innocent', 'Innocent', 'Innocent', 'Innocent', 'Innocent', 'Innocent', 'Innocent', 'Innocent', 'Innocent', 'Innocent', 'Innocent', 'Innocent', 'Innocent', 'Innocent', 'Innocent', 'Innocent', 'Innocent', 'Innocent', 'Innocent', 'Innocent', 'Innocent', 'Innocent', 'Innocent', 'Innocent', 'Innocent', 'Innocent', 'Innocent', 'Innocent', 'Innocent', 'Innocent', 'Innocent', 'Innocent', 'Innocent', 'Innocent', 'Innocent', 'Innocent', 'Innocent', 'Innocent', 'Innocent', 'Innocent', 'Innocent', 'Innocent', 'Innocent', 'Innocent', 'Innocent', 'Innocent', 'Innocent', 'Innocent', 'Innocent', 'Innocent', 'Innocent', 'Innocent', 'Innocent', 'Innocent', 'Innocent', 'Innocent', 'Innocent', 'Innocent', 'Innocent', 'Innocent', 'Innocent', 'Innocent', 'Innocent', 'Innocent', 'Innocent', 'Innocent', 'Innocent', 'Innocent', 'Innocent', 'Innocent', 'Innocent', 'Innocent', 'Innocent', 'Innocent', 'Innocent', 'Innocent', 'Innocent', 'Innocent', 'Innocent', 'Innocent', 'Innocent', 'Innocent', 'Innocent', 'Innocent', 'Innocent', 'Innocent', 'Innocent', 'Innocent', 'Innocent', 'Innocent', 'Innocent', 'Innocent', 'Innocent', 'Innocent', 'Innocent', 'Innocent', 'Innocent', 'Innocent', 'Innocent', 'Innocent', 'Innocent', 'Innocent', 'Innocent', 'Innocent', 'Innocent', 'Innocent', 'Innocent', 'Innocent', 'Innocent', 'Innocent', 'Innocent', 'Innocent', 'Innocent', 'Innocent', 'Innocent', 'Innocent', 'Innocent', 'Innocent', 'Innocent', 'Innocent', 'Innocent', 'Innocent', 'Innocent', 'Innocent', 'Innocent', 'Innocent', 'Innocent', 'Innocent', 'Innocent', 'Innocent', 'Innocent', 'Innocent', 'Innocent', 'Innocent', 'Innocent', 'Innocent', 'Innocent', 'Innocent', 'Innocent', 'Innocent', 'Innocent', 'Innocent', 'Innocent', 'Innocent', 'Innocent', 'Innocent', 'Innocent', 'Innocent', 'Innocent', 'Innocent', 'Innocent', 'Innocent', 'Innocent', 'Innocent', 'Innocent', 'Innocent', 'Innocent', 'Innocent', 'Innocent', 'Innocent', 'Innocent', 'Innocent', 'Innocent', 'Innocent', 'Innocent', 'Innocent', 'Innocent', 'Innocent', 'Innocent', 'Innocent', 'Innocent', 'Innocent', 'Innocent', 'Innocent', 'Innocent', 'Innocent', 'Innocent', 'Innocent', 'Innocent', 'Innocent', 'Innocent', 'Innocent', 'Innocent', 'Innocent', 'Innocent', 'Innocent', 'Innocent', 'Innocent', 'Innocent', 'Innocent', 'Innocent', 'Innocent', 'Innocent', 'Innocent', 'Innocent', 'Innocent', 'Innocent', 'Innocent', 'Innocent', 'Innocent', 'Innocent', 'Innocent', 'Innocent', 'Innocent', 'Innocent', 'Innocent', 'Innocent', 'Innocent', 'Innocent', 'Innocent', 'Innocent', 'Innocent', 'Innocent', 'Innocent', 'Innocent', 'Innocent', 'Innocent', 'Innocent', 'Innocent', 'Innocent', 'Innocent', 'Innocent', 'Innocent', 'Innocent', 'Innocent', 'Innocent', 'Innocent', 'Innocent', 'Innocent', 'Innocent', 'Innocent', 'Innocent', 'Innocent', 'Innocent', 'Innocent', 'Innocent', 'Innocent', 'Innocent', 'Innocent', 'Innocent', 'Innocent', 'Innocent', 'Innocent', 'Innocent', 'Innocent', 'Innocent', 'Innocent', 'Innocent', 'Innocent', 'Innocent', 'Innocent', 'Innocent', 'Innocent', 'Innocent', 'Innocent', 'Innocent', 'Innocent', 'Innocent', 'Innocent', 'Innocent', 'Innocent', 'Innocent', 'Innocent', 'Innocent', 'Innocent', 'Innocent', 'Innocent', 'Innocent', 'Innocent', 'Innocent', 'Innocent', 'Innocent', 'Innocent', 'Innocent', 'Innocent', 'Innocent', 'Innocent', 'Innocent', 'Innocent', 'Innocent', 'Innocent', 'Innocent', 'Innocent', 'Innocent', 'Innocent', 'Innocent', 'Innocent', 'Innocent', 'Innocent', 'Innocent', 'Innocent', 'Innocent', 'Innocent', 'Innocent', 'Innocent', 'Innocent', 'Innocent', 'Innocent', 'Innocent', 'Innocent', 'Innocent', 'Innocent', 'Innocent', 'Innocent', 'Innocent', 'Innocent', 'Innocent', 'Innocent', 'Innocent', 'Innocent', 'Innocent', 'Innocent', 'Innocent', 'Innocent', 'Innocent', 'Innocent', 'Innocent', 'Innocent', 'Innocent', 'Innocent', 'Innocent', 'Innocent', 'Innocent', 'Innocent', 'Innocent', 'Innocent', 'Innocent', 'Innocent', 'Innocent', 'Innocent', 'Innocent', 'Innocent', 'Innocent', 'Innocent', 'Innocent', 'Innocent', 'Innocent', 'Innocent', 'Innocent', 'Innocent', 'Innocent', 'Innocent', 'Innocent', 'Innocent', 'Innocent', 'Innocent', 'Innocent', 'Innocent', 'Innocent', 'Innocent', 'Innocent', 'Innocent', 'Innocent', 'Innocent', 'Innocent', 'Innocent', 'Innocent', 'Innocent', 'Innocent', 'Innocent', 'Innocent', 'Innocent', 'Innocent', 'Innocent', 'Innocent', 'Innocent', 'Innocent', 'Innocent', 'Innocent', 'Innocent', 'Innocent', 'Innocent', 'Innocent', 'Innocent', 'Innocent', 'Innocent', 'Innocent', 'Innocent', 'Innocent', 'Innocent', 'Innocent', 'Innocent', 'Innocent', 'Innocent', 'Innocent', 'Innocent', 'Innocent', 'Innocent', 'Innocent', 'Innocent', 'Innocent', 'Innocent', 'Innocent', 'Innocent', 'Innocent', 'Innocent', 'Innocent', 'Innocent', 'Innocent', 'Innocent', 'Innocent', 'Innocent', 'Innocent', 'Innocent', 'Innocent', 'Innocent', 'Innocent', 'Innocent', 'Innocent', 'Innocent', 'Innocent', 'Innocent', 'Innocent', 'Innocent', 'Innocent', 'Innocent', 'Innocent', 'Innocent', 'Innocent', 'Innocent', 'Innocent', 'Innocent', 'Innocent', 'Innocent', 'Innocent', 'Innocent', 'Innocent', 'Innocent', 'Innocent', 'Innocent', 'Innocent', 'Innocent', 'Innocent', 'Innocent', 'Innocent', 'Innocent', 'Innocent', 'Innocent', 'Innocent', 'Innocent', 'Innocent', 'Innocent', 'Innocent', 'Innocent', 'Innocent', 'Innocent', 'Innocent', 'Innocent', 'Innocent', 'Innocent', 'Innocent', 'Innocent', 'Innocent', 'Innocent', 'Innocent', 'Innocent', 'Innocent', 'Innocent', 'Innocent', 'Innocent', 'Innocent', 'Innocent', 'Innocent', 'Innocent', 'Innocent', 'Innocent', 'Innocent', 'Innocent', 'Innocent', 'Innocent', 'Innocent', 'Innocent', 'Innocent', 'Innocent', 'Innocent', 'Innocent', 'Innocent', 'Innocent', 'Innocent', 'Innocent', 'Innocent', 'Innocent', 'Innocent', 'Innocent', 'Innocent', 'Innocent', 'Innocent', 'Innocent', 'Innocent', 'Innocent', 'Innocent', 'Innocent', 'Innocent', 'Innocent', 'Innocent', 'Innocent', 'Innocent', 'Innocent', 'Innocent', 'Innocent', 'Innocent', 'Innocent', 'Innocent', 'Innocent', 'Innocent', 'Innocent', 'Innocent', 'Innocent', 'Innocent', 'Innocent', 'Innocent', 'Innocent', 'Innocent', 'Innocent', 'Innocent', 'Innocent', 'Innocent', 'Innocent', 'Innocent', 'Innocent', 'Innocent', 'Innocent', 'Innocent', 'Innocent', 'Innocent', 'Innocent', 'Innocent', 'Innocent', 'Innocent', 'Innocent', 'Innocent', 'Innocent', 'Innocent', 'Innocent', 'Innocent', 'Innocent', 'Innocent', 'Innocent', 'Innocent', 'Innocent', 'Innocent', 'Innocent', 'Innocent', 'Innocent', 'Innocent', 'Innocent', 'Innocent', 'Innocent', 'Innocent', 'Innocent', 'Innocent', 'Innocent', 'Innocent', 'Innocent', 'Innocent', 'Innocent', 'Innocent', 'Innocent', 'Innocent', 'Innocent', 'Innocent', 'Innocent', 'Innocent', 'Innocent', 'Innocent', 'Innocent', 'Innocent', 'Innocent', 'Innocent', 'Innocent', 'Innocent', 'Innocent', 'Innocent', 'Innocent', 'Innocent', 'Innocent', 'Innocent', 'Innocent', 'Innocent', 'Innocent', 'Innocent', 'Innocent', 'Innocent', 'Innocent', 'Innocent', 'Innocent', 'Innocent', 'Innocent', 'Innocent', 'Innocent', 'Innocent', 'Innocent', 'Innocent', 'Innocent', 'Innocent', 'Innocent', 'Innocent', 'Innocent', 'Innocent', 'Innocent', 'Innocent', 'Innocent', 'Innocent', 'Innocent', 'Innocent', 'Innocent', 'Innocent', 'Innocent', 'Innocent', 'Innocent', 'Innocent', 'Innocent', 'Innocent', 'Innocent', 'Innocent', 'Innocent', 'Innocent', 'Innocent', 'Innocent', 'Innocent', 'Innocent', 'Innocent', 'Innocent', 'Innocent', 'Innocent', 'Innocent', 'Innocent', 'Innocent', 'Innocent', 'Innocent', 'Innocent', 'Innocent', 'Innocent', 'Innocent', 'Innocent', 'Innocent', 'Innocent', 'Innocent', 'Innocent', 'Innocent', 'Innocent', 'Innocent', 'Innocent', 'Innocent', 'Innocent', 'Innocent', 'Innocent', 'Innocent', 'Innocent', 'Innocent', 'Innocent', 'Innocent', 'Innocent', 'Innocent', 'Innocent', 'Innocent', 'Innocent', 'Innocent', 'Innocent', 'Innocent', 'Innocent', 'Innocent', 'Innocent', 'Innocent', 'Innocent', 'Innocent', 'Innocent', 'Innocent', 'Innocent', 'Innocent', 'Innocent', 'Innocent', 'Innocent', 'Innocent', 'Innocent', 'Innocent', 'Innocent', 'Innocent', 'Innocent', 'Innocent', 'Innocent', 'Innocent', 'Innocent', 'Innocent', 'Innocent', 'Innocent', 'Innocent', 'Innocent', 'Innocent', 'Innocent', 'Innocent', 'Innocent', 'Innocent', 'Innocent', 'Innocent', 'Innocent', 'Innocent', 'Innocent', 'Innocent', 'Innocent', 'Innocent', 'Innocent', 'Innocent', 'Innocent', 'Innocent', 'Innocent', 'Innocent', 'Innocent', 'Innocent', 'Innocent', 'Innocent', 'Innocent', 'Innocent', 'Innocent', 'Innocent', 'Innocent', 'Innocent', 'Innocent', 'Innocent', 'Innocent', 'Innocent', 'Innocent', 'Innocent', 'Innocent', 'Innocent', 'Innocent', 'Innocent', 'Innocent', 'Innocent', 'Innocent', 'Innocent', 'Innocent', 'Innocent', 'Innocent', 'Innocent', 'Innocent', 'Innocent', 'Innocent', 'Innocent', 'Innocent', 'Innocent', 'Innocent', 'Innocent', 'Innocent', 'Innocent', 'Innocent', 'Innocent', 'Innocent', 'Innocent', 'Innocent', 'Innocent', 'Innocent', 'Innocent', 'Innocent', 'Innocent', 'Innocent', 'Innocent', 'Innocent', 'Innocent', 'Innocent', 'Innocent', 'Innocent', 'Innocent', 'Innocent', 'Innocent', 'Innocent', 'Innocent', 'Innocent', 'Innocent', 'Innocent', 'Innocent', 'Innocent', 'Innocent', 'Innocent', 'Innocent', 'Innocent', 'Innocent', 'Innocent', 'Innocent', 'Innocent', 'Innocent', 'Innocent', 'Innocent', 'Innocent', 'Innocent', 'Innocent', 'Innocent', 'Innocent', 'Innocent', 'Innocent', 'Innocent', 'Innocent', 'Innocent', 'Innocent', 'Innocent', 'Innocent', 'Innocent', 'Innocent', 'Innocent', 'Innocent', 'Innocent', 'Innocent', 'Innocent', 'Innocent', 'Innocent', 'Innocent', 'Innocent', 'Innocent', 'Innocent', 'Innocent', 'Innocent', 'Innocent', 'Innocent', 'Innocent', 'Innocent', 'Innocent', 'Innocent', 'Innocent', 'Innocent', 'Innocent', 'Innocent', 'Innocent', 'Innocent', 'Innocent', 'Innocent', 'Innocent', 'Innocent', 'Innocent', 'Innocent', 'Innocent', 'Innocent', 'Innocent', 'Innocent', 'Innocent', 'Innocent', 'Innocent', 'Innocent', 'Innocent', 'Innocent', 'Innocent', 'Innocent', 'Innocent', 'Innocent', 'Innocent', 'Innocent', 'Innocent', 'Innocent', 'Innocent', 'Innocent', 'Innocent', 'Innocent', 'Innocent', 'Innocent', 'Innocent', 'Innocent', 'Innocent', 'Innocent', 'Innocent', 'Innocent', 'Innocent', 'Innocent', 'Innocent', 'Innocent', 'Innocent', 'Innocent', 'Innocent', 'Innocent', 'Innocent', 'Innocent', 'Innocent', 'Innocent', 'Innocent', 'Innocent', 'Innocent', 'Innocent', 'Innocent', 'Innocent', 'Innocent', 'Innocent', 'Innocent', 'Innocent', 'Innocent', 'Innocent', 'Innocent', 'Innocent', 'Innocent', 'Innocent', 'Innocent', 'Innocent', 'Innocent', 'Innocent', 'Innocent', 'Innocent', 'Innocent', 'Innocent', 'Innocent', 'Innocent', 'Innocent', 'Innocent', 'Innocent', 'Innocent', 'Innocent', 'Innocent', 'Innocent', 'Innocent', 'Innocent', 'Innocent', 'Innocent', 'Innocent', 'Innocent', 'Innocent', 'Innocent', 'Innocent', 'Innocent', 'Innocent', 'Innocent', 'Innocent', 'Innocent', 'Innocent', 'Innocent', 'Innocent', 'Innocent', 'Innocent', 'Innocent', 'Innocent', 'Innocent', 'Innocent', 'Innocent', 'Innocent', 'Innocent', 'Innocent', 'Innocent', 'Innocent', 'Innocent', 'Innocent', 'Innocent', 'Innocent', 'Innocent', 'Innocent', 'Innocent', 'Innocent', 'Innocent', 'Innocent', 'Innocent', 'Innocent', 'Innocent', 'Innocent', 'Innocent', 'Innocent', 'Innocent', 'Innocent', 'Innocent', 'Innocent', 'Innocent', 'Innocent', 'Innocent', 'Innocent', 'Innocent', 'Innocent', 'Innocent', 'Innocent', 'Innocent', 'Innocent', 'Innocent', 'Innocent', 'Innocent', 'Innocent', 'Innocent', 'Innocent', 'Innocent', 'Innocent', 'Innocent', 'Innocent', 'Innocent', 'Innocent', 'Innocent', 'Innocent', 'Innocent', 'Innocent', 'Innocent', 'Innocent', 'Innocent', 'Innocent', 'Innocent', 'Innocent', 'Innocent', 'Innocent', 'Innocent', 'Innocent', 'Innocent', 'Innocent', 'Innocent', 'Innocent', 'Innocent', 'Innocent', 'Innocent', 'Innocent', 'Innocent', 'Innocent', 'Innocent', 'Innocent', 'Innocent', 'Innocent', 'Innocent', 'Innocent', 'Innocent', 'Innocent', 'Innocent', 'Innocent', 'Innocent', 'Innocent', 'Innocent', 'Innocent', 'Innocent', 'Innocent', 'Innocent', 'Innocent', 'Innocent', 'Innocent', 'Innocent', 'Innocent', 'Innocent', 'Innocent', 'Innocent', 'Innocent', 'Innocent', 'Innocent', 'Innocent', 'Innocent', 'Innocent', 'Innocent', 'Innocent', 'Innocent', 'Innocent', 'Innocent', 'Innocent', 'Innocent', 'Innocent', 'Innocent', 'Innocent', 'Innocent', 'Innocent', 'Innocent', 'Innocent', 'Innocent', 'Innocent', 'Innocent', 'Innocent', 'Innocent', 'Innocent', 'Innocent', 'Innocent', 'Innocent', 'Innocent', 'Innocent', 'Innocent', 'Innocent', 'Innocent', 'Innocent', 'Innocent', 'Innocent', 'Innocent', 'Innocent', 'Innocent', 'Innocent', 'Innocent', 'Innocent', 'Innocent', 'Innocent', 'Innocent', 'Innocent', 'Innocent', 'Innocent', 'Innocent', 'Innocent', 'Innocent', 'Innocent', 'Innocent', 'Innocent', 'Innocent', 'Innocent', 'Innocent', 'Innocent', 'Innocent', 'Innocent', 'Innocent', 'Innocent', 'Innocent', 'Innocent', 'Innocent', 'Innocent', 'Innocent', 'Innocent', 'Innocent', 'Innocent', 'Innocent', 'Innocent', 'Innocent', 'Innocent', 'Innocent', 'Innocent', 'Innocent', 'Innocent', 'Innocent', 'Innocent', 'Innocent', 'Innocent', 'Innocent', 'Innocent', 'Innocent', 'Innocent', 'Innocent', 'Innocent', 'Innocent', 'Innocent', 'Innocent', 'Innocent', 'Innocent', 'Innocent', 'Innocent', 'Innocent', 'Innocent', 'Innocent', 'Innocent', 'Innocent', 'Innocent', 'Innocent', 'Innocent', 'Innocent', 'Innocent', 'Innocent', 'Innocent', 'Innocent', 'Innocent', 'Innocent', 'Innocent', 'Innocent', 'Innocent', 'Innocent', 'Innocent', 'Innocent', 'Innocent', 'Innocent', 'Innocent', 'Innocent', 'Innocent', 'Innocent', 'Innocent', 'Innocent', 'Innocent', 'Innocent', 'Innocent', 'Innocent', 'Innocent', 'Innocent', 'Innocent', 'Innocent', 'Innocent', 'Innocent', 'Innocent', 'Innocent', 'Innocent', 'Innocent', 'Innocent', 'Innocent', 'Innocent', 'Innocent', 'Innocent', 'Innocent', 'Innocent', 'Innocent', 'Innocent', 'Innocent', 'Innocent', 'Innocent', 'Innocent', 'Innocent', 'Innocent', 'Innocent', 'Innocent', 'Innocent', 'Innocent', 'Innocent', 'Innocent', 'Innocent', 'Innocent', 'Innocent', 'Innocent', 'Innocent', 'Innocent', 'Innocent', 'Innocent', 'Innocent', 'Innocent', 'Innocent', 'Innocent', 'Innocent', 'Innocent', 'Innocent', 'Innocent', 'Innocent', 'Innocent', 'Innocent', 'Innocent', 'Innocent', 'Innocent', 'Innocent', 'Innocent', 'Innocent', 'Innocent', 'Innocent', 'Innocent', 'Innocent', 'Innocent', 'Innocent', 'Innocent', 'Innocent', 'Innocent', 'Innocent', 'Innocent', 'Innocent', 'Innocent', 'Innocent', 'Innocent', 'Innocent', 'Innocent', 'Innocent', 'Innocent', 'Innocent', 'Innocent', 'Innocent', 'Innocent', 'Innocent', 'Innocent', 'Innocent', 'Innocent', 'Innocent', 'Innocent', 'Innocent', 'Innocent', 'Innocent', 'Innocent', 'Innocent', 'Innocent', 'Innocent', 'Innocent', 'Innocent', 'Innocent', 'Innocent', 'Innocent', 'Innocent', 'Innocent', 'Innocent', 'Innocent', 'Innocent', 'Innocent', 'Innocent', 'Innocent', 'Innocent', 'Innocent', 'Innocent', 'Innocent', 'Innocent', 'Innocent', 'Innocent', 'Innocent', 'Innocent', 'Innocent', 'Innocent', 'Innocent', 'Innocent', 'Innocent', 'Innocent', 'Innocent', 'Innocent', 'Innocent', 'Innocent', 'Innocent', 'Innocent', 'Innocent', 'Innocent', 'Innocent', 'Innocent', 'Innocent', 'Innocent', 'Innocent', 'Innocent', 'Innocent', 'Innocent', 'Innocent', 'Innocent', 'Innocent', 'Innocent', 'Innocent', 'Innocent', 'Innocent', 'Innocent', 'Innocent', 'Innocent', 'Innocent', 'Innocent', 'Innocent', 'Innocent', 'Innocent', 'Innocent', 'Innocent', 'Innocent', 'Innocent', 'Innocent', 'Innocent', 'Innocent', 'Innocent', 'Innocent', 'Innocent', 'Innocent', 'Innocent', 'Innocent', 'Innocent', 'Innocent', 'Innocent', 'Innocent', 'Innocent', 'Innocent', 'Innocent', 'Innocent', 'Innocent', 'Innocent', 'Innocent', 'Innocent', 'Innocent', 'Innocent', 'Innocent', 'Innocent', 'Innocent', 'Innocent', 'Innocent', 'Innocent', 'Innocent', 'Innocent', 'Innocent', 'Innocent', 'Innocent', 'Innocent', 'Innocent', 'Innocent', 'Innocent', 'Innocent', 'Innocent', 'Innocent', 'Innocent', 'Innocent', 'Innocent', 'Innocent', 'Innocent', 'Innocent', 'Innocent', 'Innocent', 'Innocent', 'Innocent', 'Innocent', 'Innocent', 'Innocent', 'Innocent', 'Innocent', 'Innocent', 'Innocent', 'Innocent', 'Innocent', 'Innocent', 'Innocent', 'Innocent', 'Innocent', 'Innocent', 'Innocent', 'Innocent', 'Innocent', 'Innocent', 'Innocent', 'Innocent', 'Innocent', 'Innocent', 'Innocent', 'Innocent', 'Innocent', 'Innocent', 'Innocent', 'Innocent', 'Innocent', 'Innocent', 'Innocent', 'Innocent', 'Innocent', 'Innocent', 'Innocent', 'Innocent', 'Innocent', 'Innocent', 'Innocent', 'Innocent', 'Innocent', 'Innocent', 'Innocent', 'Innocent', 'Innocent', 'Innocent', 'Innocent', 'Innocent', 'Innocent', 'Innocent', 'Innocent', 'Innocent', 'Innocent', 'Innocent', 'Innocent', 'Innocent', 'Innocent', 'Innocent', 'Innocent', 'Innocent', 'Innocent', 'Innocent', 'Innocent', 'Innocent', 'Innocent', 'Innocent', 'Innocent', 'Innocent', 'Innocent', 'Innocent', 'Innocent', 'Innocent', 'Innocent', 'Innocent', 'Innocent', 'Innocent', 'Innocent', 'Innocent', 'Innocent', 'Innocent', 'Innocent', 'Innocent', 'Innocent', 'Innocent', 'Innocent', 'Innocent', 'Innocent', 'Innocent', 'Innocent', 'Innocent', 'Innocent', 'Innocent', 'Innocent', 'Innocent', 'Innocent', 'Innocent', 'Innocent', 'Innocent', 'Innocent', 'Innocent', 'Innocent', 'Innocent', 'Innocent', 'Innocent', 'Innocent', 'Innocent', 'Innocent', 'Innocent', 'Innocent', 'Innocent', 'Innocent', 'Innocent', 'Innocent', 'Innocent', 'Innocent', 'Innocent', 'Innocent', 'Innocent', 'Innocent', 'Innocent', 'Innocent', 'Innocent', 'Innocent', 'Innocent', 'Innocent', 'Innocent', 'Innocent', 'Innocent', 'Innocent', 'Innocent', 'Innocent', 'Innocent', 'Innocent', 'Innocent', 'Innocent', 'Innocent', 'Innocent', 'Innocent', 'Innocent', 'Innocent', 'Innocent', 'Innocent', 'Innocent', 'Innocent', 'Innocent', 'Innocent', 'Innocent', 'Innocent', 'Innocent', 'Innocent', 'Innocent', 'Innocent', 'Innocent', 'Innocent', 'Innocent', 'Innocent', 'Innocent', 'Innocent', 'Innocent', 'Innocent', 'Innocent', 'Innocent', 'Innocent', 'Innocent', 'Innocent', 'Innocent', 'Innocent', 'Innocent', 'Innocent', 'Innocent', 'Innocent', 'Innocent', 'Innocent', 'Innocent', 'Innocent', 'Innocent', 'Innocent', 'Innocent', 'Innocent', 'Innocent', 'Innocent', 'Innocent', 'Innocent', 'Innocent', 'Innocent', 'Innocent', 'Innocent', 'Innocent', 'Innocent', 'Innocent', 'Innocent', 'Innocent', 'Innocent', 'Innocent', 'Innocent', 'Innocent', 'Innocent', 'Innocent', 'Innocent', 'Innocent', 'Innocent', 'Innocent', 'Innocent', 'Innocent', 'Innocent', 'Innocent', 'Innocent', 'Innocent', 'Innocent', 'Innocent', 'Innocent', 'Innocent', 'Innocent', 'Innocent', 'Innocent', 'Innocent', 'Innocent', 'Innocent', 'Innocent', 'Innocent', 'Innocent', 'Innocent', 'Innocent', 'Innocent', 'Innocent', 'Innocent', 'Innocent', 'Innocent', 'Innocent', 'Innocent', 'Innocent', 'Innocent', 'Innocent', 'Innocent', 'Innocent', 'Innocent', 'Innocent', 'Innocent', 'Innocent', 'Innocent', 'Innocent', 'Innocent', 'Innocent', 'Innocent', 'Innocent', 'Innocent', 'Innocent', 'Innocent', 'Innocent', 'Innocent', 'Innocent', 'Innocent', 'Innocent', 'Innocent', 'Innocent', 'Innocent', 'Innocent', 'Innocent', 'Innocent', 'Innocent', 'Innocent', 'Innocent', 'Innocent', 'Innocent', 'Innocent', 'Innocent', 'Innocent', 'Innocent', 'Innocent', 'Innocent', 'Innocent', 'Innocent', 'Innocent', 'Innocent', 'Innocent', 'Innocent', 'Innocent', 'Innocent', 'Innocent', 'Innocent', 'Innocent', 'Innocent', 'Innocent', 'Innocent', 'Innocent', 'Innocent', 'Innocent', 'Innocent', 'Innocent', 'Innocent', 'Innocent', 'Innocent', 'Innocent', 'Innocent', 'Innocent', 'Innocent', 'Innocent', 'Innocent', 'Innocent', 'Innocent', 'Innocent', 'Innocent', 'Innocent', 'Innocent', 'Innocent', 'Innocent', 'Innocent', 'Innocent', 'Innocent', 'Innocent', 'Innocent', 'Innocent', 'Innocent', 'Innocent', 'Innocent', 'Innocent', 'Innocent', 'Innocent', 'Innocent', 'Innocent', 'Innocent', 'Innocent', 'Innocent', 'Innocent', 'Innocent', 'Innocent', 'Innocent', 'Innocent', 'Innocent', 'Innocent', 'Innocent', 'Innocent', 'Innocent', 'Innocent', 'Innocent', 'Innocent', 'Innocent', 'Innocent', 'Innocent', 'Innocent', 'Innocent', 'Innocent', 'Innocent', 'Innocent', 'Innocent', 'Innocent', 'Innocent', 'Innocent', 'Innocent', 'Innocent', 'Innocent', 'Innocent', 'Innocent', 'Innocent', 'Innocent', 'Innocent', 'Innocent', 'Innocent', 'Innocent', 'Innocent', 'Innocent', 'Innocent', 'Innocent', 'Innocent', 'Innocent', 'Innocent', 'Innocent', 'Innocent', 'Innocent', 'Innocent', 'Innocent', 'Innocent', 'Innocent', 'Innocent', 'Innocent', 'Innocent', 'Innocent', 'Innocent', 'Innocent', 'Innocent', 'Innocent', 'Innocent', 'Innocent', 'Innocent', 'Innocent', 'Innocent', 'Innocent', 'Innocent', 'Innocent', 'Innocent', 'Innocent', 'Innocent', 'Innocent', 'Innocent', 'Innocent', 'Innocent', 'Innocent', 'Innocent', 'Innocent', 'Innocent', 'Innocent', 'Innocent', 'Innocent', 'Innocent', 'Innocent', 'Innocent', 'Innocent', 'Innocent', 'Innocent', 'Innocent', 'Innocent', 'Innocent', 'Innocent', 'Innocent', 'Innocent', 'Innocent', 'Innocent', 'Innocent', 'Innocent', 'Innocent', 'Innocent', 'Innocent', 'Innocent', 'Innocent', 'Innocent', 'Innocent', 'Innocent', 'Innocent', 'Innocent', 'Innocent', 'Innocent', 'Innocent', 'Innocent', 'Innocent', 'Innocent', 'Innocent', 'Innocent', 'Innocent', 'Innocent', 'Innocent', 'Innocent', 'Innocent', 'Innocent', 'Innocent', 'Innocent', 'Innocent', 'Innocent', 'Innocent', 'Innocent', 'Innocent', 'Innocent', 'Innocent', 'Innocent', 'Innocent', 'Innocent', 'Innocent', 'Innocent', 'Innocent', 'Innocent', 'Innocent', 'Innocent', 'Innocent', 'Innocent', 'Innocent', 'Innocent', 'Innocent', 'Innocent', 'Innocent', 'Innocent', 'Innocent', 'Innocent', 'Innocent', 'Innocent', 'Innocent', 'Innocent', 'Innocent', 'Innocent', 'Innocent', 'Innocent', 'Innocent', 'Innocent', 'Innocent', 'Innocent', 'Innocent', 'Innocent', 'Innocent', 'Innocent', 'Innocent', 'Innocent', 'Innocent', 'Innocent', 'Innocent', 'Innocent', 'Innocent', 'Innocent', 'Innocent', 'Innocent', 'Innocent', 'Innocent', 'Innocent', 'Innocent', 'Innocent', 'Innocent', 'Innocent', 'Innocent', 'Innocent', 'Innocent', 'Innocent', 'Innocent', 'Innocent', 'Innocent', 'Innocent', 'Innocent', 'Innocent', 'Innocent', 'Innocent', 'Innocent', 'Innocent', 'Innocent', 'Innocent', 'Innocent', 'Innocent', 'Innocent', 'Innocent', 'Innocent', 'Innocent', 'Innocent', 'Innocent', 'Innocent', 'Innocent', 'Innocent', 'Innocent', 'Innocent', 'Innocent', 'Innocent', 'Innocent', 'Innocent', 'Innocent', 'Innocent', 'Innocent', 'Innocent', 'Innocent', 'Innocent', 'Innocent', 'Innocent', 'Innocent', 'Innocent', 'Innocent', 'Innocent', 'Innocent', 'Innocent', 'Innocent', 'Innocent', 'Innocent', 'Innocent', 'Innocent', 'Innocent', 'Innocent', 'Innocent', 'Innocent', 'Innocent', 'Innocent', 'Innocent', 'Innocent', 'Innocent', 'Innocent', 'Innocent', 'Innocent', 'Innocent', 'Innocent', 'Innocent', 'Innocent', 'Innocent', 'Innocent', 'Innocent', 'Innocent', 'Innocent', 'Innocent', 'Innocent', 'Innocent', 'Innocent', 'Innocent', 'Innocent', 'Innocent', 'Innocent', 'Innocent', 'Innocent', 'Innocent', 'Innocent', 'Innocent', 'Innocent', 'Innocent', 'Innocent', 'Innocent', 'Innocent', 'Innocent', 'Innocent', 'Innocent', 'Innocent', 'Innocent', 'Innocent', 'Innocent', 'Innocent', 'Innocent', 'Innocent', 'Innocent', 'Innocent', 'Innocent', 'Innocent', 'Innocent', 'Innocent', 'Innocent', 'Innocent', 'Innocent', 'Innocent', 'Innocent', 'Innocent', 'Innocent', 'Innocent', 'Innocent', 'Innocent', 'Innocent', 'Innocent', 'Innocent', 'Innocent', 'Innocent', 'Innocent', 'Innocent', 'Innocent', 'Innocent', 'Innocent', 'Innocent', 'Innocent', 'Innocent', 'Innocent', 'Innocent', 'Innocent', 'Innocent', 'Innocent', 'Innocent', 'Innocent', 'Innocent', 'Innocent', 'Innocent', 'Innocent', 'Innocent', 'Innocent', 'Innocent', 'Innocent', 'Innocent', 'Innocent', 'Innocent', 'Innocent', 'Innocent', 'Innocent', 'Innocent', 'Innocent', 'Innocent', 'Innocent', 'Innocent', 'Innocent', 'Innocent', 'Innocent', 'Innocent', 'Innocent', 'Innocent', 'Innocent', 'Innocent', 'Innocent', 'Innocent', 'Innocent', 'Innocent', 'Innocent', 'Innocent', 'Innocent', 'Innocent', 'Innocent', 'Innocent', 'Innocent', 'Innocent', 'Innocent', 'Innocent', 'Innocent', 'Innocent', 'Innocent', 'Innocent', 'Innocent', 'Innocent', 'Innocent', 'Innocent', 'Innocent', 'Innocent', 'Innocent', 'Innocent', 'Innocent', 'Innocent', 'Innocent', 'Innocent', 'Innocent', 'Innocent', 'Innocent', 'Innocent', 'Innocent', 'Innocent', 'Innocent', 'Innocent', 'Innocent', 'Innocent', 'Innocent', 'Innocent', 'Innocent', 'Innocent', 'Innocent', 'Innocent', 'Innocent', 'Innocent', 'Innocent', 'Innocent', 'Innocent', 'Innocent', 'Innocent', 'Innocent', 'Innocent', 'Innocent', 'Innocent', 'Innocent', 'Innocent', 'Innocent', 'Innocent', 'Innocent', 'Innocent', 'Innocent', 'Innocent', 'Innocent', 'Innocent', 'Innocent', 'Innocent', 'Innocent', 'Innocent', 'Innocent', 'Innocent', 'Innocent', 'Innocent', 'Innocent', 'Innocent', 'Innocent', 'Innocent', 'Innocent', 'Innocent', 'Innocent', 'Innocent', 'Innocent', 'Innocent', 'Innocent', 'Innocent', 'Innocent', 'Innocent', 'Innocent', 'Innocent', 'Innocent', 'Innocent', 'Innocent', 'Innocent', 'Innocent', 'Innocent', 'Innocent', 'Innocent', 'Innocent', 'Innocent', 'Innocent', 'Innocent', 'Innocent', 'Innocent', 'Innocent', 'Innocent', 'Innocent', 'Innocent', 'Innocent', 'Innocent', 'Innocent', 'Innocent', 'Innocent', 'Innocent', 'Innocent', 'Innocent', 'Innocent', 'Innocent', 'Innocent', 'Innocent', 'Innocent', 'Innocent', 'Innocent', 'Innocent', 'Innocent', 'Innocent', 'Innocent', 'Innocent', 'Innocent', 'Innocent', 'Innocent', 'Innocent', 'Innocent', 'Innocent', 'Innocent', 'Innocent', 'Innocent', 'Innocent', 'Innocent', 'Innocent', 'Innocent', 'Innocent', 'Innocent', 'Innocent', 'Innocent', 'Innocent', 'Innocent', 'Innocent', 'Innocent', 'Innocent', 'Innocent', 'Innocent', 'Innocent', 'Innocent', 'Innocent', 'Innocent', 'Innocent', 'Innocent', 'Innocent', 'Innocent', 'Innocent', 'Innocent', 'Innocent', 'Innocent', 'Innocent', 'Innocent', 'Innocent', 'Innocent', 'Innocent', 'Innocent', 'Innocent', 'Innocent', 'Innocent', 'Innocent', 'Innocent', 'Innocent', 'Innocent', 'Innocent', 'Innocent', 'Innocent', 'Innocent', 'Innocent', 'Innocent', 'Innocent', 'Innocent', 'Innocent', 'Innocent', 'Innocent', 'Innocent', 'Innocent', 'Innocent', 'Innocent', 'Innocent', 'Innocent', 'Innocent', 'Innocent', 'Innocent', 'Innocent', 'Innocent', 'Innocent', 'Innocent', 'Innocent', 'Innocent', 'Innocent', 'Innocent', 'Innocent', 'Innocent', 'Innocent', 'Innocent', 'Innocent', 'Innocent', 'Innocent', 'Innocent', 'Innocent', 'Innocent', 'Innocent', 'Innocent', 'Innocent', 'Innocent', 'Innocent', 'Innocent', 'Innocent', 'Innocent', 'Innocent', 'Innocent', 'Innocent', 'Innocent', 'Innocent', 'Innocent', 'Innocent', 'Innocent', 'Innocent', 'Innocent', 'Innocent', 'Innocent', 'Innocent', 'Innocent', 'Innocent', 'Innocent', 'Innocent', 'Innocent', 'Innocent', 'Innocent', 'Innocent', 'Innocent', 'Innocent', 'Innocent', 'Innocent', 'Innocent', 'Innocent', 'Innocent', 'Innocent', 'Innocent', 'Innocent', 'Innocent', 'Innocent', 'Innocent', 'Innocent', 'Innocent', 'Innocent', 'Innocent', 'Innocent', 'Innocent', 'Innocent', 'Innocent', 'Innocent', 'Innocent', 'Innocent', 'Innocent', 'Innocent', 'Innocent', 'Innocent', 'Innocent', 'Innocent', 'Innocent', 'Innocent', 'Innocent', 'Innocent', 'Innocent', 'Innocent', 'Innocent', 'Innocent', 'Innocent', 'Innocent', 'Innocent', 'Innocent', 'Innocent', 'Innocent', 'Innocent', 'Innocent', 'Innocent', 'Innocent', 'Innocent', 'Innocent', 'Innocent', 'Innocent', 'Innocent', 'Innocent', 'Innocent', 'Innocent', 'Innocent', 'Innocent', 'Innocent', 'Innocent', 'Innocent', 'Innocent', 'Innocent', 'Innocent', 'Innocent', 'Innocent', 'Innocent', 'Innocent', 'Innocent', 'Innocent', 'Innocent', 'Innocent', 'Innocent', 'Innocent', 'Innocent', 'Innocent', 'Innocent', 'Innocent', 'Innocent', 'Innocent', 'Innocent', 'Innocent', 'Innocent', 'Innocent', 'Innocent', 'Innocent', 'Innocent', 'Innocent', 'Innocent', 'Innocent', 'Innocent', 'Innocent', 'Innocent', 'Innocent', 'Innocent', 'Innocent', 'Innocent', 'Innocent', 'Innocent', 'Innocent', 'Innocent', 'Innocent', 'Innocent', 'Innocent', 'Innocent', 'Innocent', 'Innocent', 'Innocent', 'Innocent', 'Innocent', 'Innocent', 'Innocent', 'Innocent', 'Innocent', 'Innocent', 'Innocent', 'Innocent', 'Innocent', 'Innocent', 'Innocent', 'Innocent', 'Innocent', 'Innocent', 'Innocent', 'Innocent', 'Innocent', 'Innocent', 'Innocent', 'Innocent', 'Innocent', 'Innocent', 'Innocent', 'Innocent', 'Innocent', 'Innocent', 'Innocent', 'Innocent', 'Innocent', 'Innocent', 'Innocent', 'Innocent', 'Innocent', 'Innocent', 'Innocent', 'Innocent', 'Innocent', 'Innocent', 'Innocent', 'Innocent', 'Innocent', 'Innocent', 'Innocent', 'Innocent', 'Innocent', 'Innocent', 'Innocent', 'Innocent', 'Innocent', 'Innocent', 'Innocent', 'Innocent', 'Innocent', 'Innocent', 'Innocent', 'Innocent', 'Innocent', 'Innocent', 'Innocent', 'Innocent', 'Innocent', 'Innocent', 'Innocent', 'Innocent', 'Innocent', 'Innocent', 'Innocent', 'Innocent', 'Innocent', 'Innocent', 'Innocent', 'Innocent', 'Innocent', 'Innocent', 'Innocent', 'Innocent', 'Innocent', 'Innocent', 'Innocent', 'Innocent', 'Innocent', 'Innocent', 'Innocent', 'Innocent', 'Innocent', 'Innocent', 'Innocent', 'Innocent', 'Innocent', 'Innocent', 'Innocent', 'Innocent', 'Innocent', 'Innocent', 'Innocent', 'Innocent', 'Innocent', 'Innocent', 'Innocent', 'Innocent', 'Innocent', 'Innocent', 'Innocent', 'Innocent', 'Innocent', 'Innocent', 'Innocent', 'Innocent', 'Innocent', 'Innocent', 'Innocent', 'Innocent', 'Innocent', 'Innocent', 'Innocent', 'Innocent', 'Innocent', 'Innocent', 'Innocent', 'Innocent', 'Innocent', 'Innocent', 'Innocent', 'Innocent', 'Innocent', 'Innocent', 'Innocent', 'Innocent', 'Innocent', 'Innocent', 'Innocent', 'Innocent', 'Innocent', 'Innocent', 'Innocent', 'Innocent', 'Innocent', 'Innocent', 'Innocent', 'Innocent', 'Innocent', 'Innocent', 'Innocent', 'Innocent', 'Innocent', 'Innocent', 'Innocent', 'Innocent', 'Innocent', 'Innocent', 'Innocent', 'Innocent', 'Innocent', 'Innocent', 'Innocent', 'Innocent', 'Innocent', 'Innocent', 'Innocent', 'Innocent', 'Innocent', 'Innocent', 'Innocent', 'Innocent', 'Innocent', 'Innocent', 'Innocent', 'Innocent', 'Innocent', 'Innocent', 'Innocent', 'Innocent', 'Innocent', 'Innocent', 'Innocent', 'Innocent', 'Innocent', 'Innocent', 'Innocent', 'Innocent', 'Innocent', 'Innocent', 'Innocent', 'Innocent', 'Innocent', 'Innocent', 'Innocent', 'Innocent', 'Innocent', 'Innocent', 'Innocent', 'Innocent', 'Innocent', 'Innocent', 'Innocent', 'Innocent', 'Innocent', 'Innocent', 'Innocent', 'Innocent', 'Innocent', 'Innocent', 'Innocent', 'Innocent', 'Innocent', 'Innocent', 'Innocent', 'Innocent', 'Innocent', 'Innocent', 'Innocent', 'Innocent', 'Innocent', 'Innocent', 'Innocent', 'Innocent', 'Innocent', 'Innocent', 'Innocent', 'Innocent', 'Innocent', 'Innocent', 'Innocent', 'Innocent', 'Innocent', 'Innocent', 'Innocent', 'Innocent', 'Innocent', 'Innocent', 'Innocent', 'Innocent', 'Innocent', 'Innocent', 'Innocent', 'Innocent', 'Innocent', 'Innocent', 'Innocent', 'Innocent', 'Innocent', 'Innocent', 'Innocent', 'Innocent', 'Innocent', 'Innocent', 'Innocent', 'Innocent', 'Innocent', 'Innocent', 'Innocent', 'Innocent', 'Innocent', 'Innocent', 'Innocent', 'Innocent', 'Innocent', 'Innocent', 'Innocent', 'Innocent', 'Innocent', 'Innocent', 'Innocent', 'Innocent', 'Innocent', 'Innocent', 'Innocent', 'Innocent', 'Innocent', 'Innocent', 'Innocent', 'Innocent', 'Innocent', 'Innocent', 'Innocent', 'Innocent', 'Innocent', 'Innocent', 'Innocent', 'Innocent', 'Innocent', 'Innocent', 'Innocent', 'Innocent', 'Innocent', 'Innocent', 'Innocent', 'Innocent', 'Innocent', 'Innocent', 'Innocent', 'Innocent', 'Innocent', 'Innocent', 'Innocent', 'Innocent', 'Innocent', 'Innocent', 'Innocent', 'Innocent', 'Innocent', 'Innocent', 'Innocent', 'Innocent', 'Innocent', 'Innocent', 'Innocent', 'Innocent', 'Innocent', 'Innocent', 'Innocent', 'Innocent', 'Innocent', 'Innocent', 'Innocent', 'Innocent', 'Innocent', 'Innocent', 'Innocent', 'Innocent', 'Innocent', 'Innocent', 'Innocent', 'Innocent', 'Innocent', 'Innocent', 'Innocent', 'Innocent', 'Innocent', 'Innocent', 'Innocent', 'Innocent', 'Innocent', 'Innocent', 'Innocent', 'Innocent', 'Innocent', 'Innocent', 'Innocent', 'Innocent', 'Innocent', 'Innocent', 'Innocent', 'Innocent', 'Innocent', 'Innocent', 'Innocent', 'Innocent', 'Innocent', 'Innocent', 'Innocent', 'Innocent', 'Innocent', 'Innocent', 'Innocent', 'Innocent', 'Innocent', 'Innocent', 'Innocent', 'Innocent', 'Innocent', 'Innocent', 'Innocent', 'Innocent', 'Innocent', 'Innocent', 'Innocent', 'Innocent', 'Innocent', 'Innocent', 'Innocent', 'Innocent', 'Innocent', 'Innocent', 'Innocent', 'Innocent', 'Innocent', 'Innocent', 'Innocent', 'Innocent', 'Innocent', 'Innocent', 'Innocent', 'Innocent', 'Innocent', 'Innocent', 'Innocent', 'Innocent', 'Innocent', 'Innocent', 'Innocent', 'Innocent', 'Innocent', 'Innocent', 'Innocent', 'Innocent', 'Innocent', 'Innocent', 'Innocent', 'Innocent', 'Innocent', 'Innocent', 'Innocent', 'Innocent', 'Innocent', 'Innocent', 'Innocent', 'Innocent', 'Innocent', 'Innocent', 'Innocent', 'Innocent', 'Innocent', 'Innocent', 'Innocent', 'Innocent', 'Innocent', 'Innocent', 'Innocent', 'Innocent', 'Innocent', 'Innocent', 'Innocent', 'Innocent', 'Innocent', 'Innocent', 'Innocent', 'Innocent', 'Innocent', 'Innocent', 'Innocent', 'Innocent', 'Innocent', 'Innocent', 'Innocent', 'Innocent', 'Innocent', 'Innocent', 'Innocent', 'Innocent', 'Innocent', 'Innocent', 'Innocent', 'Innocent', 'Innocent', 'Innocent', 'Innocent', 'Innocent', 'Innocent', 'Innocent', 'Innocent', 'Innocent', 'Innocent', 'Innocent', 'Innocent', 'Innocent', 'Innocent', 'Innocent', 'Innocent', 'Innocent', 'Innocent', 'Innocent', 'Innocent', 'Innocent', 'Innocent', 'Innocent', 'Innocent', 'Innocent', 'Innocent', 'Innocent', 'Innocent', 'Innocent', 'Innocent', 'Innocent', 'Innocent', 'Innocent', 'Innocent', 'Innocent', 'Innocent', 'Innocent', 'Innocent', 'Innocent', 'Innocent', 'Innocent', 'Innocent', 'Innocent', 'Innocent', 'Innocent', 'Innocent', 'Innocent', 'Innocent', 'Innocent', 'Innocent', 'Innocent', 'Innocent', 'Innocent', 'Innocent', 'Innocent', 'Innocent', 'Innocent', 'Innocent', 'Innocent', 'Innocent', 'Innocent', 'Innocent', 'Innocent', 'Innocent', 'Innocent', 'Innocent', 'Innocent', 'Innocent', 'Innocent', 'Innocent', 'Innocent', 'Innocent', 'Innocent', 'Innocent', 'Innocent', 'Innocent', 'Innocent', 'Innocent', 'Innocent', 'Innocent', 'Innocent', 'Innocent', 'Innocent', 'Innocent', 'Innocent', 'Innocent', 'Innocent', 'Innocent', 'Innocent', 'Innocent', 'Innocent', 'Innocent', 'Innocent', 'Innocent', 'Innocent', 'Innocent', 'Innocent', 'Innocent', 'Innocent', 'Innocent', 'Innocent', 'Innocent', 'Innocent', 'Innocent', 'Innocent', 'Innocent', 'Innocent', 'Innocent', 'Innocent', 'Innocent', 'Innocent', 'Innocent', 'Innocent', 'Innocent', 'Innocent', 'Innocent', 'Innocent', 'Innocent', 'Innocent', 'Innocent', 'Innocent', 'Innocent', 'Innocent', 'Innocent', 'Innocent', 'Innocent', 'Innocent', 'Innocent', 'Innocent', 'Innocent', 'Innocent', 'Innocent', 'Innocent', 'Innocent', 'Innocent', 'Innocent', 'Innocent', 'Innocent', 'Innocent', 'Innocent', 'Innocent', 'Innocent', 'Innocent', 'Innocent', 'Innocent', 'Innocent', 'Innocent', 'Innocent', 'Innocent', 'Innocent', 'Innocent', 'Innocent', 'Innocent', 'Innocent', 'Innocent', 'Innocent', 'Innocent', 'Innocent', 'Innocent', 'Innocent', 'Innocent', 'Innocent', 'Innocent', 'Innocent', 'Innocent', 'Innocent', 'Innocent', 'Innocent', 'Innocent', 'Innocent', 'Innocent', 'Innocent', 'Innocent', 'Innocent', 'Innocent', 'Innocent', 'Innocent', 'Innocent', 'Innocent', 'Innocent', 'Innocent', 'Innocent', 'Innocent', 'Innocent', 'Innocent', 'Innocent', 'Innocent', 'Innocent', 'Innocent', 'Innocent', 'Innocent', 'Innocent', 'Innocent', 'Innocent', 'Innocent', 'Innocent', 'Innocent', 'Innocent', 'Innocent', 'Innocent', 'Innocent', 'Innocent', 'Innocent', 'Innocent', 'Innocent', 'Innocent', 'Innocent', 'Innocent', 'Innocent', 'Innocent', 'Innocent', 'Innocent', 'Innocent', 'Innocent', 'Innocent', 'Innocent', 'Innocent', 'Innocent', 'Innocent', 'Innocent', 'Innocent', 'Innocent', 'Innocent', 'Innocent', 'Innocent', 'Innocent', 'Innocent', 'Innocent', 'Innocent', 'Innocent', 'Innocent', 'Innocent', 'Innocent', 'Innocent', 'Innocent', 'Innocent', 'Innocent', 'Innocent', 'Innocent', 'Innocent', 'Innocent', 'Innocent', 'Innocent', 'Innocent', 'Innocent', 'Innocent', 'Innocent', 'Innocent', 'Innocent', 'Innocent', 'Innocent', 'Innocent', 'Innocent', 'Innocent', 'Innocent', 'Innocent', 'Innocent', 'Innocent', 'Innocent', 'Innocent', 'Innocent', 'Innocent', 'Innocent', 'Innocent', 'Innocent', 'Innocent', 'Innocent', 'Innocent', 'Innocent', 'Innocent', 'Innocent', 'Innocent', 'Innocent', 'Innocent', 'Innocent', 'Innocent', 'Innocent', 'Innocent', 'Innocent', 'Innocent', 'Innocent', 'Innocent', 'Innocent', 'Innocent', 'Innocent', 'Innocent', 'Innocent', 'Innocent', 'Innocent', 'Innocent', 'Innocent', 'Innocent', 'Innocent', 'Innocent', 'Innocent', 'Innocent', 'Innocent', 'Innocent', 'Innocent', 'Innocent', 'Innocent', 'Innocent', 'Innocent', 'Innocent', 'Innocent', 'Innocent', 'Innocent', 'Innocent', 'Innocent', 'Innocent', 'Innocent', 'Innocent', 'Innocent', 'Innocent', 'Innocent', 'Innocent', 'Innocent', 'Innocent', 'Innocent', 'Innocent', 'Innocent', 'Innocent', 'Innocent', 'Innocent', 'Innocent', 'Innocent', 'Innocent', 'Innocent', 'Innocent', 'Innocent', 'Innocent', 'Innocent', 'Innocent', 'Innocent', 'Innocent', 'Innocent', 'Innocent', 'Innocent', 'Innocent', 'Innocent', 'Innocent', 'Innocent', 'Innocent', 'Innocent', 'Innocent', 'Innocent', 'Innocent', 'Innocent', 'Innocent', 'Innocent', 'Innocent', 'Innocent', 'Innocent', 'Innocent', 'Innocent', 'Innocent', 'Innocent', 'Innocent', 'Innocent', 'Innocent', 'Innocent', 'Innocent', 'Innocent', 'Innocent', 'Innocent', 'Innocent', 'Innocent', 'Innocent', 'Innocent', 'Innocent', 'Innocent', 'Innocent', 'Innocent', 'Innocent', 'Innocent', 'Innocent', 'Innocent', 'Innocent', 'Innocent', 'Innocent', 'Innocent', 'Innocent', 'Innocent', 'Innocent', 'Innocent', 'Innocent', 'Innocent', 'Innocent', 'Innocent', 'Innocent', 'Innocent', 'Innocent', 'Innocent', 'Innocent', 'Innocent', 'Innocent', 'Innocent', 'Innocent', 'Innocent', 'Innocent', 'Innocent', 'Innocent', 'Innocent', 'Innocent', 'Innocent', 'Innocent', 'Innocent', 'Innocent', 'Innocent', 'Innocent', 'Innocent', 'Innocent', 'Innocent', 'Innocent', 'Innocent', 'Innocent', 'Innocent', 'Innocent', 'Innocent', 'Innocent', 'Innocent', 'Innocent', 'Innocent', 'Innocent', 'Innocent', 'Innocent', 'Innocent', 'Innocent', 'Innocent', 'Innocent', 'Innocent', 'Innocent', 'Innocent', 'Innocent', 'Innocent', 'Innocent', 'Innocent', 'Innocent', 'Innocent', 'Innocent', 'Innocent', 'Innocent', 'Innocent', 'Innocent', 'Innocent', 'Innocent', 'Innocent', 'Innocent', 'Innocent', 'Innocent', 'Innocent', 'Innocent', 'Innocent', 'Innocent', 'Innocent', 'Innocent', 'Innocent', 'Innocent', 'Innocent', 'Innocent', 'Innocent', 'Innocent', 'Innocent', 'Innocent', 'Innocent', 'Innocent', 'Innocent', 'Innocent', 'Innocent', 'Innocent', 'Innocent', 'Innocent', 'Innocent', 'Innocent', 'Innocent', 'Innocent', 'Innocent', 'Innocent', 'Innocent', 'Innocent', 'Innocent', 'Innocent', 'Innocent', 'Innocent', 'Innocent', 'Innocent', 'Innocent', 'Innocent', 'Innocent', 'Innocent', 'Innocent', 'Innocent', 'Innocent', 'Innocent', 'Innocent', 'Innocent', 'Innocent', 'Innocent', 'Innocent', 'Innocent', 'Innocent', 'Innocent', 'Innocent', 'Innocent', 'Innocent', 'Innocent', 'Innocent', 'Innocent', 'Innocent', 'Innocent', 'Innocent', 'Innocent', 'Innocent', 'Innocent', 'Innocent', 'Innocent', 'Innocent', 'Innocent', 'Innocent', 'Innocent', 'Innocent', 'Innocent', 'Innocent', 'Innocent', 'Innocent', 'Innocent', 'Innocent', 'Innocent', 'Innocent', 'Innocent', 'Innocent', 'Innocent', 'Innocent', 'Innocent', 'Innocent', 'Innocent', 'Innocent', 'Innocent', 'Innocent', 'Innocent', 'Innocent', 'Innocent', 'Innocent', 'Innocent', 'Innocent', 'Innocent', 'Innocent', 'Innocent', 'Innocent', 'Innocent', 'Innocent', 'Innocent', 'Innocent', 'Innocent', 'Innocent', 'Innocent', 'Innocent', 'Innocent', 'Innocent', 'Innocent', 'Innocent', 'Innocent', 'Innocent', 'Innocent', 'Innocent', 'Innocent', 'Innocent', 'Innocent', 'Innocent', 'Innocent', 'Innocent', 'Innocent', 'Innocent', 'Innocent', 'Innocent', 'Innocent', 'Innocent', 'Innocent', 'Innocent', 'Innocent', 'Innocent', 'Innocent', 'Innocent', 'Innocent', 'Innocent', 'Innocent', 'Innocent', 'Innocent', 'Innocent', 'Innocent', 'Innocent', 'Innocent', 'Innocent', 'Innocent', 'Innocent', 'Innocent', 'Innocent', 'Innocent', 'Innocent', 'Innocent', 'Innocent', 'Innocent', 'Innocent', 'Innocent', 'Innocent', 'Innocent', 'Innocent', 'Innocent', 'Innocent', 'Innocent', 'Innocent', 'Innocent', 'Innocent', 'Innocent', 'Innocent', 'Innocent', 'Innocent', 'Innocent', 'Innocent', 'Innocent', 'Innocent', 'Innocent', 'Innocent', 'Innocent', 'Innocent', 'Innocent', 'Innocent', 'Innocent', 'Innocent', 'Innocent', 'Innocent', 'Innocent', 'Innocent', 'Innocent', 'Innocent', 'Innocent', 'Innocent', 'Innocent', 'Innocent', 'Innocent', 'Innocent', 'Innocent', 'Innocent', 'Innocent', 'Innocent', 'Innocent', 'Innocent', 'Innocent', 'Innocent', 'Innocent', 'Innocent', 'Innocent', 'Innocent', 'Innocent', 'Innocent', 'Innocent', 'Innocent', 'Innocent', 'Innocent', 'Innocent', 'Innocent', 'Innocent', 'Innocent', 'Innocent', 'Innocent', 'Innocent', 'Innocent', 'Innocent', 'Innocent', 'Innocent', 'Innocent', 'Innocent', 'Innocent', 'Innocent', 'Innocent', 'Innocent', 'Innocent', 'Innocent', 'Innocent', 'Innocent', 'Innocent', 'Innocent', 'Innocent', 'Innocent', 'Innocent', 'Innocent', 'Innocent', 'Innocent', 'Innocent', 'Innocent', 'Innocent', 'Innocent', 'Innocent', 'Innocent', 'Innocent', 'Innocent', 'Innocent', 'Innocent', 'Innocent', 'Innocent', 'Innocent', 'Innocent', 'Innocent', 'Innocent', 'Innocent', 'Innocent', 'Innocent', 'Innocent', 'Innocent', 'Innocent', 'Innocent', 'Innocent', 'Innocent', 'Innocent', 'Innocent', 'Innocent', 'Innocent', 'Innocent', 'Innocent', 'Innocent', 'Innocent', 'Innocent', 'Innocent', 'Innocent', 'Innocent', 'Innocent', 'Innocent', 'Innocent', 'Innocent', 'Innocent', 'Innocent', 'Innocent', 'Innocent', 'Innocent', 'Innocent', 'Innocent', 'Innocent', 'Innocent', 'Innocent', 'Innocent', 'Innocent', 'Innocent', 'Innocent', 'Innocent', 'Innocent', 'Innocent', 'Innocent', 'Innocent', 'Innocent', 'Innocent', 'Innocent', 'Innocent', 'Innocent', 'Innocent', 'Innocent', 'Innocent', 'Innocent', 'Innocent', 'Innocent', 'Innocent', 'Innocent', 'Innocent', 'Innocent', 'Innocent', 'Innocent', 'Innocent', 'Innocent', 'Innocent', 'Innocent', 'Innocent', 'Innocent', 'Innocent', 'Innocent', 'Innocent', 'Innocent', 'Innocent', 'Innocent', 'Innocent', 'Innocent', 'Innocent', 'Innocent', 'Innocent', 'Innocent', 'Innocent', 'Innocent', 'Innocent', 'Innocent', 'Innocent', 'Innocent', 'Innocent', 'Innocent', 'Innocent', 'Innocent', 'Innocent', 'Innocent', 'Innocent', 'Innocent', 'Innocent', 'Innocent', 'Innocent', 'Innocent', 'Innocent', 'Innocent', 'Innocent', 'Innocent', 'Innocent', 'Innocent', 'Innocent', 'Innocent', 'Innocent', 'Innocent', 'Innocent', 'Innocent', 'Innocent', 'Innocent', 'Innocent', 'Innocent', 'Innocent', 'Innocent', 'Innocent', 'Innocent', 'Innocent', 'Innocent', 'Innocent', 'Innocent', 'Innocent', 'Innocent', 'Innocent', 'Innocent', 'Innocent', 'Innocent', 'Innocent', 'Innocent', 'Innocent', 'Innocent', 'Innocent', 'Innocent', 'Innocent', 'Innocent', 'Innocent', 'Innocent', 'Innocent', 'Innocent', 'Innocent', 'Innocent', 'Innocent', 'Innocent', 'Innocent', 'Innocent', 'Innocent', 'Innocent', 'Innocent', 'Innocent', 'Innocent', 'Innocent', 'Innocent', 'Innocent', 'Innocent', 'Innocent', 'Innocent', 'Innocent', 'Innocent', 'Innocent', 'Innocent', 'Innocent', 'Innocent', 'Innocent', 'Innocent', 'Innocent', 'Innocent', 'Innocent', 'Innocent', 'Innocent', 'Innocent', 'Innocent', 'Innocent', 'Innocent', 'Innocent', 'Innocent', 'Innocent', 'Innocent', 'Innocent', 'Innocent', 'Innocent', 'Innocent', 'Innocent', 'Innocent', 'Innocent', 'Innocent', 'Innocent', 'Innocent', 'Innocent', 'Innocent', 'Innocent', 'Innocent', 'Innocent', 'Innocent', 'Innocent', 'Innocent', 'Innocent', 'Innocent', 'Innocent', 'Innocent', 'Innocent', 'Innocent', 'Innocent', 'Innocent', 'Innocent', 'Innocent', 'Innocent', 'Innocent', 'Innocent', 'Innocent', 'Innocent', 'Innocent', 'Innocent', 'Innocent', 'Innocent', 'Innocent', 'Innocent', 'Innocent', 'Innocent', 'Innocent', 'Innocent', 'Innocent', 'Innocent', 'Innocent', 'Innocent', 'Innocent', 'Innocent', 'Innocent', 'Innocent', 'Innocent', 'Innocent', 'Innocent', 'Innocent', 'Innocent', 'Innocent', 'Innocent', 'Innocent', 'Innocent', 'Innocent', 'Innocent', 'Innocent', 'Innocent', 'Innocent', 'Innocent', 'Innocent', 'Innocent', 'Innocent', 'Innocent', 'Innocent', 'Innocent', 'Innocent', 'Innocent', 'Innocent', 'Innocent', 'Innocent', 'Innocent', 'Innocent', 'Innocent', 'Innocent', 'Innocent', 'Innocent', 'Innocent', 'Innocent', 'Innocent', 'Innocent', 'Innocent', 'Innocent', 'Innocent', 'Innocent', 'Innocent', 'Innocent', 'Innocent', 'Innocent', 'Innocent', 'Innocent', 'Innocent', 'Innocent', 'Innocent', 'Innocent', 'Innocent', 'Innocent', 'Innocent', 'Innocent', 'Innocent', 'Innocent', 'Innocent', 'Innocent', 'Innocent', 'Innocent', 'Innocent', 'Innocent', 'Innocent', 'Innocent', 'Innocent', 'Innocent', 'Innocent', 'Innocent', 'Innocent', 'Innocent', 'Innocent', 'Innocent', 'Innocent', 'Innocent', 'Innocent', 'Innocent', 'Innocent', 'Innocent', 'Innocent', 'Innocent', 'Innocent', 'Innocent', 'Innocent', 'Innocent', 'Innocent', 'Innocent', 'Innocent', 'Innocent', 'Innocent', 'Innocent', 'Innocent', 'Innocent', 'Innocent', 'Innocent', 'Innocent', 'Innocent', 'Innocent', 'Innocent', 'Innocent', 'Innocent', 'Innocent', 'Innocent', 'Innocent', 'Innocent', 'Innocent', 'Innocent', 'Innocent', 'Innocent', 'Innocent', 'Innocent', 'Innocent', 'Innocent', 'Innocent', 'Innocent', 'Innocent', 'Innocent', 'Innocent', 'Innocent', 'Innocent', 'Innocent', 'Innocent', 'Innocent', 'Innocent', 'Innocent', 'Innocent', 'Innocent', 'Innocent', 'Innocent', 'Innocent', 'Innocent', 'Innocent', 'Innocent', 'Innocent', 'Innocent', 'Innocent', 'Innocent', 'Innocent', 'Innocent', 'Innocent', 'Innocent', 'Innocent', 'Innocent', 'Innocent', 'Innocent', 'Innocent', 'Innocent', 'Innocent', 'Innocent', 'Innocent', 'Innocent', 'Innocent', 'Innocent', 'Innocent', 'Innocent', 'Innocent', 'Innocent', 'Innocent', 'Innocent', 'Innocent', 'Innocent', 'Innocent', 'Innocent', 'Innocent', 'Innocent', 'Innocent', 'Innocent', 'Innocent', 'Innocent', 'Innocent', 'Innocent', 'Innocent', 'Innocent', 'Innocent', 'Innocent', 'Innocent', 'Innocent', 'Innocent', 'Innocent', 'Innocent', 'Innocent', 'Innocent', 'Innocent', 'Innocent', 'Innocent', 'Innocent', 'Innocent', 'Innocent', 'Innocent', 'Innocent', 'Innocent', 'Innocent', 'Innocent', 'Innocent', 'Innocent', 'Innocent', 'Innocent', 'Innocent', 'Innocent', 'Innocent', 'Innocent', 'Innocent', 'Innocent', 'Innocent', 'Innocent', 'Innocent', 'Innocent', 'Innocent', 'Innocent', 'Innocent', 'Innocent', 'Innocent', 'Innocent', 'Innocent', 'Innocent', 'Innocent', 'Innocent', 'Innocent', 'Innocent', 'Innocent', 'Innocent', 'Innocent', 'Innocent', 'Innocent', 'Innocent', 'Innocent', 'Innocent', 'Innocent', 'Innocent', 'Innocent', 'Innocent', 'Innocent', 'Innocent', 'Innocent', 'Innocent', 'Innocent', 'Innocent', 'Innocent', 'Innocent', 'Innocent', 'Innocent', 'Innocent', 'Innocent', 'Innocent', 'Innocent', 'Innocent', 'Innocent', 'Innocent', 'Innocent', 'Innocent', 'Innocent', 'Innocent', 'Innocent', 'Innocent', 'Innocent', 'Innocent', 'Innocent', 'Innocent', 'Innocent', 'Innocent', 'Innocent', 'Innocent', 'Innocent', 'Innocent', 'Innocent', 'Innocent', 'Innocent', 'Innocent', 'Innocent', 'Innocent', 'Innocent', 'Innocent', 'Innocent', 'Innocent', 'Innocent', 'Innocent', 'Innocent', 'Innocent', 'Innocent', 'Innocent', 'Innocent', 'Innocent', 'Innocent', 'Innocent', 'Innocent', 'Innocent', 'Innocent', 'Innocent', 'Innocent', 'Innocent', 'Innocent', 'Innocent', 'Innocent', 'Innocent', 'Innocent', 'Innocent', 'Innocent', 'Innocent', 'Innocent', 'Innocent', 'Innocent', 'Innocent', 'Innocent', 'Innocent', 'Innocent', 'Innocent', 'Innocent', 'Innocent', 'Innocent', 'Innocent', 'Innocent', 'Innocent', 'Innocent', 'Innocent', 'Innocent', 'Innocent', 'Innocent', 'Innocent', 'Innocent', 'Innocent', 'Innocent', 'Innocent', 'Innocent', 'Innocent', 'Innocent', 'Innocent', 'Innocent', 'Innocent', 'Innocent', 'Innocent', 'Innocent', 'Innocent', 'Innocent', 'Innocent', 'Innocent', 'Innocent', 'Innocent', 'Innocent', 'Innocent', 'Innocent', 'Innocent', 'Innocent', 'Innocent', 'Innocent', 'Innocent', 'Innocent', 'Innocent', 'Innocent', 'Innocent', 'Innocent', 'Innocent', 'Innocent', 'Innocent', 'Innocent', 'Innocent', 'Innocent', 'Innocent', 'Innocent', 'Innocent', 'Innocent', 'Innocent', 'Innocent', 'Innocent', 'Innocent', 'Innocent', 'Innocent', 'Innocent', 'Innocent', 'Innocent', 'Innocent', 'Innocent', 'Innocent', 'Innocent', 'Innocent', 'Innocent', 'Innocent', 'Innocent', 'Innocent', 'Innocent', 'Innocent', 'Innocent', 'Innocent', 'Innocent', 'Innocent', 'Innocent', 'Innocent', 'Innocent', 'Innocent', 'Innocent', 'Innocent', 'Innocent', 'Innocent', 'Innocent', 'Innocent', 'Innocent', 'Innocent', 'Innocent', 'Innocent', 'Innocent', 'Innocent', 'Innocent', 'Innocent', 'Innocent', 'Innocent', 'Innocent', 'Innocent', 'Innocent', 'Innocent', 'Innocent', 'Innocent', 'Innocent', 'Innocent', 'Innocent', 'Innocent', 'Innocent', 'Innocent', 'Innocent', 'Innocent', 'Innocent', 'Innocent', 'Innocent', 'Innocent', 'Innocent', 'Innocent', 'Innocent', 'Innocent', 'Innocent', 'Innocent', 'Innocent', 'Innocent', 'Innocent', 'Innocent', 'Innocent', 'Innocent', 'Innocent', 'Innocent', 'Innocent', 'Innocent', 'Innocent', 'Innocent', 'Innocent', 'Innocent', 'Innocent', 'Innocent', 'Innocent', 'Innocent', 'Innocent', 'Innocent', 'Innocent', 'Innocent', 'Innocent', 'Innocent', 'Innocent', 'Innocent', 'Innocent', 'Innocent', 'Innocent', 'Innocent', 'Innocent', 'Innocent', 'Innocent', 'Innocent', 'Innocent', 'Innocent', 'Innocent', 'Innocent', 'Innocent', 'Innocent', 'Innocent', 'Innocent', 'Innocent', 'Innocent', 'Innocent', 'Innocent', 'Innocent', 'Innocent', 'Innocent', 'Innocent', 'Innocent', 'Innocent', 'Innocent', 'Innocent', 'Innocent', 'Innocent', 'Innocent', 'Innocent', 'Innocent', 'Innocent', 'Innocent', 'Innocent', 'Innocent', 'Innocent', 'Innocent', 'Innocent', 'Innocent', 'Innocent', 'Innocent', 'Innocent', 'Innocent', 'Innocent', 'Innocent', 'Innocent', 'Innocent', 'Innocent', 'Innocent', 'Innocent', 'Innocent', 'Innocent', 'Innocent', 'Innocent', 'Innocent', 'Innocent', 'Innocent', 'Innocent', 'Innocent', 'Innocent', 'Innocent', 'Innocent', 'Innocent', 'Innocent', 'Innocent', 'Innocent', 'Innocent', 'Innocent', 'Innocent', 'Innocent', 'Innocent', 'Innocent', 'Innocent', 'Innocent', 'Innocent', 'Innocent', 'Innocent', 'Innocent', 'Innocent', 'Innocent', 'Innocent', 'Innocent', 'Innocent', 'Innocent', 'Innocent', 'Innocent', 'Innocent', 'Innocent', 'Innocent', 'Innocent', 'Innocent', 'Innocent', 'Innocent', 'Innocent', 'Innocent', 'Innocent', 'Innocent', 'Innocent', 'Innocent', 'Innocent', 'Innocent', 'Innocent', 'Innocent', 'Innocent', 'Innocent', 'Innocent', 'Innocent', 'Innocent', 'Innocent', 'Innocent', 'Innocent', 'Innocent', 'Innocent', 'Innocent', 'Innocent', 'Innocent', 'Innocent', 'Innocent', 'Innocent', 'Innocent', 'Innocent', 'Innocent', 'Innocent', 'Innocent', 'Innocent', 'Innocent', 'Innocent', 'Innocent', 'Innocent', 'Innocent', 'Innocent', 'Innocent', 'Innocent', 'Innocent', 'Innocent', 'Innocent', 'Innocent', 'Innocent', 'Innocent', 'Innocent', 'Innocent', 'Innocent', 'Innocent', 'Innocent', 'Innocent', 'Innocent', 'Innocent', 'Innocent', 'Innocent', 'Innocent', 'Innocent', 'Innocent', 'Innocent', 'Innocent', 'Innocent', 'Innocent', 'Innocent', 'Innocent', 'Innocent', 'Innocent', 'Innocent', 'Innocent', 'Innocent', 'Innocent', 'Innocent', 'Innocent', 'Innocent', 'Innocent', 'Innocent', 'Innocent', 'Innocent', 'Innocent', 'Innocent', 'Innocent', 'Innocent', 'Innocent', 'Innocent', 'Innocent', 'Innocent', 'Innocent', 'Innocent', 'Innocent', 'Innocent', 'Innocent', 'Innocent', 'Innocent', 'Innocent', 'Innocent', 'Innocent', 'Innocent', 'Innocent', 'Innocent', 'Innocent', 'Innocent', 'Innocent', 'Innocent', 'Innocent', 'Innocent', 'Innocent', 'Innocent', 'Innocent', 'Innocent', 'Innocent', 'Innocent', 'Innocent', 'Innocent', 'Innocent', 'Innocent', 'Innocent', 'Innocent', 'Innocent', 'Innocent', 'Innocent', 'Innocent', 'Innocent', 'Innocent', 'Innocent', 'Innocent', 'Innocent', 'Innocent', 'Innocent', 'Innocent', 'Innocent', 'Innocent', 'Innocent', 'Innocent', 'Innocent', 'Innocent', 'Innocent', 'Innocent', 'Innocent', 'Innocent', 'Innocent', 'Innocent', 'Innocent', 'Innocent', 'Innocent', 'Innocent', 'Innocent', 'Innocent', 'Innocent', 'Innocent', 'Innocent', 'Innocent', 'Innocent', 'Innocent', 'Innocent', 'Innocent', 'Innocent', 'Innocent', 'Innocent', 'Innocent', 'Innocent', 'Innocent', 'Innocent', 'Innocent', 'Innocent', 'Innocent', 'Innocent', 'Innocent', 'Innocent', 'Innocent', 'Innocent', 'Innocent', 'Innocent', 'Innocent', 'Innocent', 'Innocent', 'Innocent', 'Innocent', 'Innocent', 'Innocent', 'Innocent', 'Innocent', 'Innocent', 'Innocent', 'Innocent', 'Innocent', 'Innocent', 'Innocent', 'Innocent', 'Innocent', 'Innocent', 'Innocent', 'Innocent', 'Innocent', 'Innocent', 'Innocent', 'Innocent', 'Innocent', 'Innocent', 'Innocent', 'Innocent', 'Innocent', 'Innocent', 'Innocent', 'Innocent', 'Innocent', 'Innocent', 'Innocent', 'Innocent', 'Innocent', 'Innocent', 'Innocent', 'Innocent', 'Innocent', 'Innocent', 'Innocent', 'Innocent', 'Innocent', 'Innocent', 'Innocent', 'Innocent', 'Innocent', 'Innocent', 'Innocent', 'Innocent', 'Innocent', 'Innocent', 'Innocent', 'Innocent', 'Innocent', 'Innocent', 'Innocent', 'Innocent', 'Innocent', 'Innocent', 'Innocent', 'Innocent', 'Innocent', 'Innocent', 'Innocent', 'Innocent', 'Innocent', 'Innocent', 'Innocent', 'Innocent', 'Innocent', 'Innocent', 'Innocent', 'Innocent', 'Innocent', 'Innocent', 'Innocent', 'Innocent', 'Innocent', 'Innocent', 'Innocent', 'Innocent', 'Innocent', 'Innocent', 'Innocent', 'Innocent', 'Innocent', 'Innocent', 'Innocent', 'Innocent', 'Innocent', 'Innocent', 'Innocent', 'Innocent', 'Innocent', 'Innocent', 'Innocent', 'Innocent', 'Innocent', 'Innocent', 'Innocent', 'Innocent', 'Innocent', 'Innocent', 'Innocent', 'Innocent', 'Innocent', 'Innocent', 'Innocent', 'Innocent', 'Innocent', 'Innocent', 'Innocent', 'Innocent', 'Innocent', 'Innocent', 'Innocent', 'Innocent', 'Innocent', 'Innocent', 'Innocent', 'Innocent', 'Innocent', 'Innocent', 'Innocent', 'Innocent', 'Innocent', 'Innocent', 'Innocent', 'Innocent', 'Innocent', 'Innocent', 'Innocent', 'Innocent', 'Innocent', 'Innocent', 'Innocent', 'Innocent', 'Innocent', 'Innocent', 'Innocent', 'Innocent', 'Innocent', 'Innocent', 'Innocent', 'Innocent', 'Innocent', 'Innocent', 'Innocent', 'Innocent', 'Innocent', 'Innocent', 'Innocent', 'Innocent', 'Innocent', 'Innocent', 'Innocent', 'Innocent', 'Innocent', 'Innocent', 'Innocent', 'Innocent', 'Innocent', 'Innocent', 'Innocent', 'Innocent', 'Innocent', 'Innocent', 'Innocent', 'Innocent', 'Innocent', 'Innocent', 'Innocent', 'Innocent', 'Innocent', 'Innocent', 'Innocent', 'Innocent', 'Innocent', 'Innocent', 'Innocent', 'Innocent', 'Innocent', 'Innocent', 'Innocent', 'Innocent', 'Innocent', 'Innocent', 'Innocent', 'Innocent', 'Innocent', 'Innocent', 'Innocent', 'Innocent', 'Innocent', 'Innocent', 'Innocent', 'Innocent', 'Innocent', 'Innocent', 'Innocent', 'Innocent', 'Innocent', 'Innocent', 'Innocent', 'Innocent', 'Innocent', 'Innocent', 'Innocent', 'Innocent', 'Innocent', 'Innocent', 'Innocent', 'Innocent', 'Innocent', 'Innocent', 'Innocent', 'Innocent', 'Innocent', 'Innocent', 'Innocent', 'Innocent', 'Innocent', 'Innocent', 'Innocent', 'Innocent', 'Innocent', 'Innocent', 'Innocent', 'Innocent', 'Innocent', 'Innocent', 'Innocent', 'Innocent', 'Innocent', 'Innocent', 'Innocent', 'Innocent', 'Innocent', 'Innocent', 'Innocent', 'Innocent', 'Innocent', 'Innocent', 'Innocent', 'Innocent', 'Innocent', 'Innocent', 'Innocent', 'Innocent', 'Innocent', 'Innocent', 'Innocent', 'Innocent', 'Innocent', 'Innocent', 'Innocent', 'Innocent', 'Innocent', 'Innocent', 'Innocent', 'Innocent', 'Innocent', 'Innocent', 'Innocent', 'Innocent', 'Innocent', 'Innocent', 'Innocent', 'Innocent', 'Innocent', 'Innocent', 'Innocent', 'Innocent', 'Innocent', 'Innocent', 'Innocent', 'Innocent', 'Innocent', 'Innocent', 'Innocent', 'Innocent', 'Innocent', 'Innocent', 'Innocent', 'Innocent', 'Innocent', 'Innocent', 'Innocent', 'Innocent', 'Innocent', 'Innocent', 'Innocent', 'Innocent', 'Innocent', 'Innocent', 'Innocent', 'Innocent', 'Innocent', 'Innocent', 'Innocent', 'Innocent', 'Innocent', 'Innocent', 'Innocent', 'Innocent', 'Innocent', 'Innocent', 'Innocent', 'Innocent', 'Innocent', 'Innocent', 'Innocent', 'Innocent', 'Innocent', 'Innocent', 'Innocent', 'Innocent', 'Innocent', 'Innocent', 'Innocent', 'Innocent', 'Innocent', 'Innocent', 'Innocent', 'Innocent', 'Innocent', 'Innocent', 'Innocent', 'Innocent', 'Innocent', 'Innocent', 'Innocent', 'Innocent', 'Innocent', 'Innocent', 'Innocent', 'Innocent', 'Innocent', 'Innocent', 'Innocent', 'Innocent', 'Innocent', 'Innocent', 'Innocent', 'Innocent', 'Innocent', 'Innocent', 'Innocent', 'Innocent', 'Innocent', 'Innocent', 'Innocent', 'Innocent', 'Innocent', 'Innocent', 'Innocent', 'Innocent', 'Innocent', 'Innocent', 'Innocent', 'Innocent', 'Innocent', 'Innocent', 'Innocent', 'Innocent', 'Innocent', 'Innocent', 'Innocent', 'Innocent', 'Innocent', 'Innocent', 'Innocent', 'Innocent', 'Innocent', 'Innocent', 'Innocent', 'Innocent', 'Innocent', 'Innocent', 'Innocent', 'Innocent', 'Innocent', 'Innocent', 'Innocent', 'Innocent', 'Innocent', 'Innocent', 'Innocent', 'Innocent', 'Innocent', 'Innocent', 'Innocent', 'Innocent', 'Innocent', 'Innocent', 'Innocent', 'Innocent', 'Innocent', 'Innocent', 'Innocent', 'Innocent', 'Innocent', 'Innocent', 'Innocent', 'Innocent', 'Innocent', 'Innocent', 'Innocent', 'Innocent', 'Innocent', 'Innocent', 'Innocent', 'Innocent', 'Innocent', 'Innocent', 'Innocent', 'Innocent', 'Innocent', 'Innocent', 'Innocent', 'Innocent', 'Innocent', 'Innocent', 'Innocent', 'Innocent', 'Innocent', 'Innocent', 'Innocent', 'Innocent', 'Innocent', 'Innocent', 'Innocent', 'Innocent', 'Innocent', 'Innocent', 'Innocent', 'Innocent', 'Innocent', 'Innocent', 'Innocent', 'Innocent', 'Innocent', 'Innocent', 'Innocent', 'Innocent', 'Innocent', 'Innocent', 'Innocent', 'Innocent', 'Innocent', 'Innocent', 'Innocent', 'Innocent', 'Innocent', 'Innocent', 'Innocent', 'Innocent', 'Innocent', 'Innocent', 'Innocent', 'Innocent', 'Innocent', 'Innocent', 'Innocent', 'Innocent', 'Innocent', 'Innocent', 'Innocent', 'Innocent', 'Innocent', 'Innocent', 'Innocent', 'Innocent', 'Innocent', 'Innocent', 'Innocent', 'Innocent', 'Innocent', 'Innocent', 'Innocent', 'Innocent', 'Innocent', 'Innocent', 'Innocent', 'Innocent', 'Innocent', 'Innocent', 'Innocent', 'Innocent', 'Innocent', 'Innocent', 'Innocent', 'Innocent', 'Innocent', 'Innocent', 'Innocent', 'Innocent', 'Innocent', 'Innocent', 'Innocent', 'Innocent', 'Innocent', 'Innocent', 'Innocent', 'Innocent', 'Innocent', 'Innocent', 'Innocent', 'Innocent', 'Innocent', 'Innocent', 'Innocent', 'Innocent', 'Innocent', 'Innocent', 'Innocent', 'Innocent', 'Innocent', 'Innocent', 'Innocent', 'Innocent', 'Innocent', 'Innocent', 'Innocent', 'Innocent', 'Innocent', 'Innocent', 'Innocent', 'Innocent', 'Innocent', 'Innocent', 'Innocent', 'Innocent', 'Innocent', 'Innocent', 'Innocent', 'Innocent', 'Innocent', 'Innocent', 'Innocent', 'Innocent', 'Innocent', 'Innocent', 'Innocent', 'Innocent', 'Innocent', 'Innocent', 'Innocent', 'Innocent', 'Innocent', 'Innocent', 'Innocent', 'Innocent', 'Innocent', 'Innocent', 'Innocent', 'Innocent', 'Innocent', 'Innocent', 'Innocent', 'Innocent', 'Innocent', 'Innocent', 'Innocent', 'Innocent', 'Innocent', 'Innocent', 'Innocent', 'Innocent', 'Innocent', 'Innocent', 'Innocent', 'Innocent', 'Innocent', 'Innocent', 'Innocent', 'Innocent', 'Innocent', 'Innocent', 'Innocent', 'Innocent', 'Innocent', 'Innocent', 'Innocent', 'Innocent', 'Innocent', 'Innocent', 'Innocent', 'Innocent', 'Innocent', 'Innocent', 'Innocent', 'Innocent', 'Innocent', 'Innocent', 'Innocent', 'Innocent', 'Innocent', 'Innocent', 'Innocent', 'Innocent', 'Innocent', 'Innocent', 'Innocent', 'Innocent', 'Innocent', 'Innocent', 'Innocent', 'Innocent', 'Innocent', 'Innocent', 'Innocent', 'Innocent', 'Innocent', 'Innocent', 'Innocent', 'Innocent', 'Innocent', 'Innocent', 'Innocent', 'Innocent', 'Innocent', 'Innocent', 'Innocent', 'Innocent', 'Innocent', 'Innocent', 'Innocent', 'Innocent', 'Innocent', 'Innocent', 'Innocent', 'Innocent', 'Innocent', 'Innocent', 'Innocent', 'Innocent', 'Innocent', 'Innocent', 'Innocent', 'Innocent', 'Innocent', 'Innocent', 'Innocent', 'Innocent', 'Innocent', 'Innocent', 'Innocent', 'Innocent', 'Innocent', 'Innocent', 'Innocent', 'Innocent', 'Innocent', 'Innocent', 'Innocent', 'Innocent', 'Innocent', 'Innocent', 'Innocent', 'Innocent', 'Innocent', 'Innocent', 'Innocent', 'Innocent', 'Innocent', 'Innocent', 'Innocent', 'Innocent', 'Innocent', 'Innocent', 'Innocent', 'Innocent', 'Innocent', 'Innocent', 'Innocent', 'Innocent', 'Innocent', 'Innocent', 'Innocent', 'Innocent', 'Innocent', 'Innocent', 'Innocent', 'Innocent', 'Innocent', 'Innocent', 'Innocent', 'Innocent', 'Innocent', 'Innocent', 'Innocent', 'Innocent', 'Innocent', 'Innocent', 'Innocent', 'Innocent', 'Innocent', 'Innocent', 'Innocent', 'Innocent', 'Innocent', 'Innocent', 'Innocent', 'Innocent', 'Innocent', 'Innocent', 'Innocent', 'Innocent', 'Innocent', 'Innocent', 'Innocent', 'Innocent', 'Innocent', 'Innocent', 'Innocent', 'Innocent', 'Innocent', 'Innocent', 'Innocent', 'Innocent', 'Innocent', 'Innocent', 'Innocent', 'Innocent', 'Innocent', 'Innocent', 'Innocent', 'Innocent', 'Innocent', 'Innocent', 'Innocent', 'Innocent', 'Innocent', 'Innocent', 'Innocent', 'Innocent', 'Innocent', 'Innocent', 'Innocent', 'Innocent', 'Innocent', 'Innocent', 'Innocent', 'Innocent', 'Innocent', 'Innocent', 'Innocent', 'Innocent', 'Innocent', 'Innocent', 'Innocent', 'Innocent', 'Innocent', 'Innocent', 'Innocent', 'Innocent', 'Innocent', 'Innocent', 'Innocent', 'Innocent', 'Innocent', 'Innocent', 'Innocent', 'Innocent', 'Innocent', 'Innocent', 'Innocent', 'Innocent', 'Innocent', 'Innocent', 'Innocent', 'Innocent', 'Innocent', 'Innocent', 'Innocent', 'Innocent', 'Innocent', 'Innocent', 'Innocent', 'Innocent', 'Innocent', 'Innocent', 'Innocent', 'Innocent', 'Innocent', 'Innocent', 'Innocent', 'Innocent', 'Innocent', 'Innocent', 'Innocent', 'Innocent', 'Innocent', 'Innocent', 'Innocent', 'Innocent', 'Innocent', 'Innocent', 'Innocent', 'Innocent', 'Innocent', 'Innocent', 'Innocent', 'Innocent', 'Innocent', 'Innocent', 'Innocent', 'Innocent', 'Innocent', 'Innocent', 'Innocent', 'Innocent', 'Innocent', 'Innocent', 'Innocent', 'Innocent', 'Innocent', 'Innocent', 'Innocent', 'Innocent', 'Innocent', 'Innocent', 'Innocent', 'Innocent', 'Innocent', 'Innocent', 'Innocent', 'Innocent', 'Innocent', 'Innocent', 'Innocent', 'Innocent', 'Innocent', 'Innocent', 'Innocent', 'Innocent', 'Innocent', 'Innocent', 'Innocent', 'Innocent', 'Innocent', 'Innocent', 'Innocent', 'Innocent', 'Innocent', 'Innocent', 'Innocent', 'Innocent', 'Innocent', 'Innocent', 'Innocent', 'Innocent', 'Innocent', 'Innocent', 'Innocent', 'Innocent', 'Innocent', 'Innocent', 'Innocent', 'Innocent', 'Innocent', 'Innocent', 'Innocent', 'Innocent', 'Innocent', 'Innocent', 'Innocent', 'Innocent', 'Innocent', 'Innocent', 'Innocent', 'Innocent', 'Innocent', 'Innocent', 'Innocent', 'Innocent', 'Innocent', 'Innocent', 'Innocent', 'Innocent', 'Innocent', 'Innocent', 'Innocent', 'Innocent', 'Innocent', 'Innocent', 'Innocent', 'Innocent', 'Innocent', 'Innocent', 'Innocent', 'Innocent', 'Innocent', 'Innocent', 'Innocent', 'Innocent', 'Innocent', 'Innocent', 'Innocent', 'Innocent', 'Innocent', 'Innocent', 'Innocent', 'Innocent', 'Innocent', 'Innocent', 'Innocent', 'Innocent', 'Innocent', 'Innocent', 'Innocent', 'Innocent', 'Innocent', 'Innocent', 'Innocent', 'Innocent', 'Innocent', 'Innocent', 'Innocent', 'Innocent', 'Innocent', 'Innocent', 'Innocent', 'Innocent', 'Innocent', 'Innocent', 'Innocent', 'Innocent', 'Innocent', 'Innocent', 'Innocent', 'Innocent', 'Innocent', 'Innocent', 'Innocent', 'Innocent', 'Innocent', 'Innocent', 'Innocent', 'Innocent', 'Innocent', 'Innocent', 'Innocent', 'Innocent', 'Innocent', 'Innocent', 'Innocent', 'Innocent', 'Innocent', 'Innocent', 'Innocent', 'Innocent', 'Innocent', 'Innocent', 'Innocent', 'Innocent', 'Innocent', 'Innocent', 'Innocent', 'Innocent', 'Innocent', 'Innocent', 'Innocent', 'Innocent', 'Innocent', 'Innocent', 'Innocent', 'Innocent', 'Innocent', 'Innocent', 'Innocent', 'Innocent', 'Innocent', 'Innocent', 'Innocent', 'Innocent', 'Innocent', 'Innocent', 'Innocent', 'Innocent', 'Innocent', 'Innocent', 'Innocent', 'Innocent', 'Innocent', 'Innocent', 'Innocent', 'Innocent', 'Innocent', 'Innocent', 'Innocent', 'Innocent', 'Innocent', 'Innocent', 'Innocent', 'Innocent', 'Innocent', 'Innocent', 'Innocent', 'Innocent', 'Innocent', 'Innocent', 'Innocent', 'Innocent', 'Innocent', 'Innocent', 'Innocent', 'Innocent', 'Innocent', 'Innocent', 'Innocent', 'Innocent', 'Innocent', 'Innocent', 'Innocent', 'Innocent', 'Innocent', 'Innocent', 'Innocent', 'Innocent', 'Innocent', 'Innocent', 'Innocent', 'Innocent', 'Innocent', 'Innocent', 'Innocent', 'Innocent', 'Innocent', 'Innocent', 'Innocent', 'Innocent', 'Innocent', 'Innocent', 'Innocent', 'Innocent', 'Innocent', 'Innocent', 'Innocent', 'Innocent', 'Innocent', 'Innocent', 'Innocent', 'Innocent', 'Innocent', 'Innocent', 'Innocent', 'Innocent', 'Innocent', 'Innocent', 'Innocent', 'Innocent', 'Innocent', 'Innocent', 'Innocent', 'Innocent', 'Innocent', 'Innocent', 'Innocent', 'Innocent', 'Innocent', 'Innocent', 'Innocent', 'Innocent', 'Innocent', 'Innocent', 'Innocent', 'Innocent', 'Innocent', 'Innocent', 'Innocent', 'Innocent', 'Innocent', 'Innocent', 'Innocent', 'Innocent', 'Innocent', 'Innocent', 'Innocent', 'Innocent', 'Innocent', 'Innocent', 'Innocent', 'Innocent', 'Innocent', 'Innocent', 'Innocent', 'Innocent', 'Innocent', 'Innocent', 'Innocent', 'Innocent', 'Innocent', 'Innocent', 'Innocent', 'Innocent', 'Innocent', 'Innocent', 'Innocent', 'Innocent', 'Innocent', 'Innocent', 'Innocent', 'Innocent', 'Innocent', 'Innocent', 'Innocent', 'Innocent', 'Innocent', 'Innocent', 'Innocent', 'Innocent', 'Innocent', 'Innocent', 'Innocent', 'Innocent', 'Innocent', 'Innocent', 'Innocent', 'Innocent', 'Innocent', 'Innocent', 'Innocent', 'Innocent', 'Innocent', 'Innocent', 'Innocent', 'Innocent', 'Innocent', 'Innocent', 'Innocent', 'Innocent', 'Innocent', 'Innocent', 'Innocent', 'Innocent', 'Innocent', 'Innocent', 'Innocent', 'Innocent', 'Innocent', 'Innocent', 'Innocent', 'Innocent', 'Innocent', 'Innocent', 'Innocent', 'Innocent', 'Innocent', 'Innocent', 'Innocent', 'Innocent', 'Innocent', 'Innocent', 'Innocent', 'Innocent', 'Innocent', 'Innocent', 'Innocent', 'Innocent', 'Innocent', 'Innocent', 'Innocent', 'Innocent', 'Innocent', 'Innocent', 'Innocent', 'Innocent', 'Innocent', 'Innocent', 'Innocent', 'Innocent', 'Innocent', 'Innocent', 'Innocent', 'Innocent', 'Innocent', 'Innocent', 'Innocent', 'Innocent', 'Innocent', 'Innocent', 'Innocent', 'Innocent', 'Innocent', 'Innocent', 'Innocent', 'Innocent', 'Innocent', 'Innocent', 'Innocent', 'Innocent', 'Innocent', 'Innocent', 'Innocent', 'Innocent', 'Innocent', 'Innocent', 'Innocent', 'Innocent', 'Innocent', 'Innocent', 'Innocent', 'Innocent', 'Innocent', 'Innocent', 'Innocent', 'Innocent', 'Innocent', 'Innocent', 'Innocent', 'Innocent', 'Innocent', 'Innocent', 'Innocent', 'Innocent', 'Innocent', 'Innocent', 'Innocent', 'Innocent', 'Innocent', 'Innocent', 'Innocent', 'Innocent', 'Innocent', 'Innocent', 'Innocent', 'Innocent', 'Innocent', 'Innocent', 'Innocent', 'Innocent', 'Innocent', 'Innocent', 'Innocent', 'Innocent', 'Innocent', 'Innocent', 'Innocent', 'Innocent', 'Innocent', 'Innocent', 'Innocent', 'Innocent', 'Innocent', 'Innocent', 'Innocent', 'Innocent', 'Innocent', 'Innocent', 'Innocent', 'Innocent', 'Innocent', 'Innocent', 'Innocent', 'Innocent', 'Innocent', 'Innocent', 'Innocent', 'Innocent', 'Innocent', 'Innocent', 'Innocent', 'Innocent', 'Innocent', 'Innocent', 'Innocent', 'Innocent', 'Innocent', 'Innocent', 'Innocent', 'Innocent', 'Innocent', 'Innocent', 'Innocent', 'Innocent', 'Innocent', 'Innocent', 'Innocent', 'Innocent', 'Innocent', 'Innocent', 'Innocent', 'Innocent', 'Innocent', 'Innocent', 'Innocent', 'Innocent', 'Innocent', 'Innocent', 'Innocent', 'Innocent', 'Innocent', 'Innocent', 'Innocent', 'Innocent', 'Innocent', 'Innocent', 'Innocent', 'Innocent', 'Innocent', 'Innocent', 'Innocent', 'Innocent', 'Innocent', 'Innocent', 'Innocent', 'Innocent', 'Innocent', 'Innocent', 'Innocent', 'Innocent', 'Innocent', 'Innocent', 'Innocent', 'Innocent', 'Innocent', 'Innocent', 'Innocent', 'Innocent', 'Innocent', 'Innocent', 'Innocent', 'Innocent', 'Innocent', 'Innocent', 'Innocent', 'Innocent', 'Innocent', 'Innocent', 'Innocent', 'Innocent', 'Innocent', 'Innocent', 'Innocent', 'Innocent', 'Innocent', 'Innocent', 'Innocent', 'Innocent', 'Innocent', 'Innocent', 'Innocent', 'Innocent', 'Innocent', 'Innocent', 'Innocent', 'Innocent', 'Innocent', 'Innocent', 'Innocent', 'Innocent', 'Innocent', 'Innocent', 'Innocent', 'Innocent', 'Innocent', 'Innocent', 'Innocent', 'Innocent', 'Innocent', 'Innocent', 'Innocent', 'Innocent', 'Innocent', 'Innocent', 'Innocent', 'Innocent', 'Innocent', 'Innocent', 'Innocent', 'Innocent', 'Innocent', 'Innocent', 'Innocent', 'Innocent', 'Innocent', 'Innocent', 'Innocent', 'Innocent', 'Innocent', 'Innocent', 'Innocent', 'Innocent', 'Innocent', 'Innocent', 'Innocent', 'Innocent', 'Innocent', 'Innocent', 'Innocent', 'Innocent', 'Innocent', 'Innocent', 'Innocent', 'Innocent', 'Innocent', 'Innocent', 'Innocent', 'Innocent', 'Innocent', 'Innocent', 'Innocent', 'Innocent', 'Innocent', 'Innocent', 'Innocent', 'Innocent', 'Innocent', 'Innocent', 'Innocent', 'Innocent', 'Innocent', 'Innocent', 'Innocent', 'Innocent', 'Innocent', 'Innocent', 'Innocent', 'Innocent', 'Innocent', 'Innocent', 'Innocent', 'Innocent', 'Innocent', 'Innocent', 'Innocent', 'Innocent', 'Innocent', 'Innocent', 'Innocent', 'Innocent', 'Innocent', 'Innocent', 'Innocent', 'Innocent', 'Innocent', 'Innocent', 'Innocent', 'Innocent', 'Innocent', 'Innocent', 'Innocent', 'Innocent', 'Innocent', 'Innocent', 'Innocent', 'Innocent', 'Innocent', 'Innocent', 'Innocent', 'Innocent', 'Innocent', 'Innocent', 'Innocent', 'Innocent', 'Innocent', 'Innocent', 'Innocent', 'Innocent', 'Innocent', 'Innocent', 'Innocent', 'Innocent', 'Innocent', 'Innocent', 'Innocent', 'Innocent', 'Innocent', 'Innocent', 'Innocent', 'Innocent', 'Innocent', 'Innocent', 'Innocent', 'Innocent', 'Innocent', 'Innocent', 'Innocent', 'Innocent', 'Innocent', 'Innocent', 'Innocent', 'Innocent', 'Innocent', 'Innocent', 'Innocent', 'Innocent', 'Innocent', 'Innocent', 'Innocent', 'Innocent', 'Innocent', 'Innocent', 'Innocent', 'Innocent', 'Innocent', 'Innocent', 'Innocent', 'Innocent', 'Innocent', 'Innocent', 'Innocent', 'Innocent', 'Innocent', 'Innocent', 'Innocent', 'Innocent', 'Innocent', 'Innocent', 'Innocent', 'Innocent', 'Innocent', 'Innocent', 'Innocent', 'Innocent', 'Innocent', 'Innocent', 'Innocent', 'Innocent', 'Innocent', 'Innocent', 'Innocent', 'Innocent', 'Innocent', 'Innocent', 'Innocent', 'Innocent', 'Innocent', 'Innocent', 'Innocent', 'Innocent', 'Innocent', 'Innocent', 'Innocent', 'Innocent', 'Innocent', 'Innocent', 'Innocent', 'Innocent', 'Innocent', 'Innocent', 'Innocent', 'Innocent', 'Innocent', 'Innocent', 'Innocent', 'Innocent', 'Innocent', 'Innocent', 'Innocent', 'Innocent', 'Innocent', 'Innocent', 'Innocent', 'Innocent', 'Innocent', 'Innocent', 'Innocent', 'Innocent', 'Innocent', 'Innocent', 'Innocent', 'Innocent', 'Innocent', 'Innocent', 'Innocent', 'Innocent', 'Innocent', 'Innocent', 'Innocent', 'Innocent', 'Innocent', 'Innocent', 'Innocent', 'Innocent', 'Innocent', 'Innocent', 'Innocent', 'Innocent', 'Innocent', 'Innocent', 'Innocent', 'Innocent', 'Innocent', 'Innocent', 'Innocent', 'Innocent', 'Innocent', 'Innocent', 'Innocent', 'Innocent', 'Innocent', 'Innocent', 'Innocent', 'Innocent', 'Innocent', 'Innocent', 'Innocent', 'Innocent', 'Innocent', 'Innocent', 'Innocent', 'Innocent', 'Innocent', 'Innocent', 'Innocent', 'Innocent', 'Innocent', 'Innocent', 'Innocent', 'Innocent', 'Innocent', 'Innocent', 'Innocent', 'Innocent', 'Innocent', 'Innocent', 'Innocent', 'Innocent', 'Innocent', 'Innocent', 'Innocent', 'Innocent', 'Innocent', 'Innocent', 'Innocent', 'Innocent', 'Innocent', 'Innocent', 'Innocent', 'Innocent', 'Innocent', 'Innocent', 'Innocent', 'Innocent', 'Innocent', 'Innocent', 'Innocent', 'Innocent', 'Innocent', 'Innocent', 'Innocent', 'Innocent', 'Innocent', 'Innocent', 'Innocent', 'Innocent', 'Innocent', 'Innocent', 'Innocent', 'Innocent', 'Innocent', 'Innocent', 'Innocent', 'Innocent', 'Innocent', 'Innocent', 'Innocent', 'Innocent', 'Innocent', 'Innocent', 'Innocent', 'Innocent', 'Innocent', 'Innocent', 'Innocent', 'Innocent', 'Innocent', 'Innocent', 'Innocent', 'Innocent', 'Innocent', 'Innocent', 'Innocent', 'Innocent', 'Innocent', 'Innocent', 'Innocent', 'Innocent', 'Innocent', 'Innocent', 'Innocent', 'Innocent', 'Innocent', 'Innocent', 'Innocent', 'Innocent', 'Innocent', 'Innocent', 'Innocent', 'Innocent', 'Innocent', 'Innocent', 'Innocent', 'Innocent', 'Innocent', 'Innocent', 'Innocent', 'Innocent', 'Innocent', 'Innocent', 'Innocent', 'Innocent', 'Innocent', 'Innocent', 'Innocent', 'Innocent', 'Innocent', 'Innocent', 'Innocent', 'Innocent', 'Innocent', 'Innocent', 'Innocent', 'Innocent', 'Innocent', 'Innocent', 'Innocent', 'Innocent', 'Innocent', 'Innocent', 'Innocent', 'Innocent', 'Innocent', 'Innocent', 'Innocent', 'Innocent', 'Innocent', 'Innocent', 'Innocent', 'Innocent', 'Innocent', 'Innocent', 'Innocent', 'Innocent', 'Innocent', 'Innocent', 'Innocent', 'Innocent', 'Innocent', 'Innocent', 'Innocent', 'Innocent', 'Innocent', 'Innocent', 'Innocent', 'Innocent', 'Innocent', 'Innocent', 'Innocent', 'Innocent', 'Innocent', 'Innocent', 'Innocent', 'Innocent', 'Innocent', 'Innocent', 'Innocent', 'Innocent', 'Innocent', 'Innocent', 'Innocent', 'Innocent', 'Innocent', 'Innocent', 'Innocent', 'Innocent', 'Innocent', 'Innocent', 'Innocent', 'Innocent', 'Innocent', 'Innocent', 'Innocent', 'Innocent', 'Innocent', 'Innocent', 'Innocent', 'Innocent', 'Innocent', 'Innocent', 'Innocent', 'Innocent', 'Innocent', 'Innocent', 'Innocent', 'Innocent', 'Innocent', 'Innocent', 'Innocent', 'Innocent', 'Innocent', 'Innocent', 'Innocent', 'Innocent', 'Innocent', 'Innocent', 'Innocent', 'Innocent', 'Innocent', 'Innocent', 'Innocent', 'Innocent', 'Innocent', 'Innocent', 'Innocent', 'Innocent', 'Innocent', 'Innocent', 'Innocent', 'Innocent', 'Innocent', 'Innocent', 'Innocent', 'Innocent', 'Innocent', 'Innocent', 'Innocent', 'Innocent', 'Innocent', 'Innocent', 'Innocent', 'Innocent', 'Innocent', 'Innocent', 'Innocent', 'Innocent', 'Innocent', 'Innocent', 'Innocent', 'Innocent', 'Innocent', 'Innocent', 'Innocent', 'Innocent', 'Innocent', 'Innocent', 'Innocent', 'Innocent', 'Innocent', 'Innocent', 'Innocent', 'Innocent', 'Innocent', 'Innocent', 'Innocent', 'Innocent', 'Innocent', 'Innocent', 'Innocent', 'Innocent', 'Innocent', 'Innocent', 'Innocent', 'Innocent', 'Innocent', 'Innocent', 'Innocent', 'Innocent', 'Innocent', 'Innocent', 'Innocent', 'Innocent', 'Innocent', 'Innocent', 'Innocent', 'Innocent', 'Innocent', 'Innocent', 'Innocent', 'Innocent', 'Innocent', 'Innocent', 'Innocent', 'Innocent', 'Innocent', 'Innocent', 'Innocent', 'Innocent', 'Innocent', 'Innocent', 'Innocent', 'Innocent', 'Innocent', 'Innocent', 'Innocent', 'Innocent', 'Innocent', 'Innocent', 'Innocent', 'Innocent', 'Innocent', 'Innocent', 'Innocent', 'Innocent', 'Innocent', 'Innocent', 'Innocent', 'Innocent', 'Innocent', 'Innocent', 'Innocent', 'Innocent', 'Innocent', 'Innocent', 'Innocent', 'Innocent', 'Innocent', 'Innocent', 'Innocent', 'Innocent', 'Innocent', 'Innocent', 'Innocent', 'Innocent', 'Innocent', 'Innocent', 'Innocent', 'Innocent', 'Innocent', 'Innocent', 'Innocent', 'Innocent', 'Innocent', 'Innocent', 'Innocent', 'Innocent', 'Innocent', 'Innocent', 'Innocent', 'Innocent', 'Innocent', 'Innocent', 'Innocent', 'Innocent', 'Innocent', 'Innocent', 'Innocent', 'Innocent', 'Innocent', 'Innocent', 'Innocent', 'Innocent', 'Innocent', 'Innocent', 'Innocent', 'Innocent', 'Innocent', 'Innocent', 'Innocent', 'Innocent', 'Innocent', 'Innocent', 'Innocent', 'Innocent', 'Innocent', 'Innocent', 'Innocent', 'Innocent', 'Innocent', 'Innocent', 'Innocent', 'Innocent', 'Innocent', 'Innocent', 'Innocent', 'Innocent', 'Innocent', 'Innocent', 'Innocent', 'Innocent', 'Innocent', 'Innocent', 'Innocent', 'Innocent', 'Innocent', 'Innocent', 'Innocent', 'Innocent', 'Innocent', 'Innocent', 'Innocent', 'Innocent', 'Innocent', 'Innocent', 'Innocent', 'Innocent', 'Innocent', 'Innocent', 'Innocent', 'Innocent', 'Innocent', 'Innocent', 'Innocent', 'Innocent', 'Innocent', 'Innocent', 'Innocent', 'Innocent', 'Innocent', 'Innocent', 'Innocent', 'Innocent', 'Innocent', 'Innocent', 'Innocent', 'Innocent', 'Innocent', 'Innocent', 'Innocent', 'Innocent', 'Innocent', 'Innocent', 'Innocent', 'Innocent', 'Innocent', 'Innocent', 'Innocent', 'Innocent', 'Innocent', 'Innocent', 'Innocent', 'Innocent', 'Innocent', 'Innocent', 'Innocent', 'Innocent', 'Innocent', 'Innocent', 'Innocent', 'Innocent', 'Innocent', 'Innocent', 'Innocent', 'Innocent', 'Innocent', 'Innocent', 'Innocent', 'Innocent', 'Innocent', 'Innocent', 'Innocent', 'Innocent', 'Innocent', 'Innocent', 'Innocent', 'Innocent', 'Innocent', 'Innocent', 'Innocent', 'Innocent', 'Innocent', 'Innocent', 'Innocent', 'Innocent', 'Innocent', 'Innocent', 'Innocent', 'Innocent', 'Innocent', 'Innocent', 'Innocent', 'Innocent', 'Innocent', 'Innocent', 'Innocent', 'Innocent', 'Innocent', 'Innocent', 'Innocent', 'Innocent', 'Innocent', 'Innocent', 'Innocent', 'Innocent', 'Innocent', 'Innocent', 'Innocent', 'Innocent', 'Innocent', 'Innocent', 'Innocent', 'Innocent', 'Innocent', 'Innocent', 'Innocent', 'Innocent', 'Innocent', 'Innocent', 'Innocent', 'Innocent', 'Innocent', 'Innocent', 'Innocent', 'Innocent', 'Innocent', 'Innocent', 'Innocent', 'Innocent', 'Innocent', 'Innocent', 'Innocent', 'Innocent', 'Innocent', 'Innocent', 'Innocent', 'Innocent', 'Innocent', 'Innocent', 'Innocent', 'Innocent', 'Innocent', 'Innocent', 'Innocent', 'Innocent', 'Innocent', 'Innocent', 'Innocent', 'Innocent', 'Innocent', 'Innocent', 'Innocent', 'Innocent', 'Innocent', 'Innocent', 'Innocent', 'Innocent', 'Innocent', 'Innocent', 'Innocent', 'Innocent', 'Innocent', 'Innocent', 'Innocent', 'Innocent', 'Innocent', 'Innocent', 'Innocent', 'Innocent', 'Innocent', 'Innocent', 'Innocent', 'Innocent', 'Innocent', 'Innocent', 'Innocent', 'Innocent', 'Innocent', 'Innocent', 'Innocent', 'Innocent', 'Innocent', 'Innocent', 'Innocent', 'Innocent', 'Innocent', 'Innocent', 'Innocent', 'Innocent', 'Innocent', 'Innocent', 'Innocent', 'Innocent', 'Innocent', 'Innocent', 'Innocent', 'Innocent', 'Innocent', 'Innocent', 'Innocent', 'Innocent', 'Innocent', 'Innocent', 'Innocent', 'Innocent', 'Innocent', 'Innocent', 'Innocent', 'Innocent', 'Innocent', 'Innocent', 'Innocent', 'Innocent', 'Innocent', 'Innocent', 'Innocent', 'Innocent', 'Innocent', 'Innocent', 'Innocent', 'Innocent', 'Innocent', 'Innocent', 'Innocent', 'Innocent', 'Innocent', 'Innocent', 'Innocent', 'Innocent', 'Innocent', 'Innocent', 'Innocent', 'Innocent', 'Innocent', 'Innocent', 'Innocent', 'Innocent', 'Innocent', 'Innocent', 'Innocent', 'Innocent', 'Innocent', 'Innocent', 'Innocent', 'Innocent', 'Innocent', 'Innocent', 'Innocent', 'Innocent', 'Innocent', 'Innocent', 'Innocent', 'Innocent', 'Innocent', 'Innocent', 'Innocent', 'Innocent', 'Innocent', 'Innocent', 'Innocent', 'Innocent', 'Innocent', 'Innocent', 'Innocent', 'Innocent', 'Innocent', 'Innocent', 'Innocent', 'Innocent', 'Innocent', 'Innocent', 'Innocent', 'Innocent', 'Innocent', 'Innocent', 'Innocent', 'Innocent', 'Innocent', 'Innocent', 'Innocent', 'Innocent', 'Innocent', 'Innocent', 'Innocent', 'Innocent', 'Innocent', 'Innocent', 'Innocent', 'Innocent', 'Innocent', 'Innocent', 'Innocent', 'Innocent', 'Innocent', 'Innocent', 'Innocent', 'Innocent', 'Innocent', 'Innocent', 'Innocent', 'Innocent', 'Innocent', 'Innocent', 'Innocent', 'Innocent', 'Innocent', 'Innocent', 'Innocent', 'Innocent', 'Innocent', 'Innocent', 'Innocent', 'Innocent', 'Innocent', 'Innocent', 'Innocent', 'Innocent', 'Innocent', 'Innocent', 'Innocent', 'Innocent', 'Innocent', 'Innocent', 'Innocent', 'Innocent', 'Innocent', 'Innocent', 'Innocent', 'Innocent', 'Innocent', 'Innocent', 'Innocent', 'Innocent', 'Innocent', 'Innocent', 'Innocent', 'Innocent', 'Innocent', 'Innocent', 'Innocent', 'Innocent', 'Innocent', 'Innocent', 'Innocent', 'Innocent', 'Innocent', 'Innocent', 'Innocent', 'Innocent', 'Innocent', 'Innocent', 'Innocent', 'Innocent', 'Innocent', 'Innocent', 'Innocent', 'Innocent', 'Innocent', 'Innocent', 'Innocent', 'Innocent', 'Innocent', 'Innocent', 'Innocent', 'Innocent', 'Innocent', 'Innocent', 'Innocent', 'Innocent', 'Innocent', 'Innocent', 'Innocent', 'Innocent', 'Innocent', 'Innocent', 'Innocent', 'Innocent', 'Innocent', 'Innocent', 'Innocent', 'Innocent', 'Innocent', 'Innocent', 'Innocent', 'Innocent', 'Innocent', 'Innocent', 'Innocent', 'Innocent', 'Innocent', 'Innocent', 'Innocent', 'Innocent', 'Innocent', 'Innocent', 'Innocent', 'Innocent', 'Innocent', 'Innocent', 'Innocent', 'Innocent', 'Innocent', 'Innocent', 'Innocent', 'Innocent', 'Innocent', 'Innocent', 'Innocent', 'Innocent', 'Innocent', 'Innocent', 'Innocent', 'Innocent', 'Innocent', 'Innocent', 'Innocent', 'Innocent', 'Innocent', 'Innocent', 'Innocent', 'Innocent', 'Innocent', 'Innocent', 'Innocent', 'Innocent', 'Innocent', 'Innocent', 'Innocent', 'Innocent', 'Innocent', 'Innocent', 'Innocent', 'Innocent', 'Innocent', 'Innocent', 'Innocent', 'Innocent', 'Innocent', 'Innocent', 'Innocent', 'Innocent', 'Innocent', 'Innocent', 'Innocent', 'Innocent', 'Innocent', 'Innocent', 'Innocent', 'Innocent', 'Innocent', 'Innocent', 'Innocent', 'Innocent', 'Innocent', 'Innocent', 'Innocent', 'Innocent', 'Innocent', 'Innocent', 'Innocent', 'Innocent', 'Innocent', 'Innocent', 'Innocent', 'Innocent', 'Innocent', 'Innocent', 'Innocent', 'Innocent', 'Innocent', 'Innocent', 'Innocent', 'Innocent', 'Innocent', 'Innocent', 'Innocent', 'Innocent', 'Innocent', 'Innocent', 'Innocent', 'Innocent', 'Innocent', 'Innocent', 'Innocent', 'Innocent', 'Innocent', 'Innocent', 'Innocent', 'Innocent', 'Innocent', 'Innocent', 'Innocent', 'Innocent', 'Innocent', 'Innocent', 'Innocent', 'Innocent', 'Innocent', 'Innocent', 'Innocent', 'Innocent', 'Innocent', 'Innocent', 'Innocent', 'Innocent', 'Innocent', 'Innocent', 'Innocent', 'Innocent', 'Innocent', 'Innocent', 'Innocent', 'Innocent', 'Innocent', 'Innocent', 'Innocent', 'Innocent', 'Innocent', 'Innocent', 'Innocent', 'Innocent', 'Innocent', 'Innocent', 'Innocent', 'Innocent', 'Innocent', 'Innocent', 'Innocent', 'Innocent', 'Innocent', 'Innocent', 'Innocent', 'Innocent', 'Innocent', 'Innocent', 'Innocent', 'Innocent', 'Innocent', 'Innocent', 'Innocent', 'Innocent', 'Innocent', 'Innocent', 'Innocent', 'Innocent', 'Innocent', 'Innocent', 'Innocent', 'Innocent', 'Innocent', 'Innocent', 'Innocent', 'Innocent', 'Innocent', 'Innocent', 'Innocent', 'Innocent', 'Innocent', 'Innocent', 'Innocent', 'Innocent', 'Innocent', 'Innocent', 'Innocent', 'Innocent', 'Innocent', 'Innocent', 'Innocent', 'Innocent', 'Innocent', 'Innocent', 'Innocent', 'Innocent', 'Innocent', 'Innocent', 'Innocent', 'Innocent', 'Innocent', 'Innocent', 'Innocent', 'Innocent', 'Innocent', 'Innocent', 'Innocent', 'Innocent', 'Innocent', 'Innocent', 'Innocent', 'Innocent', 'Innocent', 'Innocent', 'Innocent', 'Innocent', 'Innocent', 'Innocent', 'Innocent', 'Innocent', 'Innocent', 'Innocent', 'Innocent', 'Innocent', 'Innocent', 'Innocent', 'Innocent', 'Innocent', 'Innocent', 'Innocent', 'Innocent', 'Innocent', 'Innocent', 'Innocent', 'Innocent', 'Innocent', 'Innocent', 'Innocent', 'Innocent', 'Innocent', 'Innocent', 'Innocent', 'Innocent', 'Innocent', 'Innocent', 'Innocent', 'Innocent', 'Innocent', 'Innocent', 'Innocent', 'Innocent', 'Innocent', 'Innocent', 'Innocent', 'Innocent', 'Innocent', 'Innocent', 'Innocent', 'Innocent', 'Innocent', 'Innocent', 'Innocent', 'Innocent', 'Innocent', 'Innocent', 'Innocent', 'Innocent', 'Innocent', 'Innocent', 'Innocent', 'Innocent', 'Innocent', 'Innocent', 'Innocent', 'Innocent', 'Innocent', 'Innocent', 'Innocent', 'Innocent', 'Innocent', 'Innocent', 'Innocent', 'Innocent', 'Innocent', 'Innocent', 'Innocent', 'Innocent', 'Innocent', 'Innocent', 'Innocent', 'Innocent', 'Innocent', 'Innocent', 'Innocent', 'Innocent', 'Innocent', 'Innocent', 'Innocent', 'Innocent', 'Innocent', 'Innocent', 'Innocent', 'Innocent', 'Innocent', 'Innocent', 'Innocent', 'Innocent', 'Innocent', 'Innocent', 'Innocent', 'Innocent', 'Innocent', 'Innocent', 'Innocent', 'Innocent', 'Innocent', 'Innocent', 'Innocent', 'Innocent', 'Innocent', 'Innocent', 'Innocent', 'Innocent', 'Innocent', 'Innocent', 'Innocent', 'Innocent', 'Innocent', 'Innocent', 'Innocent', 'Innocent', 'Innocent', 'Innocent', 'Innocent', 'Innocent', 'Innocent', 'Innocent', 'Innocent', 'Innocent', 'Innocent', 'Innocent', 'Innocent', 'Innocent', 'Innocent', 'Innocent', 'Innocent', 'Innocent', 'Innocent', 'Innocent', 'Innocent', 'Innocent', 'Innocent', 'Innocent', 'Innocent', 'Innocent', 'Innocent', 'Innocent', 'Innocent', 'Innocent', 'Innocent', 'Innocent', 'Innocent', 'Innocent', 'Innocent', 'Innocent', 'Innocent', 'Innocent', 'Innocent', 'Innocent', 'Innocent', 'Innocent', 'Innocent', 'Innocent', 'Innocent', 'Innocent', 'Innocent', 'Innocent', 'Innocent', 'Innocent', 'Innocent', 'Innocent', 'Innocent', 'Innocent', 'Innocent', 'Innocent', 'Innocent', 'Innocent', 'Innocent', 'Innocent', 'Innocent', 'Innocent', 'Innocent', 'Innocent', 'Innocent', 'Innocent', 'Innocent', 'Innocent', 'Innocent', 'Innocent', 'Innocent', 'Innocent', 'Innocent', 'Innocent', 'Innocent', 'Innocent', 'Innocent', 'Innocent', 'Innocent', 'Innocent', 'Innocent', 'Innocent', 'Innocent', 'Innocent', 'Innocent', 'Innocent', 'Innocent', 'Innocent', 'Innocent', 'Innocent', 'Innocent', 'Innocent', 'Innocent', 'Innocent', 'Innocent', 'Innocent', 'Innocent', 'Innocent', 'Innocent', 'Innocent', 'Innocent', 'Innocent', 'Innocent', 'Innocent', 'Innocent', 'Innocent', 'Innocent', 'Innocent', 'Innocent', 'Innocent', 'Innocent', 'Innocent', 'Innocent', 'Innocent', 'Innocent', 'Innocent', 'Innocent', 'Innocent', 'Innocent', 'Innocent', 'Innocent', 'Innocent', 'Innocent', 'Innocent', 'Innocent', 'Innocent', 'Innocent', 'Innocent', 'Innocent', 'Innocent', 'Innocent', 'Innocent', 'Innocent', 'Innocent', 'Innocent', 'Innocent', 'Innocent', 'Innocent', 'Innocent', 'Innocent', 'Innocent', 'Innocent', 'Innocent', 'Innocent', 'Innocent', 'Innocent', 'Innocent', 'Innocent', 'Innocent', 'Innocent', 'Innocent', 'Innocent', 'Innocent', 'Innocent', 'Innocent', 'Innocent', 'Innocent', 'Innocent', 'Innocent', 'Innocent', 'Innocent', 'Innocent', 'Innocent', 'Innocent', 'Innocent', 'Innocent', 'Innocent', 'Innocent', 'Innocent', 'Innocent', 'Innocent', 'Innocent', 'Innocent', 'Innocent', 'Innocent', 'Innocent', 'Innocent', 'Innocent', 'Innocent', 'Innocent', 'Innocent', 'Innocent', 'Innocent', 'Innocent', 'Innocent', 'Innocent', 'Innocent', 'Innocent', 'Innocent', 'Innocent', 'Innocent', 'Innocent', 'Innocent', 'Innocent', 'Innocent', 'Innocent', 'Innocent', 'Innocent', 'Innocent', 'Innocent', 'Innocent', 'Innocent', 'Innocent', 'Innocent', 'Innocent', 'Innocent', 'Innocent', 'Innocent', 'Innocent', 'Innocent', 'Innocent', 'Innocent', 'Innocent', 'Innocent', 'Innocent', 'Innocent', 'Innocent', 'Innocent', 'Innocent', 'Innocent', 'Innocent', 'Innocent', 'Innocent', 'Innocent', 'Innocent', 'Innocent', 'Innocent', 'Innocent', 'Innocent', 'Innocent', 'Innocent', 'Innocent', 'Innocent', 'Innocent', 'Innocent', 'Innocent', 'Innocent', 'Innocent', 'Innocent', 'Innocent', 'Innocent', 'Innocent', 'Innocent', 'Innocent', 'Innocent', 'Innocent', 'Innocent', 'Innocent', 'Innocent', 'Innocent', 'Innocent', 'Innocent', 'Innocent', 'Innocent', 'Innocent', 'Innocent', 'Innocent', 'Innocent', 'Innocent', 'Innocent', 'Innocent', 'Innocent', 'Innocent', 'Innocent', 'Innocent', 'Innocent', 'Innocent', 'Innocent', 'Innocent', 'Innocent', 'Innocent', 'Innocent', 'Innocent', 'Innocent', 'Innocent', 'Innocent', 'Innocent', 'Innocent', 'Innocent', 'Innocent', 'Innocent', 'Innocent', 'Innocent', 'Innocent', 'Innocent', 'Innocent', 'Innocent', 'Innocent', 'Innocent', 'Innocent', 'Innocent', 'Innocent', 'Innocent', 'Innocent', 'Innocent', 'Innocent', 'Innocent', 'Innocent', 'Innocent', 'Innocent', 'Innocent', 'Innocent', 'Innocent', 'Innocent', 'Innocent', 'Innocent', 'Innocent', 'Innocent', 'Innocent', 'Innocent', 'Innocent', 'Innocent', 'Innocent', 'Innocent', 'Innocent', 'Innocent', 'Innocent', 'Innocent', 'Innocent', 'Innocent', 'Innocent', 'Innocent', 'Innocent', 'Innocent', 'Innocent', 'Innocent', 'Innocent', 'Innocent', 'Innocent', 'Innocent', 'Innocent', 'Innocent', 'Innocent', 'Innocent', 'Innocent', 'Innocent', 'Innocent', 'Innocent', 'Innocent', 'Innocent', 'Innocent', 'Innocent', 'Innocent', 'Innocent', 'Innocent', 'Innocent', 'Innocent', 'Innocent', 'Innocent', 'Innocent', 'Innocent', 'Innocent', 'Innocent', 'Innocent', 'Innocent', 'Innocent', 'Innocent', 'Innocent', 'Innocent', 'Innocent', 'Innocent', 'Innocent', 'Innocent', 'Innocent', 'Innocent', 'Innocent', 'Innocent', 'Innocent', 'Innocent', 'Innocent', 'Innocent', 'Innocent', 'Innocent', 'Innocent', 'Innocent', 'Innocent', 'Innocent', 'Innocent', 'Innocent', 'Innocent', 'Innocent', 'Innocent', 'Innocent', 'Innocent', 'Innocent', 'Innocent', 'Innocent', 'Innocent', 'Innocent', 'Innocent', 'Innocent', 'Innocent', 'Innocent', 'Innocent', 'Innocent', 'Innocent', 'Innocent', 'Innocent', 'Innocent', 'Innocent', 'Innocent', 'Innocent', 'Innocent', 'Innocent', 'Innocent', 'Innocent', 'Innocent', 'Innocent', 'Innocent', 'Innocent', 'Innocent', 'Innocent', 'Innocent', 'Innocent', 'Innocent', 'Innocent', 'Innocent', 'Innocent', 'Innocent', 'Innocent', 'Innocent', 'Innocent', 'Innocent', 'Innocent', 'Innocent', 'Innocent', 'Innocent', 'Innocent', 'Innocent', 'Innocent', 'Innocent', 'Innocent', 'Innocent', 'Innocent', 'Innocent', 'Innocent', 'Innocent', 'Innocent', 'Innocent', 'Innocent', 'Innocent', 'Innocent', 'Innocent', 'Innocent', 'Innocent', 'Innocent', 'Innocent', 'Innocent', 'Innocent', 'Innocent', 'Innocent', 'Innocent', 'Innocent', 'Innocent', 'Innocent', 'Innocent', 'Innocent', 'Innocent', 'Innocent', 'Innocent', 'Innocent', 'Innocent', 'Innocent', 'Innocent', 'Innocent', 'Innocent', 'Innocent', 'Innocent', 'Innocent', 'Innocent', 'Innocent', 'Innocent', 'Innocent', 'Innocent', 'Innocent', 'Innocent', 'Innocent', 'Innocent', 'Innocent', 'Innocent', 'Innocent', 'Innocent', 'Innocent', 'Innocent', 'Innocent', 'Innocent', 'Innocent', 'Innocent', 'Innocent', 'Innocent', 'Innocent', 'Innocent', 'Innocent', 'Innocent', 'Innocent', 'Innocent', 'Innocent', 'Innocent', 'Innocent', 'Innocent', 'Innocent', 'Innocent', 'Innocent', 'Innocent', 'Innocent', 'Innocent', 'Innocent', 'Innocent', 'Innocent', 'Innocent', 'Innocent', 'Innocent', 'Innocent', 'Innocent', 'Innocent', 'Innocent', 'Innocent', 'Innocent', 'Innocent', 'Innocent', 'Innocent', 'Innocent', 'Innocent', 'Innocent', 'Innocent', 'Innocent', 'Innocent', 'Innocent', 'Innocent', 'Innocent', 'Innocent', 'Innocent', 'Innocent', 'Innocent', 'Innocent', 'Innocent', 'Innocent', 'Innocent', 'Innocent', 'Innocent', 'Innocent', 'Innocent', 'Innocent', 'Innocent', 'Innocent', 'Innocent', 'Innocent', 'Innocent', 'Innocent', 'Innocent', 'Innocent', 'Innocent', 'Innocent', 'Innocent', 'Innocent', 'Innocent', 'Innocent', 'Innocent', 'Innocent', 'Innocent', 'Innocent', 'Innocent', 'Innocent', 'Innocent', 'Innocent', 'Innocent', 'Innocent', 'Innocent', 'Innocent', 'Innocent', 'Innocent', 'Innocent', 'Innocent', 'Innocent', 'Innocent', 'Innocent', 'Innocent', 'Innocent', 'Innocent', 'Innocent', 'Innocent', 'Innocent', 'Innocent', 'Innocent', 'Innocent', 'Innocent', 'Innocent', 'Innocent', 'Innocent', 'Innocent', 'Innocent', 'Innocent', 'Innocent', 'Innocent', 'Innocent', 'Innocent', 'Innocent', 'Innocent', 'Innocent', 'Innocent', 'Innocent', 'Innocent', 'Innocent', 'Innocent', 'Innocent', 'Innocent', 'Innocent', 'Innocent', 'Innocent', 'Innocent', 'Innocent', 'Innocent', 'Innocent', 'Innocent', 'Innocent', 'Innocent', 'Innocent', 'Innocent', 'Innocent', 'Innocent', 'Innocent', 'Innocent', 'Innocent', 'Innocent', 'Innocent', 'Innocent', 'Innocent', 'Innocent', 'Innocent', 'Innocent', 'Innocent', 'Innocent', 'Innocent', 'Innocent', 'Innocent', 'Innocent', 'Innocent', 'Innocent', 'Innocent', 'Innocent', 'Innocent', 'Innocent', 'Innocent', 'Innocent', 'Innocent', 'Innocent', 'Innocent', 'Innocent', 'Innocent', 'Innocent', 'Innocent', 'Innocent', 'Innocent', 'Innocent', 'Innocent', 'Innocent', 'Innocent', 'Innocent', 'Innocent', 'Innocent', 'Innocent', 'Innocent', 'Innocent', 'Innocent', 'Innocent', 'Innocent', 'Innocent', 'Innocent', 'Innocent', 'Innocent', 'Innocent', 'Innocent', 'Innocent', 'Innocent', 'Innocent', 'Innocent', 'Innocent', 'Innocent', 'Innocent', 'Innocent', 'Innocent', 'Innocent', 'Innocent', 'Innocent', 'Innocent', 'Innocent', 'Innocent', 'Innocent', 'Innocent', 'Innocent', 'Innocent', 'Innocent', 'Innocent', 'Innocent', 'Innocent', 'Innocent', 'Innocent', 'Innocent', 'Innocent', 'Innocent', 'Innocent', 'Innocent', 'Innocent', 'Innocent', 'Innocent', 'Innocent', 'Innocent', 'Innocent', 'Innocent', 'Innocent', 'Innocent', 'Innocent', 'Innocent', 'Innocent', 'Innocent', 'Innocent', 'Innocent', 'Innocent', 'Innocent', 'Innocent', 'Innocent', 'Innocent', 'Innocent', 'Innocent', 'Innocent', 'Innocent', 'Innocent', 'Innocent', 'Innocent', 'Innocent', 'Innocent', 'Innocent', 'Innocent', 'Innocent', 'Innocent', 'Innocent', 'Innocent', 'Innocent', 'Innocent', 'Innocent', 'Innocent', 'Innocent', 'Innocent', 'Innocent', 'Innocent', 'Innocent', 'Innocent', 'Innocent', 'Innocent', 'Innocent', 'Innocent', 'Innocent', 'Innocent', 'Innocent', 'Innocent', 'Innocent', 'Innocent', 'Innocent', 'Innocent', 'Innocent', 'Innocent', 'Innocent', 'Innocent', 'Innocent', 'Innocent', 'Innocent', 'Innocent', 'Innocent', 'Innocent', 'Innocent', 'Innocent', 'Innocent', 'Innocent', 'Innocent', 'Innocent', 'Innocent', 'Innocent', 'Innocent', 'Innocent', 'Innocent', 'Innocent', 'Innocent', 'Innocent', 'Innocent', 'Innocent', 'Innocent', 'Innocent', 'Innocent', 'Innocent', 'Innocent', 'Innocent', 'Innocent', 'Innocent', 'Innocent', 'Innocent', 'Innocent', 'Innocent', 'Innocent', 'Innocent', 'Innocent', 'Innocent', 'Innocent', 'Innocent', 'Innocent', 'Innocent', 'Innocent', 'Innocent', 'Innocent', 'Innocent', 'Innocent', 'Innocent', 'Innocent', 'Innocent', 'Innocent', 'Innocent', 'Innocent', 'Innocent', 'Innocent', 'Innocent', 'Innocent', 'Innocent', 'Innocent', 'Innocent', 'Innocent', 'Innocent', 'Innocent', 'Innocent', 'Innocent', 'Innocent', 'Innocent', 'Innocent', 'Innocent', 'Innocent', 'Innocent', 'Innocent', 'Innocent', 'Innocent', 'Innocent', 'Innocent', 'Innocent', 'Innocent', 'Innocent', 'Innocent', 'Innocent', 'Innocent', 'Innocent', 'Innocent', 'Innocent', 'Innocent', 'Innocent', 'Innocent', 'Innocent', 'Innocent', 'Innocent', 'Innocent', 'Innocent', 'Innocent', 'Innocent', 'Innocent', 'Innocent', 'Innocent', 'Innocent', 'Innocent', 'Innocent', 'Innocent', 'Innocent', 'Innocent', 'Innocent', 'Innocent', 'Innocent', 'Innocent', 'Innocent', 'Innocent', 'Innocent', 'Innocent', 'Innocent', 'Innocent', 'Innocent', 'Innocent', 'Innocent', 'Innocent', 'Innocent', 'Innocent', 'Innocent', 'Innocent', 'Innocent', 'Innocent', 'Innocent', 'Innocent', 'Innocent', 'Innocent', 'Innocent', 'Innocent', 'Innocent', 'Innocent', 'Innocent', 'Innocent', 'Innocent', 'Innocent', 'Innocent', 'Innocent', 'Innocent', 'Innocent', 'Innocent', 'Innocent', 'Innocent', 'Innocent', 'Innocent', 'Innocent', 'Innocent', 'Innocent', 'Innocent', 'Innocent', 'Innocent', 'Innocent', 'Innocent', 'Innocent', 'Innocent', 'Innocent', 'Innocent', 'Innocent', 'Innocent', 'Innocent', 'Innocent', 'Innocent', 'Innocent', 'Innocent', 'Innocent', 'Innocent', 'Innocent', 'Innocent', 'Innocent', 'Innocent', 'Innocent', 'Innocent', 'Innocent', 'Innocent', 'Innocent', 'Innocent', 'Innocent', 'Innocent', 'Innocent', 'Innocent', 'Innocent', 'Innocent', 'Innocent', 'Innocent', 'Innocent', 'Innocent', 'Innocent', 'Innocent', 'Innocent', 'Innocent', 'Innocent', 'Innocent', 'Innocent', 'Innocent', 'Innocent', 'Innocent', 'Innocent', 'Innocent', 'Innocent', 'Innocent', 'Innocent', 'Innocent', 'Innocent', 'Innocent', 'Innocent', 'Innocent', 'Innocent', 'Innocent', 'Innocent', 'Innocent', 'Innocent', 'Innocent', 'Innocent', 'Innocent', 'Innocent', 'Innocent', 'Innocent', 'Innocent', 'Innocent', 'Innocent', 'Innocent', 'Innocent', 'Innocent', 'Innocent', 'Innocent', 'Innocent', 'Innocent', 'Innocent', 'Innocent', 'Innocent', 'Innocent', 'Innocent', 'Innocent', 'Innocent', 'Innocent', 'Innocent', 'Innocent', 'Innocent', 'Innocent', 'Innocent', 'Innocent', 'Innocent', 'Innocent', 'Innocent', 'Innocent', 'Innocent', 'Innocent', 'Innocent', 'Innocent', 'Innocent', 'Innocent', 'Innocent', 'Innocent', 'Innocent', 'Innocent', 'Innocent', 'Innocent', 'Innocent', 'Innocent', 'Innocent', 'Innocent', 'Innocent', 'Innocent', 'Innocent', 'Innocent', 'Innocent', 'Innocent', 'Innocent', 'Innocent', 'Innocent', 'Innocent', 'Innocent', 'Innocent', 'Innocent', 'Innocent', 'Innocent', 'Innocent', 'Innocent', 'Innocent', 'Innocent', 'Innocent', 'Innocent', 'Innocent', 'Innocent', 'Innocent', 'Innocent', 'Innocent', 'Innocent', 'Innocent', 'Innocent', 'Innocent', 'Innocent', 'Innocent', 'Innocent', 'Innocent', 'Innocent', 'Innocent', 'Innocent', 'Innocent', 'Innocent', 'Innocent', 'Innocent', 'Innocent', 'Innocent', 'Innocent', 'Innocent', 'Innocent', 'Innocent', 'Innocent', 'Innocent', 'Innocent', 'Innocent', 'Innocent', 'Innocent', 'Innocent', 'Innocent', 'Innocent', 'Innocent', 'Innocent', 'Innocent', 'Innocent', 'Innocent', 'Innocent', 'Innocent', 'Innocent', 'Innocent', 'Innocent', 'Innocent', 'Innocent', 'Innocent', 'Innocent', 'Innocent', 'Innocent', 'Innocent', 'Innocent', 'Innocent', 'Innocent', 'Innocent', 'Innocent', 'Innocent', 'Innocent', 'Innocent', 'Innocent', 'Innocent', 'Innocent', 'Innocent', 'Innocent', 'Innocent', 'Innocent', 'Innocent', 'Innocent', 'Innocent', 'Innocent', 'Innocent', 'Innocent', 'Innocent', 'Innocent', 'Innocent', 'Innocent', 'Innocent', 'Innocent', 'Innocent', 'Innocent', 'Innocent', 'Innocent', 'Innocent', 'Innocent', 'Innocent', 'Innocent', 'Innocent', 'Innocent', 'Innocent', 'Innocent', 'Innocent', 'Innocent', 'Innocent', 'Innocent', 'Innocent', 'Innocent', 'Innocent', 'Innocent', 'Innocent', 'Innocent', 'Innocent', 'Innocent', 'Innocent', 'Innocent', 'Innocent', 'Innocent', 'Innocent', 'Innocent', 'Innocent', 'Innocent', 'Innocent', 'Innocent', 'Innocent', 'Innocent', 'Innocent', 'Innocent', 'Innocent', 'Innocent', 'Innocent', 'Innocent', 'Innocent', 'Innocent', 'Innocent', 'Innocent', 'Innocent', 'Innocent', 'Innocent', 'Innocent', 'Innocent', 'Innocent', 'Innocent', 'Innocent', 'Innocent', 'Innocent', 'Innocent', 'Innocent', 'Innocent', 'Innocent', 'Innocent', 'Innocent', 'Innocent', 'Innocent', 'Innocent', 'Innocent', 'Innocent', 'Innocent', 'Innocent', 'Innocent', 'Innocent', 'Innocent', 'Innocent', 'Innocent', 'Innocent', 'Innocent', 'Innocent', 'Innocent', 'Innocent', 'Innocent', 'Innocent', 'Innocent', 'Innocent', 'Innocent', 'Innocent', 'Innocent', 'Innocent', 'Innocent', 'Innocent', 'Innocent', 'Innocent', 'Innocent', 'Innocent', 'Innocent', 'Innocent', 'Innocent', 'Innocent', 'Innocent', 'Innocent', 'Innocent', 'Innocent', 'Innocent', 'Innocent', 'Innocent', 'Innocent', 'Innocent', 'Innocent', 'Innocent', 'Innocent', 'Innocent', 'Innocent', 'Innocent', 'Innocent', 'Innocent', 'Innocent', 'Innocent', 'Innocent', 'Innocent', 'Innocent', 'Innocent', 'Innocent', 'Innocent', 'Innocent', 'Innocent', 'Innocent', 'Innocent', 'Innocent', 'Innocent', 'Innocent', 'Innocent', 'Innocent', 'Innocent', 'Innocent', 'Innocent', 'Innocent', 'Innocent', 'Innocent', 'Innocent', 'Innocent', 'Innocent', 'Innocent', 'Innocent', 'Innocent', 'Innocent', 'Innocent', 'Innocent', 'Innocent', 'Innocent', 'Innocent', 'Innocent', 'Innocent', 'Innocent', 'Innocent', 'Innocent', 'Innocent', 'Innocent', 'Innocent', 'Innocent', 'Innocent', 'Innocent', 'Innocent', 'Innocent', 'Innocent', 'Innocent', 'Innocent', 'Innocent', 'Innocent', 'Innocent', 'Innocent', 'Innocent', 'Innocent', 'Innocent', 'Innocent', 'Innocent', 'Innocent', 'Innocent', 'Innocent', 'Innocent', 'Innocent', 'Innocent', 'Innocent', 'Innocent', 'Innocent', 'Innocent', 'Innocent', 'Innocent', 'Innocent', 'Innocent', 'Innocent', 'Innocent', 'Innocent', 'Innocent', 'Innocent', 'Innocent', 'Innocent', 'Innocent', 'Innocent', 'Innocent', 'Innocent', 'Innocent', 'Innocent', 'Innocent', 'Innocent', 'Innocent', 'Innocent', 'Innocent', 'Innocent', 'Innocent', 'Innocent', 'Innocent', 'Innocent', 'Innocent', 'Innocent', 'Innocent', 'Innocent', 'Innocent', 'Innocent', 'Innocent', 'Innocent', 'Innocent', 'Innocent', 'Innocent', 'Innocent', 'Innocent', 'Innocent', 'Innocent', 'Innocent', 'Innocent', 'Innocent', 'Innocent', 'Innocent', 'Innocent', 'Innocent', 'Innocent', 'Innocent', 'Innocent', 'Innocent', 'Innocent', 'Innocent', 'Innocent', 'Innocent', 'Innocent', 'Innocent', 'Innocent', 'Innocent', 'Innocent', 'Innocent', 'Innocent', 'Innocent', 'Innocent', 'Innocent', 'Innocent', 'Innocent', 'Innocent', 'Innocent', 'Innocent', 'Innocent', 'Innocent', 'Innocent', 'Innocent', 'Innocent', 'Innocent', 'Innocent', 'Innocent', 'Innocent', 'Innocent', 'Innocent', 'Innocent', 'Innocent', 'Innocent', 'Innocent', 'Innocent', 'Innocent', 'Innocent', 'Innocent', 'Innocent', 'Innocent', 'Innocent', 'Innocent', 'Innocent', 'Innocent', 'Innocent', 'Innocent', 'Innocent', 'Innocent', 'Innocent', 'Innocent', 'Innocent', 'Innocent', 'Innocent', 'Innocent', 'Innocent', 'Innocent', 'Innocent', 'Innocent', 'Innocent', 'Innocent', 'Innocent', 'Innocent', 'Innocent', 'Innocent', 'Innocent', 'Innocent', 'Innocent', 'Innocent', 'Innocent', 'Innocent', 'Innocent', 'Innocent', 'Innocent', 'Innocent', 'Innocent', 'Innocent', 'Innocent', 'Innocent', 'Innocent', 'Innocent', 'Innocent', 'Innocent', 'Innocent', 'Innocent', 'Innocent', 'Innocent', 'Innocent', 'Innocent', 'Innocent', 'Innocent', 'Innocent', 'Innocent', 'Innocent', 'Innocent', 'Innocent', 'Innocent', 'Innocent', 'Innocent', 'Innocent', 'Innocent', 'Innocent', 'Innocent', 'Innocent', 'Innocent', 'Innocent', 'Innocent', 'Innocent', 'Innocent', 'Innocent', 'Innocent', 'Innocent', 'Innocent', 'Innocent', 'Innocent', 'Innocent', 'Innocent', 'Innocent', 'Innocent', 'Innocent', 'Innocent', 'Innocent', 'Innocent', 'Innocent', 'Innocent', 'Innocent', 'Innocent', 'Innocent', 'Innocent', 'Innocent', 'Innocent', 'Innocent', 'Innocent', 'Innocent', 'Innocent', 'Innocent', 'Innocent', 'Innocent', 'Innocent', 'Innocent', 'Innocent', 'Innocent', 'Innocent', 'Innocent', 'Innocent', 'Innocent', 'Innocent', 'Innocent', 'Innocent', 'Innocent', 'Innocent', 'Innocent', 'Innocent', 'Innocent', 'Innocent', 'Innocent', 'Innocent', 'Innocent', 'Innocent', 'Innocent', 'Innocent', 'Innocent', 'Innocent', 'Innocent', 'Innocent', 'Innocent', 'Innocent', 'Innocent', 'Innocent', 'Innocent', 'Innocent', 'Innocent', 'Innocent', 'Innocent', 'Innocent', 'Innocent', 'Innocent', 'Innocent', 'Innocent', 'Innocent', 'Innocent', 'Innocent', 'Innocent', 'Innocent', 'Innocent', 'Innocent', 'Innocent', 'Innocent', 'Innocent', 'Innocent', 'Innocent', 'Innocent', 'Innocent', 'Innocent', 'Innocent', 'Innocent', 'Innocent', 'Innocent', 'Innocent', 'Innocent', 'Innocent', 'Innocent', 'Innocent', 'Innocent', 'Innocent', 'Innocent', 'Innocent', 'Innocent', 'Innocent', 'Innocent', 'Innocent', 'Innocent', 'Innocent', 'Innocent', 'Innocent', 'Innocent', 'Innocent', 'Innocent', 'Innocent', 'Innocent', 'Innocent', 'Innocent', 'Innocent', 'Innocent', 'Innocent', 'Innocent', 'Innocent', 'Innocent', 'Innocent', 'Innocent', 'Innocent', 'Innocent', 'Innocent', 'Innocent', 'Innocent', 'Innocent', 'Innocent', 'Innocent', 'Innocent', 'Innocent', 'Innocent', 'Innocent', 'Innocent', 'Innocent', 'Innocent', 'Innocent', 'Innocent', 'Innocent', 'Innocent', 'Innocent', 'Innocent', 'Innocent', 'Innocent', 'Innocent', 'Innocent', 'Innocent', 'Innocent', 'Innocent', 'Innocent', 'Innocent', 'Innocent', 'Innocent', 'Innocent', 'Innocent', 'Innocent', 'Innocent', 'Innocent', 'Innocent', 'Innocent', 'Innocent', 'Innocent', 'Innocent', 'Innocent', 'Innocent', 'Innocent', 'Innocent', 'Innocent', 'Innocent', 'Innocent', 'Innocent', 'Innocent', 'Innocent', 'Innocent', 'Innocent', 'Innocent', 'Innocent', 'Innocent', 'Innocent', 'Innocent', 'Innocent', 'Innocent', 'Innocent', 'Innocent', 'Innocent', 'Innocent', 'Innocent', 'Innocent', 'Innocent', 'Innocent', 'Innocent', 'Innocent', 'Innocent', 'Innocent', 'Innocent', 'Innocent', 'Innocent', 'Innocent', 'Innocent', 'Innocent', 'Innocent', 'Innocent', 'Innocent', 'Innocent', 'Innocent', 'Innocent', 'Innocent', 'Innocent', 'Innocent', 'Innocent', 'Innocent', 'Innocent', 'Innocent', 'Innocent', 'Innocent', 'Innocent', 'Innocent', 'Innocent', 'Innocent', 'Innocent', 'Innocent', 'Innocent', 'Innocent', 'Innocent', 'Innocent', 'Innocent', 'Innocent', 'Innocent', 'Innocent', 'Innocent', 'Innocent', 'Innocent', 'Innocent', 'Innocent', 'Innocent', 'Innocent', 'Innocent', 'Innocent', 'Innocent', 'Innocent', 'Innocent', 'Innocent', 'Innocent', 'Innocent', 'Innocent', 'Innocent', 'Innocent', 'Innocent', 'Innocent', 'Innocent', 'Innocent', 'Innocent', 'Innocent', 'Innocent', 'Innocent', 'Innocent', 'Innocent', 'Innocent', 'Innocent', 'Innocent', 'Innocent', 'Innocent', 'Innocent', 'Innocent', 'Innocent', 'Innocent', 'Innocent', 'Innocent', 'Innocent', 'Innocent', 'Innocent', 'Innocent', 'Innocent', 'Innocent', 'Innocent', 'Innocent', 'Innocent', 'Innocent', 'Innocent', 'Innocent', 'Innocent', 'Innocent', 'Innocent', 'Innocent', 'Innocent', 'Innocent', 'Innocent', 'Innocent', 'Innocent', 'Innocent', 'Innocent', 'Innocent', 'Innocent', 'Innocent', 'Innocent', 'Innocent', 'Innocent', 'Innocent', 'Innocent', 'Innocent', 'Innocent', 'Innocent', 'Innocent', 'Innocent', 'Innocent', 'Innocent', 'Innocent', 'Innocent', 'Innocent', 'Innocent', 'Innocent', 'Innocent', 'Innocent', 'Innocent', 'Innocent', 'Innocent', 'Innocent', 'Innocent', 'Innocent', 'Innocent', 'Innocent', 'Innocent', 'Innocent', 'Innocent', 'Innocent', 'Innocent', 'Innocent', 'Innocent', 'Innocent', 'Innocent', 'Innocent', 'Innocent', 'Innocent', 'Innocent', 'Innocent', 'Innocent', 'Innocent', 'Innocent', 'Innocent', 'Innocent', 'Innocent', 'Innocent', 'Innocent', 'Innocent', 'Innocent', 'Innocent', 'Innocent', 'Innocent', 'Innocent', 'Innocent', 'Innocent', 'Innocent', 'Innocent', 'Innocent', 'Innocent', 'Innocent', 'Innocent', 'Innocent', 'Innocent', 'Innocent', 'Innocent', 'Innocent', 'Innocent', 'Innocent', 'Innocent', 'Innocent', 'Innocent', 'Innocent', 'Innocent', 'Innocent', 'Innocent', 'Innocent', 'Innocent', 'Innocent', 'Innocent', 'Innocent', 'Innocent', 'Innocent', 'Innocent', 'Innocent', 'Innocent', 'Innocent', 'Innocent', 'Innocent', 'Innocent', 'Innocent', 'Innocent', 'Innocent', 'Innocent', 'Innocent', 'Innocent', 'Innocent', 'Innocent', 'Innocent', 'Innocent', 'Innocent', 'Innocent', 'Innocent', 'Innocent', 'Innocent', 'Innocent', 'Innocent', 'Innocent', 'Innocent', 'Innocent', 'Innocent', 'Innocent', 'Innocent', 'Innocent', 'Innocent', 'Innocent', 'Innocent', 'Innocent', 'Innocent', 'Innocent', 'Innocent', 'Innocent', 'Innocent', 'Innocent', 'Innocent', 'Innocent', 'Innocent', 'Innocent', 'Innocent', 'Innocent', 'Innocent', 'Innocent', 'Innocent', 'Innocent', 'Innocent', 'Innocent', 'Innocent', 'Innocent', 'Innocent', 'Innocent', 'Innocent', 'Innocent', 'Innocent', 'Innocent', 'Innocent', 'Innocent', 'Innocent', 'Innocent', 'Innocent', 'Innocent', 'Innocent', 'Innocent', 'Innocent', 'Innocent', 'Innocent', 'Innocent', 'Innocent', 'Innocent', 'Innocent', 'Innocent', 'Innocent', 'Innocent', 'Innocent', 'Innocent', 'Innocent', 'Innocent', 'Innocent', 'Innocent', 'Innocent', 'Innocent', 'Innocent', 'Innocent', 'Innocent', 'Innocent', 'Innocent', 'Innocent', 'Innocent', 'Innocent', 'Innocent', 'Innocent', 'Innocent', 'Innocent', 'Innocent', 'Innocent', 'Innocent', 'Innocent', 'Innocent', 'Innocent', 'Innocent', 'Innocent', 'Innocent', 'Innocent', 'Innocent', 'Innocent', 'Innocent', 'Innocent', 'Innocent', 'Innocent', 'Innocent', 'Innocent', 'Innocent', 'Innocent', 'Innocent', 'Innocent', 'Innocent', 'Innocent', 'Innocent', 'Innocent', 'Innocent', 'Innocent', 'Innocent', 'Innocent', 'Innocent', 'Innocent', 'Innocent', 'Innocent', 'Innocent', 'Innocent', 'Innocent', 'Innocent', 'Innocent', 'Innocent', 'Innocent', 'Innocent', 'Innocent', 'Innocent', 'Innocent', 'Innocent', 'Innocent', 'Innocent', 'Innocent', 'Innocent', 'Innocent', 'Innocent', 'Innocent', 'Innocent', 'Innocent', 'Innocent', 'Innocent', 'Innocent', 'Innocent', 'Innocent', 'Innocent', 'Innocent', 'Innocent', 'Innocent', 'Innocent', 'Innocent', 'Innocent', 'Innocent', 'Innocent', 'Innocent', 'Innocent', 'Innocent', 'Innocent', 'Innocent', 'Innocent', 'Innocent', 'Innocent', 'Innocent', 'Innocent', 'Innocent', 'Innocent', 'Innocent', 'Innocent', 'Innocent', 'Innocent', 'Innocent', 'Innocent', 'Innocent', 'Innocent', 'Innocent', 'Innocent', 'Innocent', 'Innocent', 'Innocent', 'Innocent', 'Innocent', 'Innocent', 'Innocent', 'Innocent', 'Innocent', 'Innocent', 'Innocent', 'Innocent', 'Innocent', 'Innocent', 'Innocent', 'Innocent', 'Innocent', 'Innocent', 'Innocent', 'Innocent', 'Innocent', 'Innocent', 'Innocent', 'Innocent', 'Innocent', 'Innocent', 'Innocent', 'Innocent', 'Innocent', 'Innocent', 'Innocent', 'Innocent', 'Innocent', 'Innocent', 'Innocent', 'Innocent', 'Innocent', 'Innocent', 'Innocent', 'Innocent', 'Innocent', 'Innocent', 'Innocent', 'Innocent', 'Innocent', 'Innocent', 'Innocent', 'Innocent', 'Innocent', 'Innocent', 'Innocent', 'Innocent', 'Innocent', 'Innocent', 'Innocent', 'Innocent', 'Innocent', 'Innocent', 'Innocent', 'Innocent', 'Innocent', 'Innocent', 'Innocent', 'Innocent', 'Innocent', 'Innocent', 'Innocent', 'Innocent', 'Innocent', 'Innocent', 'Innocent', 'Innocent', 'Innocent', 'Innocent', 'Innocent', 'Innocent', 'Innocent', 'Innocent', 'Innocent', 'Innocent', 'Innocent', 'Innocent', 'Innocent', 'Innocent', 'Innocent', 'Innocent', 'Innocent', 'Innocent', 'Innocent', 'Innocent', 'Innocent', 'Innocent', 'Innocent', 'Innocent', 'Innocent', 'Innocent', 'Innocent', 'Innocent', 'Innocent', 'Innocent', 'Innocent', 'Innocent', 'Innocent', 'Innocent', 'Innocent', 'Innocent', 'Innocent', 'Innocent', 'Innocent', 'Innocent', 'Innocent', 'Innocent', 'Innocent', 'Innocent', 'Innocent', 'Innocent', 'Innocent', 'Innocent', 'Innocent', 'Innocent', 'Innocent', 'Innocent', 'Innocent', 'Innocent', 'Innocent', 'Innocent', 'Innocent', 'Innocent', 'Innocent', 'Innocent', 'Innocent', 'Innocent', 'Innocent', 'Innocent', 'Innocent', 'Innocent', 'Innocent', 'Innocent', 'Innocent', 'Innocent', 'Innocent', 'Innocent', 'Innocent', 'Innocent', 'Innocent', 'Innocent', 'Innocent', 'Innocent', 'Innocent', 'Innocent', 'Innocent', 'Innocent', 'Innocent', 'Innocent', 'Innocent', 'Innocent', 'Innocent', 'Innocent', 'Innocent', 'Innocent', 'Innocent', 'Innocent', 'Innocent', 'Innocent', 'Innocent', 'Innocent', 'Innocent', 'Innocent', 'Innocent', 'Innocent', 'Innocent', 'Innocent', 'Innocent', 'Innocent', 'Innocent', 'Innocent', 'Innocent', 'Innocent', 'Innocent', 'Innocent', 'Innocent', 'Innocent', 'Innocent', 'Innocent', 'Innocent', 'Innocent', 'Innocent', 'Innocent', 'Innocent', 'Innocent', 'Innocent', 'Innocent', 'Innocent', 'Innocent', 'Innocent', 'Innocent', 'Innocent', 'Innocent', 'Innocent', 'Innocent', 'Innocent', 'Innocent', 'Innocent', 'Innocent', 'Innocent', 'Innocent', 'Innocent', 'Innocent', 'Innocent', 'Innocent', 'Innocent', 'Innocent', 'Innocent', 'Innocent', 'Innocent', 'Innocent', 'Innocent', 'Innocent', 'Innocent', 'Innocent', 'Innocent', 'Innocent', 'Innocent', 'Innocent', 'Innocent', 'Innocent', 'Innocent', 'Innocent', 'Innocent', 'Innocent', 'Innocent', 'Innocent', 'Innocent', 'Innocent', 'Innocent', 'Innocent', 'Innocent', 'Innocent', 'Innocent', 'Innocent', 'Innocent', 'Innocent', 'Innocent', 'Innocent', 'Innocent', 'Innocent', 'Innocent', 'Innocent', 'Innocent', 'Innocent', 'Innocent', 'Innocent', 'Innocent', 'Innocent', 'Innocent', 'Innocent', 'Innocent', 'Innocent', 'Innocent', 'Innocent', 'Innocent', 'Innocent', 'Innocent', 'Innocent', 'Innocent', 'Innocent', 'Innocent', 'Innocent', 'Innocent', 'Innocent', 'Innocent', 'Innocent', 'Innocent', 'Innocent', 'Innocent', 'Innocent', 'Innocent', 'Innocent', 'Innocent', 'Innocent', 'Innocent', 'Innocent', 'Innocent', 'Innocent', 'Innocent', 'Innocent', 'Innocent', 'Innocent', 'Innocent', 'Innocent', 'Innocent', 'Innocent', 'Innocent', 'Innocent', 'Innocent', 'Innocent', 'Innocent', 'Innocent', 'Innocent', 'Innocent', 'Innocent', 'Innocent', 'Innocent', 'Innocent', 'Innocent', 'Innocent', 'Innocent', 'Innocent', 'Innocent', 'Innocent', 'Innocent', 'Innocent', 'Innocent', 'Innocent', 'Innocent', 'Innocent', 'Innocent', 'Innocent', 'Innocent', 'Innocent', 'Innocent', 'Innocent', 'Innocent', 'Innocent', 'Innocent', 'Innocent', 'Innocent', 'Innocent', 'Innocent', 'Innocent', 'Innocent', 'Innocent', 'Innocent', 'Innocent', 'Innocent', 'Innocent', 'Innocent', 'Innocent', 'Innocent', 'Innocent', 'Innocent', 'Innocent', 'Innocent', 'Innocent', 'Innocent', 'Innocent', 'Innocent', 'Innocent', 'Innocent', 'Innocent', 'Innocent', 'Innocent', 'Innocent', 'Innocent', 'Innocent', 'Innocent', 'Innocent', 'Innocent', 'Innocent', 'Innocent', 'Innocent', 'Innocent', 'Innocent', 'Innocent', 'Innocent', 'Innocent', 'Innocent', 'Innocent', 'Innocent', 'Innocent', 'Innocent', 'Innocent', 'Innocent', 'Innocent', 'Innocent', 'Innocent', 'Innocent', 'Innocent', 'Innocent', 'Innocent', 'Innocent', 'Innocent', 'Innocent', 'Innocent', 'Innocent', 'Innocent', 'Innocent', 'Innocent', 'Innocent', 'Innocent', 'Innocent', 'Innocent', 'Innocent', 'Innocent', 'Innocent', 'Innocent', 'Innocent', 'Innocent', 'Innocent', 'Innocent', 'Innocent', 'Innocent', 'Innocent', 'Innocent', 'Innocent', 'Innocent', 'Innocent', 'Innocent', 'Innocent', 'Innocent', 'Innocent', 'Innocent', 'Innocent', 'Innocent', 'Innocent', 'Innocent', 'Innocent', 'Innocent', 'Innocent', 'Innocent', 'Innocent', 'Innocent', 'Innocent', 'Innocent', 'Innocent', 'Innocent', 'Innocent', 'Innocent', 'Innocent', 'Innocent', 'Innocent', 'Innocent', 'Innocent', 'Innocent', 'Innocent', 'Innocent', 'Innocent', 'Innocent', 'Innocent', 'Innocent', 'Innocent', 'Innocent', 'Innocent', 'Innocent', 'Innocent', 'Innocent', 'Innocent', 'Innocent', 'Innocent', 'Innocent', 'Innocent', 'Innocent', 'Innocent', 'Innocent', 'Innocent', 'Innocent', 'Innocent', 'Innocent', 'Innocent', 'Innocent', 'Innocent', 'Innocent', 'Innocent', 'Innocent', 'Innocent', 'Innocent', 'Innocent', 'Innocent', 'Innocent', 'Innocent', 'Innocent', 'Innocent', 'Innocent', 'Innocent', 'Innocent', 'Innocent', 'Innocent', 'Innocent', 'Innocent', 'Innocent', 'Innocent', 'Innocent', 'Innocent', 'Innocent', 'Innocent', 'Innocent', 'Innocent', 'Innocent', 'Innocent', 'Innocent', 'Innocent', 'Innocent', 'Innocent', 'Innocent', 'Innocent', 'Innocent', 'Innocent', 'Innocent', 'Innocent', 'Innocent', 'Innocent', 'Innocent', 'Innocent', 'Innocent', 'Innocent', 'Innocent', 'Innocent', 'Innocent', 'Innocent', 'Innocent', 'Innocent', 'Innocent', 'Innocent', 'Innocent', 'Innocent', 'Innocent', 'Innocent', 'Innocent', 'Innocent', 'Innocent', 'Innocent', 'Innocent', 'Innocent', 'Innocent', 'Innocent', 'Innocent', 'Innocent', 'Innocent', 'Innocent', 'Innocent', 'Innocent', 'Innocent', 'Innocent', 'Innocent', 'Innocent', 'Innocent', 'Innocent', 'Innocent', 'Innocent', 'Innocent', 'Innocent', 'Innocent', 'Innocent', 'Innocent', 'Innocent', 'Innocent', 'Innocent', 'Innocent', 'Innocent', 'Innocent', 'Innocent', 'Innocent', 'Innocent', 'Innocent', 'Innocent', 'Innocent', 'Innocent', 'Innocent', 'Innocent', 'Innocent', 'Innocent', 'Innocent', 'Innocent', 'Innocent', 'Innocent', 'Innocent', 'Innocent', 'Innocent', 'Innocent', 'Innocent', 'Innocent', 'Innocent', 'Innocent', 'Innocent', 'Innocent', 'Innocent', 'Innocent', 'Innocent', 'Innocent', 'Innocent', 'Innocent', 'Innocent', 'Innocent', 'Innocent', 'Innocent', 'Innocent', 'Innocent', 'Innocent', 'Innocent', 'Innocent', 'Innocent', 'Innocent', 'Innocent', 'Innocent', 'Innocent', 'Innocent', 'Innocent', 'Innocent', 'Innocent', 'Innocent', 'Innocent', 'Innocent', 'Innocent', 'Innocent', 'Innocent', 'Innocent', 'Innocent', 'Innocent', 'Innocent', 'Innocent', 'Innocent', 'Innocent', 'Innocent', 'Innocent', 'Innocent', 'Innocent', 'Innocent', 'Innocent', 'Innocent', 'Innocent', 'Innocent', 'Innocent', 'Innocent', 'Innocent', 'Innocent', 'Innocent', 'Innocent', 'Innocent', 'Innocent', 'Innocent', 'Innocent', 'Innocent', 'Innocent', 'Innocent', 'Innocent', 'Innocent', 'Innocent', 'Innocent', 'Innocent', 'Innocent', 'Innocent', 'Innocent', 'Innocent', 'Innocent', 'Innocent', 'Innocent', 'Innocent', 'Innocent', 'Innocent', 'Innocent', 'Innocent', 'Innocent', 'Innocent', 'Innocent', 'Innocent', 'Innocent', 'Innocent', 'Innocent', 'Innocent', 'Innocent', 'Innocent', 'Innocent', 'Innocent', 'Innocent', 'Innocent', 'Innocent', 'Innocent', 'Innocent', 'Innocent', 'Innocent', 'Innocent', 'Innocent', 'Innocent', 'Innocent', 'Innocent', 'Innocent', 'Innocent', 'Innocent', 'Innocent', 'Innocent', 'Innocent', 'Innocent', 'Innocent', 'Innocent', 'Innocent', 'Innocent', 'Innocent', 'Innocent', 'Innocent', 'Innocent', 'Innocent', 'Innocent', 'Innocent', 'Innocent', 'Innocent', 'Innocent', 'Innocent', 'Innocent', 'Innocent', 'Innocent', 'Innocent', 'Innocent', 'Innocent', 'Innocent', 'Innocent', 'Innocent', 'Innocent', 'Innocent', 'Innocent', 'Innocent', 'Innocent', 'Innocent', 'Innocent', 'Innocent', 'Innocent', 'Innocent', 'Innocent', 'Innocent', 'Innocent', 'Innocent', 'Innocent', 'Innocent', 'Innocent', 'Innocent', 'Innocent', 'Innocent', 'Innocent', 'Innocent', 'Innocent', 'Innocent', 'Innocent', 'Innocent', 'Innocent', 'Innocent', 'Innocent', 'Innocent', 'Innocent', 'Innocent', 'Innocent', 'Innocent', 'Innocent', 'Innocent', 'Innocent', 'Innocent', 'Innocent', 'Innocent', 'Innocent', 'Innocent', 'Innocent', 'Innocent', 'Innocent', 'Innocent', 'Innocent', 'Innocent', 'Innocent', 'Innocent', 'Innocent', 'Innocent', 'Innocent', 'Innocent', 'Innocent', 'Innocent', 'Innocent', 'Innocent', 'Innocent', 'Innocent', 'Innocent', 'Innocent', 'Innocent', 'Innocent', 'Innocent', 'Innocent', 'Innocent', 'Innocent', 'Innocent', 'Innocent', 'Innocent', 'Innocent', 'Innocent', 'Innocent', 'Innocent', 'Innocent', 'Innocent', 'Innocent', 'Innocent', 'Innocent', 'Innocent', 'Innocent', 'Innocent', 'Innocent', 'Innocent', 'Innocent', 'Innocent', 'Innocent', 'Innocent', 'Innocent', 'Innocent', 'Innocent', 'Innocent', 'Innocent', 'Innocent', 'Innocent', 'Innocent', 'Innocent', 'Innocent', 'Innocent', 'Innocent', 'Innocent', 'Innocent', 'Innocent', 'Innocent', 'Innocent', 'Innocent', 'Innocent', 'Innocent', 'Innocent', 'Innocent', 'Innocent', 'Innocent', 'Innocent', 'Innocent', 'Innocent', 'Innocent', 'Innocent', 'Innocent', 'Innocent', 'Innocent', 'Innocent', 'Innocent', 'Innocent', 'Innocent', 'Innocent', 'Innocent', 'Innocent', 'Innocent', 'Innocent', 'Innocent', 'Innocent', 'Innocent', 'Innocent', 'Innocent', 'Innocent', 'Innocent', 'Innocent', 'Innocent', 'Innocent', 'Innocent', 'Innocent', 'Innocent', 'Innocent', 'Innocent', 'Innocent', 'Innocent', 'Innocent', 'Innocent', 'Innocent', 'Innocent', 'Innocent', 'Innocent', 'Innocent', 'Innocent', 'Innocent', 'Innocent', 'Innocent', 'Innocent', 'Innocent', 'Innocent', 'Innocent', 'Innocent', 'Innocent', 'Innocent', 'Innocent', 'Innocent', 'Innocent', 'Innocent', 'Innocent', 'Innocent', 'Innocent', 'Innocent', 'Innocent', 'Innocent', 'Innocent', 'Innocent', 'Innocent', 'Innocent', 'Innocent', 'Innocent', 'Innocent', 'Innocent', 'Innocent', 'Innocent', 'Innocent', 'Innocent', 'Innocent', 'Innocent', 'Innocent', 'Innocent', 'Innocent', 'Innocent', 'Innocent', 'Innocent', 'Innocent', 'Innocent', 'Innocent', 'Innocent', 'Innocent', 'Innocent', 'Innocent', 'Innocent', 'Innocent', 'Innocent', 'Innocent', 'Innocent', 'Innocent', 'Innocent', 'Innocent', 'Innocent', 'Innocent', 'Innocent', 'Innocent', 'Innocent', 'Innocent', 'Innocent', 'Innocent', 'Innocent', 'Innocent', 'Innocent', 'Innocent', 'Innocent', 'Innocent', 'Innocent', 'Innocent', 'Innocent', 'Innocent', 'Innocent', 'Innocent', 'Innocent', 'Innocent', 'Innocent', 'Innocent', 'Innocent', 'Innocent', 'Innocent', 'Innocent', 'Innocent', 'Innocent', 'Innocent', 'Innocent', 'Innocent', 'Innocent', 'Innocent', 'Innocent', 'Innocent', 'Innocent', 'Innocent', 'Innocent', 'Innocent', 'Innocent', 'Innocent', 'Innocent', 'Innocent', 'Innocent', 'Innocent', 'Innocent', 'Innocent', 'Innocent', 'Innocent', 'Innocent', 'Innocent', 'Innocent', 'Innocent', 'Innocent', 'Innocent', 'Innocent', 'Innocent', 'Innocent', 'Innocent', 'Innocent', 'Innocent', 'Innocent', 'Innocent', 'Innocent', 'Innocent', 'Innocent', 'Innocent', 'Innocent', 'Innocent', 'Innocent', 'Innocent', 'Innocent', 'Innocent', 'Innocent', 'Innocent', 'Innocent', 'Innocent', 'Innocent', 'Innocent', 'Innocent', 'Innocent', 'Innocent', 'Innocent', 'Innocent', 'Innocent', 'Innocent', 'Innocent', 'Innocent', 'Innocent', 'Innocent', 'Innocent', 'Innocent', 'Innocent', 'Innocent', 'Innocent', 'Innocent', 'Innocent', 'Innocent', 'Innocent', 'Innocent', 'Innocent', 'Innocent', 'Innocent', 'Innocent', 'Innocent', 'Innocent', 'Innocent', 'Innocent', 'Innocent', 'Innocent', 'Innocent', 'Innocent', 'Innocent', 'Innocent', 'Innocent', 'Innocent', 'Innocent', 'Innocent', 'Innocent', 'Innocent', 'Innocent', 'Innocent', 'Innocent', 'Innocent', 'Innocent', 'Innocent', 'Innocent', 'Innocent', 'Innocent', 'Innocent', 'Innocent', 'Innocent', 'Innocent', 'Innocent', 'Innocent', 'Innocent', 'Innocent', 'Innocent', 'Innocent', 'Innocent', 'Innocent', 'Innocent', 'Innocent', 'Innocent', 'Innocent', 'Innocent', 'Innocent', 'Innocent', 'Innocent', 'Innocent', 'Innocent', 'Innocent', 'Innocent', 'Innocent', 'Innocent', 'Innocent', 'Innocent', 'Innocent', 'Innocent', 'Innocent', 'Innocent', 'Innocent', 'Innocent', 'Innocent', 'Innocent', 'Innocent', 'Innocent', 'Innocent', 'Innocent', 'Innocent', 'Innocent', 'Innocent', 'Innocent', 'Innocent', 'Innocent', 'Innocent', 'Innocent', 'Innocent', 'Innocent', 'Innocent', 'Innocent', 'Innocent', 'Innocent', 'Innocent', 'Innocent', 'Innocent', 'Innocent', 'Innocent', 'Innocent', 'Innocent', 'Innocent', 'Innocent', 'Innocent', 'Innocent', 'Innocent', 'Innocent', 'Innocent', 'Innocent', 'Innocent', 'Innocent', 'Innocent', 'Innocent', 'Innocent', 'Innocent', 'Innocent', 'Innocent', 'Innocent', 'Innocent', 'Innocent', 'Innocent', 'Innocent', 'Innocent', 'Innocent', 'Innocent', 'Innocent', 'Innocent', 'Innocent', 'Innocent', 'Innocent', 'Innocent', 'Innocent', 'Innocent', 'Innocent', 'Innocent', 'Innocent', 'Innocent', 'Innocent', 'Innocent', 'Innocent', 'Innocent', 'Innocent', 'Innocent', 'Innocent', 'Innocent', 'Innocent', 'Innocent', 'Innocent', 'Innocent', 'Innocent', 'Innocent', 'Innocent', 'Innocent', 'Innocent', 'Innocent', 'Innocent', 'Innocent', 'Innocent', 'Innocent', 'Innocent', 'Innocent', 'Innocent', 'Innocent', 'Innocent', 'Innocent', 'Innocent', 'Innocent', 'Innocent', 'Innocent', 'Innocent', 'Innocent', 'Innocent', 'Innocent', 'Innocent', 'Innocent', 'Innocent', 'Innocent', 'Innocent', 'Innocent', 'Innocent', 'Innocent', 'Innocent', 'Innocent', 'Innocent', 'Innocent', 'Innocent', 'Innocent', 'Innocent', 'Innocent', 'Innocent', 'Innocent', 'Innocent', 'Innocent', 'Innocent', 'Innocent', 'Innocent', 'Innocent', 'Innocent', 'Innocent', 'Innocent', 'Innocent', 'Innocent', 'Innocent', 'Innocent', 'Innocent', 'Innocent', 'Innocent', 'Innocent', 'Innocent', 'Innocent', 'Innocent', 'Innocent', 'Innocent', 'Innocent', 'Innocent', 'Innocent', 'Innocent', 'Innocent', 'Innocent', 'Innocent', 'Innocent', 'Innocent', 'Innocent', 'Innocent', 'Innocent', 'Innocent', 'Innocent', 'Innocent', 'Innocent', 'Innocent', 'Innocent', 'Innocent', 'Innocent', 'Innocent', 'Innocent', 'Innocent', 'Innocent', 'Innocent', 'Innocent', 'Innocent', 'Innocent', 'Innocent', 'Innocent', 'Innocent', 'Innocent', 'Innocent', 'Innocent', 'Innocent', 'Innocent', 'Innocent', 'Innocent', 'Innocent', 'Innocent', 'Innocent', 'Innocent', 'Innocent', 'Innocent', 'Innocent', 'Innocent', 'Innocent', 'Innocent', 'Innocent', 'Innocent', 'Innocent', 'Innocent', 'Innocent', 'Innocent', 'Innocent', 'Innocent', 'Innocent', 'Innocent', 'Innocent', 'Innocent', 'Innocent', 'Innocent', 'Innocent', 'Innocent', 'Innocent', 'Innocent', 'Innocent', 'Innocent', 'Innocent', 'Innocent', 'Innocent', 'Innocent', 'Innocent', 'Innocent', 'Innocent', 'Innocent', 'Innocent', 'Innocent', 'Innocent', 'Innocent', 'Innocent', 'Innocent', 'Innocent', 'Innocent', 'Innocent', 'Innocent', 'Innocent', 'Innocent', 'Innocent', 'Innocent', 'Innocent', 'Innocent', 'Innocent', 'Innocent', 'Innocent', 'Innocent', 'Innocent', 'Innocent', 'Innocent', 'Innocent', 'Innocent', 'Innocent', 'Innocent', 'Innocent', 'Innocent', 'Innocent', 'Innocent', 'Innocent', 'Innocent', 'Innocent', 'Innocent', 'Innocent', 'Innocent', 'Innocent', 'Innocent', 'Innocent', 'Innocent', 'Innocent', 'Innocent', 'Innocent', 'Innocent', 'Innocent', 'Innocent', 'Innocent', 'Innocent', 'Innocent', 'Innocent', 'Innocent', 'Innocent', 'Innocent', 'Innocent', 'Innocent', 'Innocent', 'Innocent', 'Innocent', 'Innocent', 'Innocent', 'Innocent', 'Innocent', 'Innocent', 'Innocent', 'Innocent', 'Innocent', 'Innocent', 'Innocent', 'Innocent', 'Innocent', 'Innocent', 'Innocent', 'Innocent', 'Innocent', 'Innocent', 'Innocent', 'Innocent', 'Innocent', 'Innocent', 'Innocent', 'Innocent', 'Innocent', 'Innocent', 'Innocent', 'Innocent', 'Innocent', 'Innocent', 'Innocent', 'Innocent', 'Innocent', 'Innocent', 'Innocent', 'Innocent', 'Innocent', 'Innocent', 'Innocent', 'Innocent', 'Innocent', 'Innocent', 'Innocent', 'Innocent', 'Innocent', 'Innocent', 'Innocent', 'Innocent', 'Innocent', 'Innocent', 'Innocent', 'Innocent', 'Innocent', 'Innocent', 'Innocent', 'Innocent', 'Innocent', 'Innocent', 'Innocent', 'Innocent', 'Innocent', 'Innocent', 'Innocent', 'Innocent', 'Innocent', 'Innocent', 'Innocent', 'Innocent', 'Innocent', 'Innocent', 'Innocent', 'Innocent', 'Innocent', 'Innocent', 'Innocent', 'Innocent', 'Innocent', 'Innocent', 'Innocent', 'Innocent', 'Innocent', 'Innocent', 'Innocent', 'Innocent', 'Innocent', 'Innocent', 'Innocent', 'Innocent', 'Innocent', 'Innocent', 'Innocent', 'Innocent', 'Innocent', 'Innocent', 'Innocent', 'Innocent', 'Innocent', 'Innocent', 'Innocent', 'Innocent', 'Innocent', 'Innocent', 'Innocent', 'Innocent', 'Innocent', 'Innocent', 'Innocent', 'Innocent', 'Innocent', 'Innocent', 'Innocent', 'Innocent', 'Innocent', 'Innocent', 'Innocent', 'Innocent', 'Innocent', 'Innocent', 'Innocent', 'Innocent', 'Innocent', 'Innocent', 'Innocent', 'Innocent', 'Innocent', 'Innocent', 'Innocent', 'Innocent', 'Innocent', 'Innocent', 'Innocent', 'Innocent', 'Innocent', 'Innocent', 'Innocent', 'Innocent', 'Innocent', 'Innocent', 'Innocent', 'Innocent', 'Innocent', 'Innocent', 'Innocent', 'Innocent', 'Innocent', 'Innocent', 'Innocent', 'Innocent', 'Innocent', 'Innocent', 'Innocent', 'Innocent', 'Innocent', 'Innocent', 'Innocent', 'Innocent', 'Innocent', 'Innocent', 'Innocent', 'Innocent', 'Innocent', 'Innocent', 'Innocent', 'Innocent', 'Innocent', 'Innocent', 'Innocent', 'Innocent', 'Innocent', 'Innocent', 'Innocent', 'Innocent', 'Innocent', 'Innocent', 'Innocent', 'Innocent', 'Innocent', 'Innocent', 'Innocent', 'Innocent', 'Innocent', 'Innocent', 'Innocent', 'Innocent', 'Innocent', 'Innocent', 'Innocent', 'Innocent', 'Innocent', 'Innocent', 'Innocent', 'Innocent', 'Innocent', 'Innocent', 'Innocent', 'Innocent', 'Innocent', 'Innocent', 'Innocent', 'Innocent', 'Innocent', 'Innocent', 'Innocent', 'Innocent', 'Innocent', 'Innocent', 'Innocent', 'Innocent', 'Innocent', 'Innocent', 'Innocent', 'Innocent', 'Innocent', 'Innocent', 'Innocent', 'Innocent', 'Innocent', 'Innocent', 'Innocent', 'Innocent', 'Innocent', 'Innocent', 'Innocent', 'Innocent', 'Innocent', 'Innocent', 'Innocent', 'Innocent', 'Innocent', 'Innocent', 'Innocent', 'Innocent', 'Innocent', 'Innocent', 'Innocent', 'Innocent', 'Innocent', 'Innocent', 'Innocent', 'Innocent', 'Innocent', 'Innocent', 'Innocent', 'Innocent', 'Innocent', 'Innocent', 'Innocent', 'Innocent', 'Innocent', 'Innocent', 'Innocent', 'Innocent', 'Innocent', 'Innocent', 'Innocent', 'Innocent', 'Innocent', 'Innocent', 'Innocent', 'Innocent', 'Innocent', 'Innocent', 'Innocent', 'Innocent', 'Innocent', 'Innocent', 'Innocent', 'Innocent', 'Innocent', 'Innocent', 'Innocent', 'Innocent', 'Innocent', 'Innocent', 'Innocent', 'Innocent', 'Innocent', 'Innocent', 'Innocent', 'Innocent', 'Innocent', 'Innocent', 'Innocent', 'Innocent', 'Innocent', 'Innocent', 'Innocent', 'Innocent', 'Innocent', 'Innocent', 'Innocent', 'Innocent', 'Innocent', 'Innocent', 'Innocent', 'Innocent', 'Innocent', 'Innocent', 'Innocent', 'Innocent', 'Innocent', 'Innocent', 'Innocent', 'Innocent', 'Innocent', 'Innocent', 'Innocent', 'Innocent', 'Innocent', 'Innocent', 'Innocent', 'Innocent', 'Innocent', 'Innocent', 'Innocent', 'Innocent', 'Innocent', 'Innocent', 'Innocent', 'Innocent', 'Innocent', 'Innocent', 'Innocent', 'Innocent', 'Innocent', 'Innocent', 'Innocent', 'Innocent', 'Innocent', 'Innocent', 'Innocent', 'Innocent', 'Innocent', 'Innocent', 'Innocent', 'Innocent', 'Innocent', 'Innocent', 'Innocent', 'Innocent', 'Innocent', 'Innocent', 'Innocent', 'Innocent', 'Innocent', 'Innocent', 'Innocent', 'Innocent', 'Innocent', 'Innocent', 'Innocent', 'Innocent', 'Innocent', 'Innocent', 'Innocent', 'Innocent', 'Innocent', 'Innocent', 'Innocent', 'Innocent', 'Innocent', 'Innocent', 'Innocent', 'Innocent', 'Innocent', 'Innocent', 'Innocent', 'Innocent', 'Innocent', 'Innocent', 'Innocent', 'Innocent', 'Innocent', 'Innocent', 'Innocent', 'Innocent', 'Innocent', 'Innocent', 'Innocent', 'Innocent', 'Innocent', 'Innocent', 'Innocent', 'Innocent', 'Innocent', 'Innocent', 'Innocent', 'Innocent', 'Innocent', 'Innocent', 'Innocent', 'Innocent', 'Innocent', 'Innocent', 'Innocent', 'Innocent', 'Innocent', 'Innocent', 'Innocent', 'Innocent', 'Innocent', 'Innocent', 'Innocent', 'Innocent', 'Innocent', 'Innocent', 'Innocent', 'Innocent', 'Innocent', 'Innocent', 'Innocent', 'Innocent', 'Innocent', 'Innocent', 'Innocent', 'Innocent', 'Innocent', 'Innocent', 'Innocent', 'Innocent', 'Innocent', 'Innocent', 'Innocent', 'Innocent', 'Innocent', 'Innocent', 'Innocent', 'Innocent', 'Innocent', 'Innocent', 'Innocent', 'Innocent', 'Innocent', 'Innocent', 'Innocent', 'Innocent', 'Innocent', 'Innocent', 'Innocent', 'Innocent', 'Innocent', 'Innocent', 'Innocent', 'Innocent', 'Innocent', 'Innocent', 'Innocent', 'Innocent', 'Innocent', 'Innocent', 'Innocent', 'Innocent', 'Innocent', 'Innocent', 'Innocent', 'Innocent', 'Innocent', 'Innocent', 'Innocent', 'Innocent', 'Innocent', 'Innocent', 'Innocent', 'Innocent', 'Innocent', 'Innocent', 'Innocent', 'Innocent', 'Innocent', 'Innocent', 'Innocent', 'Innocent', 'Innocent', 'Innocent', 'Innocent', 'Innocent', 'Innocent', 'Innocent', 'Innocent', 'Innocent', 'Innocent', 'Innocent', 'Innocent', 'Innocent', 'Innocent', 'Innocent', 'Innocent', 'Innocent', 'Innocent', 'Innocent', 'Innocent', 'Innocent', 'Innocent', 'Innocent', 'Innocent', 'Innocent', 'Innocent', 'Innocent', 'Innocent', 'Innocent', 'Innocent', 'Innocent', 'Innocent', 'Innocent', 'Innocent', 'Innocent', 'Innocent', 'Innocent', 'Innocent', 'Innocent', 'Innocent', 'Innocent', 'Innocent', 'Innocent', 'Innocent', 'Innocent', 'Innocent', 'Innocent', 'Innocent', 'Innocent', 'Innocent', 'Innocent', 'Innocent', 'Innocent', 'Innocent', 'Innocent', 'Innocent', 'Innocent', 'Innocent', 'Innocent', 'Innocent', 'Innocent', 'Innocent', 'Innocent', 'Innocent', 'Innocent', 'Innocent', 'Innocent', 'Innocent', 'Innocent', 'Innocent', 'Innocent', 'Innocent', 'Innocent', 'Innocent', 'Innocent', 'Innocent', 'Innocent', 'Innocent', 'Innocent', 'Innocent', 'Innocent', 'Innocent', 'Innocent', 'Innocent', 'Innocent', 'Innocent', 'Innocent', 'Innocent', 'Innocent', 'Innocent', 'Innocent', 'Innocent', 'Innocent', 'Innocent', 'Innocent', 'Innocent', 'Innocent', 'Innocent', 'Innocent', 'Innocent', 'Innocent', 'Innocent', 'Innocent', 'Innocent', 'Innocent', 'Innocent', 'Innocent', 'Innocent', 'Innocent', 'Innocent', 'Innocent', 'Innocent', 'Innocent', 'Innocent', 'Innocent', 'Innocent', 'Innocent', 'Innocent', 'Innocent', 'Innocent', 'Innocent', 'Innocent', 'Innocent', 'Innocent', 'Innocent', 'Innocent', 'Innocent', 'Innocent', 'Innocent', 'Innocent', 'Innocent', 'Innocent', 'Innocent', 'Innocent', 'Innocent', 'Innocent', 'Innocent', 'Innocent', 'Innocent', 'Innocent', 'Innocent', 'Innocent', 'Innocent', 'Innocent', 'Innocent', 'Innocent', 'Innocent', 'Innocent', 'Innocent', 'Innocent', 'Innocent', 'Innocent', 'Innocent', 'Innocent', 'Innocent', 'Innocent', 'Innocent', 'Innocent', 'Innocent', 'Innocent', 'Innocent', 'Innocent', 'Innocent', 'Innocent', 'Innocent', 'Innocent', 'Innocent', 'Innocent', 'Innocent', 'Innocent', 'Innocent', 'Innocent', 'Innocent', 'Innocent', 'Innocent', 'Innocent', 'Innocent', 'Innocent', 'Innocent', 'Innocent', 'Innocent', 'Innocent', 'Innocent', 'Innocent', 'Innocent', 'Innocent', 'Innocent', 'Innocent', 'Innocent', 'Innocent', 'Innocent', 'Innocent', 'Innocent', 'Innocent', 'Innocent', 'Innocent', 'Innocent', 'Innocent', 'Innocent', 'Innocent', 'Innocent', 'Innocent', 'Innocent', 'Innocent', 'Innocent', 'Innocent', 'Innocent', 'Innocent', 'Innocent', 'Innocent', 'Innocent', 'Innocent', 'Innocent', 'Innocent', 'Innocent', 'Innocent', 'Innocent', 'Innocent', 'Innocent', 'Innocent', 'Innocent', 'Innocent', 'Innocent', 'Innocent', 'Innocent', 'Innocent', 'Innocent', 'Innocent', 'Innocent', 'Innocent', 'Innocent', 'Innocent', 'Innocent', 'Innocent', 'Innocent', 'Innocent', 'Innocent', 'Innocent', 'Innocent', 'Innocent', 'Innocent', 'Innocent', 'Innocent', 'Innocent', 'Innocent', 'Innocent', 'Innocent', 'Innocent', 'Innocent', 'Innocent', 'Innocent', 'Innocent', 'Innocent', 'Innocent', 'Innocent', 'Innocent', 'Innocent', 'Innocent', 'Innocent', 'Innocent', 'Innocent', 'Innocent', 'Innocent', 'Innocent', 'Innocent', 'Innocent', 'Innocent', 'Innocent', 'Innocent', 'Innocent', 'Innocent', 'Innocent', 'Innocent', 'Innocent', 'Innocent', 'Innocent', 'Innocent', 'Innocent', 'Innocent', 'Innocent', 'Innocent', 'Innocent', 'Innocent', 'Innocent', 'Innocent', 'Innocent', 'Innocent', 'Innocent', 'Innocent', 'Innocent', 'Innocent', 'Innocent', 'Innocent', 'Innocent', 'Innocent', 'Innocent', 'Innocent', 'Innocent', 'Innocent', 'Innocent', 'Innocent', 'Innocent', 'Innocent', 'Innocent', 'Innocent', 'Innocent', 'Innocent', 'Innocent', 'Innocent', 'Innocent', 'Innocent', 'Innocent', 'Innocent', 'Innocent', 'Innocent', 'Innocent', 'Innocent', 'Innocent', 'Innocent', 'Innocent', 'Innocent', 'Innocent', 'Innocent', 'Innocent', 'Innocent', 'Innocent', 'Innocent', 'Innocent', 'Innocent', 'Innocent', 'Innocent', 'Innocent', 'Innocent', 'Innocent', 'Innocent', 'Innocent', 'Innocent', 'Innocent', 'Innocent', 'Innocent', 'Innocent', 'Innocent', 'Innocent', 'Innocent', 'Innocent', 'Innocent', 'Innocent', 'Innocent', 'Innocent', 'Innocent', 'Innocent', 'Innocent', 'Innocent', 'Innocent', 'Innocent', 'Innocent', 'Innocent', 'Innocent', 'Innocent', 'Innocent', 'Innocent', 'Innocent', 'Innocent', 'Innocent', 'Innocent', 'Innocent', 'Innocent', 'Innocent', 'Innocent', 'Innocent', 'Innocent', 'Innocent', 'Innocent', 'Innocent', 'Innocent', 'Innocent', 'Innocent', 'Innocent', 'Innocent', 'Innocent', 'Innocent', 'Innocent', 'Innocent', 'Innocent', 'Innocent', 'Innocent', 'Innocent', 'Innocent', 'Innocent', 'Innocent', 'Innocent', 'Innocent', 'Innocent', 'Innocent', 'Innocent', 'Innocent', 'Innocent', 'Innocent', 'Innocent', 'Innocent', 'Innocent', 'Innocent', 'Innocent', 'Innocent', 'Innocent', 'Innocent', 'Innocent', 'Innocent', 'Innocent', 'Innocent', 'Innocent', 'Innocent', 'Innocent', 'Innocent', 'Innocent', 'Innocent', 'Innocent', 'Innocent', 'Innocent', 'Innocent', 'Innocent', 'Innocent', 'Innocent', 'Innocent', 'Innocent', 'Innocent', 'Innocent', 'Innocent', 'Innocent', 'Innocent', 'Innocent', 'Innocent', 'Innocent', 'Innocent', 'Innocent', 'Innocent', 'Innocent', 'Innocent', 'Innocent', 'Innocent', 'Innocent', 'Innocent', 'Innocent', 'Innocent', 'Innocent', 'Innocent', 'Innocent', 'Innocent', 'Innocent', 'Innocent', 'Innocent', 'Innocent', 'Innocent', 'Innocent', 'Innocent', 'Innocent', 'Innocent', 'Innocent', 'Innocent', 'Innocent', 'Innocent', 'Innocent', 'Innocent', 'Innocent', 'Innocent', 'Innocent', 'Innocent', 'Innocent', 'Innocent', 'Innocent', 'Innocent', 'Innocent', 'Innocent', 'Innocent', 'Innocent', 'Innocent', 'Innocent', 'Innocent', 'Innocent', 'Innocent', 'Innocent', 'Innocent', 'Innocent', 'Innocent', 'Innocent', 'Innocent', 'Innocent', 'Innocent', 'Innocent', 'Innocent', 'Innocent', 'Innocent', 'Innocent', 'Innocent', 'Innocent', 'Innocent', 'Innocent', 'Innocent', 'Innocent', 'Innocent', 'Innocent', 'Innocent', 'Innocent', 'Innocent', 'Innocent', 'Innocent', 'Innocent', 'Innocent', 'Innocent', 'Innocent', 'Innocent', 'Innocent', 'Innocent', 'Innocent', 'Innocent', 'Innocent', 'Innocent', 'Innocent', 'Innocent', 'Innocent', 'Innocent', 'Innocent', 'Innocent', 'Innocent', 'Innocent', 'Innocent', 'Innocent', 'Innocent', 'Innocent', 'Innocent', 'Innocent', 'Innocent', 'Innocent', 'Innocent', 'Innocent', 'Innocent', 'Innocent', 'Innocent', 'Innocent', 'Innocent', 'Innocent', 'Innocent', 'Innocent', 'Innocent', 'Innocent', 'Innocent', 'Innocent', 'Innocent', 'Innocent', 'Innocent', 'Innocent', 'Innocent', 'Innocent', 'Innocent', 'Innocent', 'Innocent', 'Innocent', 'Innocent', 'Innocent', 'Innocent', 'Innocent', 'Innocent', 'Innocent', 'Innocent', 'Innocent', 'Innocent', 'Innocent', 'Innocent', 'Innocent', 'Innocent', 'Innocent', 'Innocent', 'Innocent', 'Innocent', 'Innocent', 'Innocent', 'Innocent', 'Innocent', 'Innocent', 'Innocent', 'Innocent', 'Innocent', 'Innocent', 'Innocent', 'Innocent', 'Innocent', 'Innocent', 'Innocent', 'Innocent', 'Innocent', 'Innocent', 'Innocent', 'Innocent', 'Innocent', 'Innocent', 'Innocent', 'Innocent', 'Innocent', 'Innocent', 'Innocent', 'Innocent', 'Innocent', 'Innocent', 'Innocent', 'Innocent', 'Innocent', 'Innocent', 'Innocent', 'Innocent', 'Innocent', 'Innocent', 'Innocent', 'Innocent', 'Innocent', 'Innocent', 'Innocent', 'Innocent', 'Innocent', 'Innocent', 'Innocent', 'Innocent', 'Innocent', 'Innocent', 'Innocent', 'Innocent', 'Innocent', 'Innocent', 'Innocent', 'Innocent', 'Innocent', 'Innocent', 'Innocent', 'Innocent', 'Innocent', 'Innocent', 'Innocent', 'Innocent', 'Innocent', 'Innocent', 'Innocent', 'Innocent', 'Innocent', 'Innocent', 'Innocent', 'Innocent', 'Innocent', 'Innocent', 'Innocent', 'Innocent', 'Innocent', 'Innocent', 'Innocent', 'Innocent', 'Innocent', 'Innocent', 'Innocent', 'Innocent', 'Innocent', 'Innocent', 'Innocent', 'Innocent', 'Innocent', 'Innocent', 'Innocent', 'Innocent', 'Innocent', 'Innocent', 'Innocent', 'Innocent', 'Innocent', 'Innocent', 'Innocent', 'Innocent', 'Innocent', 'Innocent', 'Innocent', 'Innocent', 'Innocent', 'Innocent', 'Innocent', 'Innocent', 'Innocent', 'Innocent', 'Innocent', 'Innocent', 'Innocent', 'Innocent', 'Innocent', 'Innocent', 'Innocent', 'Innocent', 'Innocent', 'Innocent', 'Innocent', 'Innocent', 'Innocent', 'Innocent', 'Innocent', 'Innocent', 'Innocent', 'Innocent', 'Innocent', 'Innocent', 'Innocent', 'Innocent', 'Innocent', 'Innocent', 'Innocent', 'Innocent', 'Innocent', 'Innocent', 'Innocent', 'Innocent', 'Innocent', 'Innocent', 'Innocent', 'Innocent', 'Innocent', 'Innocent', 'Innocent', 'Innocent', 'Innocent', 'Innocent', 'Innocent', 'Innocent', 'Innocent', 'Innocent', 'Innocent', 'Innocent', 'Innocent', 'Innocent', 'Innocent', 'Innocent', 'Innocent', 'Innocent', 'Innocent', 'Innocent', 'Innocent', 'Innocent', 'Innocent', 'Innocent', 'Innocent', 'Innocent', 'Innocent', 'Innocent', 'Innocent', 'Innocent', 'Innocent', 'Innocent', 'Innocent', 'Innocent', 'Innocent', 'Innocent', 'Innocent', 'Innocent', 'Innocent', 'Innocent', 'Innocent', 'Innocent', 'Innocent', 'Innocent', 'Innocent', 'Innocent', 'Innocent', 'Innocent', 'Innocent', 'Innocent', 'Innocent', 'Innocent', 'Innocent', 'Innocent', 'Innocent', 'Innocent', 'Innocent', 'Innocent', 'Innocent', 'Innocent', 'Innocent', 'Innocent', 'Innocent', 'Innocent', 'Innocent', 'Innocent', 'Innocent', 'Innocent', 'Innocent', 'Innocent', 'Innocent', 'Innocent', 'Innocent', 'Innocent', 'Innocent', 'Innocent', 'Innocent', 'Innocent', 'Innocent', 'Innocent', 'Innocent', 'Innocent', 'Innocent', 'Innocent', 'Innocent', 'Innocent', 'Innocent', 'Innocent', 'Innocent', 'Innocent', 'Innocent', 'Innocent', 'Innocent', 'Innocent', 'Innocent', 'Innocent', 'Innocent', 'Innocent', 'Innocent', 'Innocent', 'Innocent', 'Innocent', 'Innocent', 'Innocent', 'Innocent', 'Innocent', 'Innocent', 'Innocent', 'Innocent', 'Innocent', 'Innocent', 'Innocent', 'Innocent', 'Innocent', 'Innocent', 'Innocent', 'Innocent', 'Innocent', 'Innocent', 'Innocent', 'Innocent', 'Innocent', 'Innocent', 'Innocent', 'Innocent', 'Innocent', 'Innocent', 'Innocent', 'Innocent', 'Innocent', 'Innocent', 'Innocent', 'Innocent', 'Innocent', 'Innocent', 'Innocent', 'Innocent', 'Innocent', 'Innocent', 'Innocent', 'Innocent', 'Innocent', 'Innocent', 'Innocent', 'Innocent', 'Innocent', 'Innocent', 'Innocent', 'Innocent', 'Innocent', 'Innocent', 'Innocent', 'Innocent', 'Innocent', 'Innocent', 'Innocent', 'Innocent', 'Innocent', 'Innocent', 'Innocent', 'Innocent', 'Innocent', 'Innocent', 'Innocent', 'Innocent', 'Innocent', 'Innocent', 'Innocent', 'Innocent', 'Innocent', 'Innocent', 'Innocent', 'Innocent', 'Innocent', 'Innocent', 'Innocent', 'Innocent', 'Innocent', 'Innocent', 'Innocent', 'Innocent', 'Innocent', 'Innocent', 'Innocent', 'Innocent', 'Innocent', 'Innocent', 'Innocent', 'Innocent', 'Innocent', 'Innocent', 'Innocent', 'Innocent', 'Innocent', 'Innocent', 'Innocent', 'Innocent', 'Innocent', 'Innocent', 'Innocent', 'Innocent', 'Innocent', 'Innocent', 'Innocent', 'Innocent', 'Innocent', 'Innocent', 'Innocent', 'Innocent', 'Innocent', 'Innocent', 'Innocent', 'Innocent', 'Innocent', 'Innocent', 'Innocent', 'Innocent', 'Innocent', 'Innocent', 'Innocent', 'Innocent', 'Innocent', 'Innocent', 'Innocent', 'Innocent', 'Innocent', 'Innocent', 'Innocent', 'Innocent', 'Innocent', 'Innocent', 'Innocent', 'Innocent', 'Innocent', 'Innocent', 'Innocent', 'Innocent', 'Innocent', 'Innocent', 'Innocent', 'Innocent', 'Innocent', 'Innocent', 'Innocent', 'Innocent', 'Innocent', 'Innocent', 'Innocent', 'Innocent', 'Innocent', 'Innocent', 'Innocent', 'Innocent', 'Innocent', 'Innocent', 'Innocent', 'Innocent', 'Innocent', 'Innocent', 'Innocent', 'Innocent', 'Innocent', 'Innocent', 'Innocent', 'Innocent', 'Innocent', 'Innocent', 'Innocent', 'Innocent', 'Innocent', 'Innocent', 'Innocent', 'Innocent', 'Innocent', 'Innocent', 'Innocent', 'Innocent', 'Innocent', 'Innocent', 'Innocent', 'Innocent', 'Innocent', 'Innocent', 'Innocent', 'Innocent', 'Innocent', 'Innocent', 'Innocent', 'Innocent', 'Innocent', 'Innocent', 'Innocent', 'Innocent', 'Innocent', 'Innocent', 'Innocent', 'Innocent', 'Innocent', 'Innocent', 'Innocent', 'Innocent', 'Innocent', 'Innocent', 'Innocent', 'Innocent', 'Innocent', 'Innocent', 'Innocent', 'Innocent', 'Innocent', 'Innocent', 'Innocent', 'Innocent', 'Innocent', 'Innocent', 'Innocent', 'Innocent', 'Innocent', 'Innocent', 'Innocent', 'Innocent', 'Innocent', 'Innocent', 'Innocent', 'Innocent', 'Innocent', 'Innocent', 'Innocent', 'Innocent', 'Innocent', 'Innocent', 'Innocent', 'Innocent', 'Innocent', 'Innocent', 'Innocent', 'Innocent', 'Innocent', 'Innocent', 'Innocent', 'Innocent', 'Innocent', 'Innocent', 'Innocent', 'Innocent', 'Innocent', 'Innocent', 'Innocent', 'Innocent', 'Innocent', 'Innocent', 'Innocent', 'Innocent', 'Innocent', 'Innocent', 'Innocent', 'Innocent', 'Innocent', 'Innocent', 'Innocent', 'Innocent', 'Innocent', 'Innocent', 'Innocent', 'Innocent', 'Innocent', 'Innocent', 'Innocent', 'Innocent', 'Innocent', 'Innocent', 'Innocent', 'Innocent', 'Innocent', 'Innocent', 'Innocent', 'Innocent', 'Innocent', 'Innocent', 'Innocent', 'Innocent', 'Innocent', 'Innocent', 'Innocent', 'Innocent', 'Innocent', 'Innocent', 'Innocent', 'Innocent', 'Innocent', 'Innocent', 'Innocent', 'Innocent', 'Innocent', 'Innocent', 'Innocent', 'Innocent', 'Innocent', 'Innocent', 'Innocent', 'Innocent', 'Innocent', 'Innocent', 'Innocent', 'Innocent', 'Innocent', 'Innocent', 'Innocent', 'Innocent', 'Innocent', 'Innocent', 'Innocent', 'Innocent', 'Innocent', 'Innocent', 'Innocent', 'Innocent', 'Innocent', 'Innocent', 'Innocent', 'Innocent', 'Innocent', 'Innocent', 'Innocent', 'Innocent', 'Innocent', 'Innocent', 'Innocent', 'Innocent', 'Innocent', 'Innocent', 'Innocent', 'Innocent', 'Innocent', 'Innocent', 'Innocent', 'Innocent', 'Innocent', 'Innocent', 'Innocent', 'Innocent', 'Innocent', 'Innocent', 'Innocent', 'Innocent', 'Innocent', 'Innocent', 'Innocent', 'Innocent', 'Innocent', 'Innocent', 'Innocent', 'Innocent', 'Innocent', 'Innocent', 'Innocent', 'Innocent', 'Innocent', 'Innocent', 'Innocent', 'Innocent', 'Innocent', 'Innocent', 'Innocent', 'Innocent', 'Innocent', 'Innocent', 'Innocent', 'Innocent', 'Innocent', 'Innocent', 'Innocent', 'Innocent', 'Innocent', 'Innocent', 'Innocent', 'Innocent', 'Innocent', 'Innocent', 'Innocent', 'Innocent', 'Innocent', 'Innocent', 'Innocent', 'Innocent', 'Innocent', 'Innocent', 'Innocent', 'Innocent', 'Innocent', 'Innocent', 'Innocent', 'Innocent', 'Innocent', 'Innocent', 'Innocent', 'Innocent', 'Innocent', 'Innocent', 'Innocent', 'Innocent', 'Innocent', 'Innocent', 'Innocent', 'Innocent', 'Innocent', 'Innocent', 'Innocent', 'Innocent', 'Innocent', 'Innocent', 'Innocent', 'Innocent', 'Innocent', 'Innocent', 'Innocent', 'Innocent', 'Innocent', 'Innocent', 'Innocent', 'Innocent', 'Innocent', 'Innocent', 'Innocent', 'Innocent', 'Innocent', 'Innocent', 'Innocent', 'Innocent', 'Innocent', 'Innocent', 'Innocent', 'Innocent', 'Innocent', 'Innocent', 'Innocent', 'Innocent', 'Innocent', 'Innocent', 'Innocent', 'Innocent', 'Innocent', 'Innocent', 'Innocent', 'Innocent', 'Innocent', 'Innocent', 'Innocent', 'Innocent', 'Innocent', 'Innocent', 'Innocent', 'Innocent', 'Innocent', 'Innocent', 'Innocent', 'Innocent', 'Innocent', 'Innocent', 'Innocent', 'Innocent', 'Innocent', 'Innocent', 'Innocent', 'Innocent', 'Innocent', 'Innocent', 'Innocent', 'Innocent', 'Innocent', 'Innocent', 'Innocent', 'Innocent', 'Innocent', 'Innocent', 'Innocent', 'Innocent', 'Innocent', 'Innocent', 'Innocent', 'Innocent', 'Innocent', 'Innocent', 'Innocent', 'Innocent', 'Innocent', 'Innocent', 'Innocent', 'Innocent', 'Innocent', 'Innocent', 'Innocent', 'Innocent', 'Innocent', 'Innocent', 'Innocent', 'Innocent', 'Innocent', 'Innocent', 'Innocent', 'Innocent', 'Innocent', 'Innocent', 'Innocent', 'Innocent', 'Innocent', 'Innocent', 'Innocent', 'Innocent', 'Innocent', 'Innocent', 'Innocent', 'Innocent', 'Innocent', 'Innocent', 'Innocent', 'Innocent', 'Innocent', 'Innocent', 'Innocent', 'Innocent', 'Innocent', 'Innocent', 'Innocent', 'Innocent', 'Innocent', 'Innocent', 'Innocent', 'Innocent', 'Innocent', 'Innocent', 'Innocent', 'Innocent', 'Innocent', 'Innocent', 'Innocent', 'Innocent', 'Innocent', 'Innocent', 'Innocent', 'Innocent', 'Innocent', 'Innocent', 'Innocent', 'Innocent', 'Innocent', 'Innocent', 'Innocent', 'Innocent', 'Innocent', 'Innocent', 'Innocent', 'Innocent', 'Innocent', 'Innocent', 'Innocent', 'Innocent', 'Innocent', 'Innocent', 'Innocent', 'Innocent', 'Innocent', 'Innocent', 'Innocent', 'Innocent', 'Innocent', 'Innocent', 'Innocent', 'Innocent', 'Innocent', 'Innocent', 'Innocent', 'Innocent', 'Innocent', 'Innocent', 'Innocent', 'Innocent', 'Innocent', 'Innocent', 'Innocent', 'Innocent', 'Innocent', 'Innocent', 'Innocent', 'Innocent', 'Innocent', 'Innocent', 'Innocent', 'Innocent', 'Innocent', 'Innocent', 'Innocent', 'Innocent', 'Innocent', 'Innocent', 'Innocent', 'Innocent', 'Innocent', 'Innocent', 'Innocent', 'Innocent', 'Innocent', 'Innocent', 'Innocent', 'Innocent', 'Innocent', 'Innocent', 'Innocent', 'Innocent', 'Innocent', 'Innocent', 'Innocent', 'Innocent', 'Innocent', 'Innocent', 'Innocent', 'Innocent', 'Innocent', 'Innocent', 'Innocent', 'Innocent', 'Innocent', 'Innocent', 'Innocent', 'Innocent', 'Innocent', 'Innocent', 'Innocent', 'Innocent', 'Innocent', 'Innocent', 'Innocent', 'Innocent', 'Innocent', 'Innocent', 'Innocent', 'Innocent', 'Innocent', 'Innocent', 'Innocent', 'Innocent', 'Innocent', 'Innocent', 'Innocent', 'Innocent', 'Innocent', 'Innocent', 'Innocent', 'Innocent', 'Innocent', 'Innocent', 'Innocent', 'Innocent', 'Innocent', 'Innocent', 'Innocent', 'Innocent', 'Innocent', 'Innocent', 'Innocent', 'Innocent', 'Innocent', 'Innocent', 'Innocent', 'Innocent', 'Innocent', 'Innocent', 'Innocent', 'Innocent', 'Innocent', 'Innocent', 'Innocent', 'Innocent', 'Innocent', 'Innocent', 'Innocent', 'Innocent', 'Innocent', 'Innocent', 'Innocent', 'Innocent', 'Innocent', 'Innocent', 'Innocent', 'Innocent', 'Innocent', 'Innocent', 'Innocent', 'Innocent', 'Innocent', 'Innocent', 'Innocent', 'Innocent', 'Innocent', 'Innocent', 'Innocent', 'Innocent', 'Innocent', 'Innocent', 'Innocent', 'Innocent', 'Innocent', 'Innocent', 'Innocent', 'Innocent', 'Innocent', 'Innocent', 'Innocent', 'Innocent', 'Innocent', 'Innocent', 'Innocent', 'Innocent', 'Innocent', 'Innocent', 'Innocent', 'Innocent', 'Innocent', 'Innocent', 'Innocent', 'Innocent', 'Innocent', 'Innocent', 'Innocent', 'Innocent', 'Innocent', 'Innocent', 'Innocent', 'Innocent', 'Innocent', 'Innocent', 'Innocent', 'Innocent', 'Innocent', 'Innocent', 'Innocent', 'Innocent', 'Innocent', 'Innocent', 'Innocent', 'Innocent', 'Innocent', 'Innocent', 'Innocent', 'Innocent', 'Innocent', 'Innocent', 'Innocent', 'Innocent', 'Innocent', 'Innocent', 'Innocent', 'Innocent', 'Innocent', 'Innocent', 'Innocent', 'Innocent', 'Innocent', 'Innocent', 'Innocent', 'Innocent', 'Innocent', 'Innocent', 'Innocent', 'Innocent', 'Innocent', 'Innocent', 'Innocent', 'Innocent', 'Innocent', 'Innocent', 'Innocent', 'Innocent', 'Innocent', 'Innocent', 'Innocent', 'Innocent', 'Innocent', 'Innocent', 'Innocent', 'Innocent', 'Innocent', 'Innocent', 'Innocent', 'Innocent', 'Innocent', 'Innocent', 'Innocent', 'Innocent', 'Innocent', 'Innocent', 'Innocent', 'Innocent', 'Innocent', 'Innocent', 'Innocent', 'Innocent', 'Innocent', 'Innocent', 'Innocent', 'Innocent', 'Innocent', 'Innocent', 'Innocent', 'Innocent', 'Innocent', 'Innocent', 'Innocent', 'Innocent', 'Innocent', 'Innocent', 'Innocent', 'Innocent', 'Innocent', 'Innocent', 'Innocent', 'Innocent', 'Innocent', 'Innocent', 'Innocent', 'Innocent', 'Innocent', 'Innocent', 'Innocent', 'Innocent', 'Innocent', 'Innocent', 'Innocent', 'Innocent', 'Innocent', 'Innocent', 'Innocent', 'Innocent', 'Innocent', 'Innocent', 'Innocent', 'Innocent', 'Innocent', 'Innocent', 'Innocent', 'Innocent', 'Innocent', 'Innocent', 'Innocent', 'Innocent', 'Innocent', 'Innocent', 'Innocent', 'Innocent', 'Innocent', 'Innocent', 'Innocent', 'Innocent', 'Innocent', 'Innocent', 'Innocent', 'Innocent', 'Innocent', 'Innocent', 'Innocent', 'Innocent', 'Innocent', 'Innocent', 'Innocent', 'Innocent', 'Innocent', 'Innocent', 'Innocent', 'Innocent', 'Innocent', 'Innocent', 'Innocent', 'Innocent', 'Innocent', 'Innocent', 'Innocent', 'Innocent', 'Innocent', 'Innocent', 'Innocent', 'Innocent', 'Innocent', 'Innocent', 'Innocent', 'Innocent', 'Innocent', 'Innocent', 'Innocent', 'Innocent', 'Innocent', 'Innocent', 'Innocent', 'Innocent', 'Innocent', 'Innocent', 'Innocent', 'Innocent', 'Innocent', 'Innocent', 'Innocent', 'Innocent', 'Innocent', 'Innocent', 'Innocent', 'Innocent', 'Innocent', 'Innocent', 'Innocent', 'Innocent', 'Innocent', 'Innocent', 'Innocent', 'Innocent', 'Innocent', 'Innocent', 'Innocent', 'Innocent', 'Innocent', 'Innocent', 'Innocent', 'Innocent', 'Innocent', 'Innocent', 'Innocent', 'Innocent', 'Innocent', 'Innocent', 'Innocent', 'Innocent', 'Innocent', 'Innocent', 'Innocent', 'Innocent', 'Innocent', 'Innocent', 'Innocent', 'Innocent', 'Innocent', 'Innocent', 'Innocent', 'Innocent', 'Innocent', 'Innocent', 'Innocent', 'Innocent', 'Innocent', 'Innocent', 'Innocent', 'Innocent', 'Innocent', 'Innocent', 'Innocent', 'Innocent', 'Innocent', 'Innocent', 'Innocent', 'Innocent', 'Innocent', 'Innocent', 'Innocent', 'Innocent', 'Innocent', 'Innocent', 'Innocent', 'Innocent', 'Innocent', 'Innocent', 'Innocent', 'Innocent', 'Innocent', 'Innocent', 'Innocent', 'Innocent', 'Innocent', 'Innocent', 'Innocent', 'Innocent', 'Innocent', 'Innocent', 'Innocent', 'Innocent', 'Innocent', 'Innocent', 'Innocent', 'Innocent', 'Innocent', 'Innocent', 'Innocent', 'Innocent', 'Innocent', 'Innocent', 'Innocent', 'Innocent', 'Innocent', 'Innocent', 'Innocent', 'Innocent', 'Innocent', 'Innocent', 'Innocent', 'Innocent', 'Innocent', 'Innocent', 'Innocent', 'Innocent', 'Innocent', 'Innocent', 'Innocent', 'Innocent', 'Innocent', 'Innocent', 'Innocent', 'Innocent', 'Innocent', 'Innocent', 'Innocent', 'Innocent', 'Innocent', 'Innocent', 'Innocent', 'Innocent', 'Innocent', 'Innocent', 'Innocent', 'Innocent', 'Innocent', 'Innocent', 'Innocent', 'Innocent', 'Innocent', 'Innocent', 'Innocent', 'Innocent', 'Innocent', 'Innocent', 'Innocent', 'Innocent', 'Innocent', 'Innocent', 'Innocent', 'Innocent', 'Innocent', 'Innocent', 'Innocent', 'Innocent', 'Innocent', 'Innocent', 'Innocent', 'Innocent', 'Innocent', 'Innocent', 'Innocent', 'Innocent', 'Innocent', 'Innocent', 'Innocent', 'Innocent', 'Innocent', 'Innocent', 'Innocent', 'Innocent', 'Innocent', 'Innocent', 'Innocent', 'Innocent', 'Innocent', 'Innocent', 'Innocent', 'Innocent', 'Innocent', 'Innocent', 'Innocent', 'Innocent', 'Innocent', 'Innocent', 'Innocent', 'Innocent', 'Innocent', 'Innocent', 'Innocent', 'Innocent', 'Innocent', 'Innocent', 'Innocent', 'Innocent', 'Innocent', 'Innocent', 'Innocent', 'Innocent', 'Innocent', 'Innocent', 'Innocent', 'Innocent', 'Innocent', 'Innocent', 'Innocent', 'Innocent', 'Innocent', 'Innocent', 'Innocent', 'Innocent', 'Innocent', 'Innocent', 'Innocent', 'Innocent', 'Innocent', 'Innocent', 'Innocent', 'Innocent', 'Innocent', 'Innocent', 'Innocent', 'Innocent', 'Innocent', 'Innocent', 'Innocent', 'Innocent', 'Innocent', 'Innocent', 'Innocent', 'Innocent', 'Innocent', 'Innocent', 'Innocent', 'Innocent', 'Innocent', 'Innocent', 'Innocent', 'Innocent', 'Innocent', 'Innocent', 'Innocent', 'Innocent', 'Innocent', 'Innocent', 'Innocent', 'Innocent', 'Innocent', 'Innocent', 'Innocent', 'Innocent', 'Innocent', 'Innocent', 'Innocent', 'Innocent', 'Innocent', 'Innocent', 'Innocent', 'Innocent', 'Innocent', 'Innocent', 'Innocent', 'Innocent', 'Innocent', 'Innocent', 'Innocent', 'Innocent', 'Innocent', 'Innocent', 'Innocent', 'Innocent', 'Innocent', 'Innocent', 'Innocent', 'Innocent', 'Innocent', 'Innocent', 'Innocent', 'Innocent', 'Innocent', 'Innocent', 'Innocent', 'Innocent', 'Innocent', 'Innocent', 'Innocent', 'Innocent', 'Innocent', 'Innocent', 'Innocent', 'Innocent', 'Innocent', 'Innocent', 'Innocent', 'Innocent', 'Innocent', 'Innocent', 'Innocent', 'Innocent', 'Innocent', 'Innocent', 'Innocent', 'Innocent', 'Innocent', 'Innocent', 'Innocent', 'Innocent', 'Innocent', 'Innocent', 'Innocent', 'Innocent', 'Innocent', 'Innocent', 'Innocent', 'Innocent', 'Innocent', 'Innocent', 'Innocent', 'Innocent', 'Innocent', 'Innocent', 'Innocent', 'Innocent', 'Innocent', 'Innocent', 'Innocent', 'Innocent', 'Innocent', 'Innocent', 'Innocent', 'Innocent', 'Innocent', 'Innocent', 'Innocent', 'Innocent', 'Innocent', 'Innocent', 'Innocent', 'Innocent', 'Innocent', 'Innocent', 'Innocent', 'Innocent', 'Innocent', 'Innocent', 'Innocent', 'Innocent', 'Innocent', 'Innocent', 'Innocent', 'Innocent', 'Innocent', 'Innocent', 'Innocent', 'Innocent', 'Innocent', 'Innocent', 'Innocent', 'Innocent', 'Innocent', 'Innocent', 'Innocent', 'Innocent', 'Innocent', 'Innocent', 'Innocent', 'Innocent', 'Innocent', 'Innocent', 'Innocent', 'Innocent', 'Innocent', 'Innocent', 'Innocent', 'Innocent', 'Innocent', 'Innocent', 'Innocent', 'Innocent', 'Innocent', 'Innocent', 'Innocent', 'Innocent', 'Innocent', 'Innocent', 'Innocent', 'Innocent', 'Innocent', 'Innocent', 'Innocent', 'Innocent', 'Innocent', 'Innocent', 'Innocent', 'Innocent', 'Innocent', 'Innocent', 'Innocent', 'Innocent', 'Innocent', 'Innocent', 'Innocent', 'Innocent', 'Innocent', 'Innocent', 'Innocent', 'Innocent', 'Innocent', 'Innocent', 'Innocent', 'Innocent', 'Innocent', 'Innocent', 'Innocent', 'Innocent', 'Innocent', 'Innocent', 'Innocent', 'Innocent', 'Innocent', 'Innocent', 'Innocent', 'Innocent', 'Innocent', 'Innocent', 'Innocent', 'Innocent', 'Innocent', 'Innocent', 'Innocent', 'Innocent', 'Innocent', 'Innocent', 'Innocent', 'Innocent', 'Innocent', 'Innocent', 'Innocent', 'Innocent', 'Innocent', 'Innocent', 'Innocent', 'Innocent', 'Innocent', 'Innocent', 'Innocent', 'Innocent', 'Innocent', 'Innocent', 'Innocent', 'Innocent', 'Innocent', 'Innocent', 'Innocent', 'Innocent', 'Innocent', 'Innocent', 'Innocent', 'Innocent', 'Innocent', 'Innocent', 'Innocent', 'Innocent', 'Innocent', 'Innocent', 'Innocent', 'Innocent', 'Innocent', 'Innocent', 'Innocent', 'Innocent', 'Innocent', 'Innocent', 'Innocent', 'Innocent', 'Innocent', 'Innocent', 'Innocent', 'Innocent', 'Innocent', 'Innocent', 'Innocent', 'Innocent', 'Innocent', 'Innocent', 'Innocent', 'Innocent', 'Innocent', 'Innocent', 'Innocent', 'Innocent', 'Innocent', 'Innocent', 'Innocent', 'Innocent', 'Innocent', 'Innocent', 'Innocent', 'Innocent', 'Innocent', 'Innocent', 'Innocent', 'Innocent', 'Innocent', 'Innocent', 'Innocent', 'Innocent', 'Innocent', 'Innocent', 'Innocent', 'Innocent', 'Innocent', 'Innocent', 'Innocent', 'Innocent', 'Innocent', 'Innocent', 'Innocent', 'Innocent', 'Innocent', 'Innocent', 'Innocent', 'Innocent', 'Innocent', 'Innocent', 'Innocent', 'Innocent', 'Innocent', 'Innocent', 'Innocent', 'Innocent', 'Innocent', 'Innocent', 'Innocent', 'Innocent', 'Innocent', 'Innocent', 'Innocent', 'Innocent', 'Innocent', 'Innocent', 'Innocent', 'Innocent', 'Innocent', 'Innocent', 'Innocent', 'Innocent', 'Innocent', 'Innocent', 'Innocent', 'Innocent', 'Innocent', 'Innocent', 'Innocent', 'Innocent', 'Innocent', 'Innocent', 'Innocent', 'Innocent', 'Innocent', 'Innocent', 'Innocent', 'Innocent', 'Innocent', 'Innocent', 'Innocent', 'Innocent', 'Innocent', 'Innocent', 'Innocent', 'Innocent', 'Innocent', 'Innocent', 'Innocent', 'Innocent', 'Innocent', 'Innocent', 'Innocent', 'Innocent', 'Innocent', 'Innocent', 'Innocent', 'Innocent', 'Innocent', 'Innocent', 'Innocent', 'Innocent', 'Innocent', 'Innocent', 'Innocent', 'Innocent', 'Innocent', 'Innocent', 'Innocent', 'Innocent', 'Innocent', 'Innocent', 'Innocent', 'Innocent', 'Innocent', 'Innocent', 'Innocent', 'Innocent', 'Innocent', 'Innocent', 'Innocent', 'Innocent', 'Innocent', 'Innocent', 'Innocent', 'Innocent', 'Innocent', 'Innocent', 'Innocent', 'Innocent', 'Innocent', 'Innocent', 'Innocent', 'Innocent', 'Innocent', 'Innocent', 'Innocent', 'Innocent', 'Innocent', 'Innocent', 'Innocent', 'Innocent', 'Innocent', 'Innocent', 'Innocent', 'Innocent', 'Innocent', 'Innocent', 'Innocent', 'Innocent', 'Innocent', 'Innocent', 'Innocent', 'Innocent', 'Innocent', 'Innocent', 'Innocent', 'Innocent', 'Innocent', 'Innocent', 'Innocent', 'Innocent', 'Innocent', 'Innocent', 'Innocent', 'Innocent', 'Innocent', 'Innocent', 'Innocent', 'Innocent', 'Innocent', 'Innocent', 'Innocent', 'Innocent', 'Innocent', 'Innocent', 'Innocent', 'Innocent', 'Innocent', 'Innocent', 'Innocent', 'Innocent', 'Innocent', 'Innocent', 'Innocent', 'Innocent', 'Innocent', 'Innocent', 'Innocent', 'Innocent', 'Innocent', 'Innocent', 'Innocent', 'Innocent', 'Innocent', 'Innocent', 'Innocent', 'Innocent', 'Innocent', 'Innocent', 'Innocent', 'Innocent', 'Innocent', 'Innocent', 'Innocent', 'Innocent', 'Innocent', 'Innocent', 'Innocent', 'Innocent', 'Innocent', 'Innocent', 'Innocent', 'Innocent', 'Innocent', 'Innocent', 'Innocent', 'Innocent', 'Innocent', 'Innocent', 'Innocent', 'Innocent', 'Innocent', 'Innocent', 'Innocent', 'Innocent', 'Innocent', 'Innocent', 'Innocent', 'Innocent', 'Innocent', 'Innocent', 'Innocent', 'Innocent', 'Innocent', 'Innocent', 'Innocent', 'Innocent', 'Innocent', 'Innocent', 'Innocent', 'Innocent', 'Innocent', 'Innocent', 'Innocent', 'Innocent', 'Innocent', 'Innocent', 'Innocent', 'Innocent', 'Innocent', 'Innocent', 'Innocent', 'Innocent', 'Innocent', 'Innocent', 'Innocent', 'Innocent', 'Innocent', 'Innocent', 'Innocent', 'Innocent', 'Innocent', 'Innocent', 'Innocent', 'Innocent', 'Innocent', 'Innocent', 'Innocent', 'Innocent', 'Innocent', 'Innocent', 'Innocent', 'Innocent', 'Innocent', 'Innocent', 'Innocent', 'Innocent', 'Innocent', 'Innocent', 'Innocent', 'Innocent', 'Innocent', 'Innocent', 'Innocent', 'Innocent', 'Innocent', 'Innocent', 'Innocent', 'Innocent', 'Innocent', 'Innocent', 'Innocent', 'Innocent', 'Innocent', 'Innocent', 'Innocent', 'Innocent', 'Innocent', 'Innocent', 'Innocent', 'Innocent', 'Innocent', 'Innocent', 'Innocent', 'Innocent', 'Innocent', 'Innocent', 'Innocent', 'Innocent', 'Innocent', 'Innocent', 'Innocent', 'Innocent', 'Innocent', 'Innocent', 'Innocent', 'Innocent', 'Innocent', 'Innocent', 'Innocent', 'Innocent', 'Innocent', 'Innocent', 'Innocent', 'Innocent', 'Innocent', 'Innocent', 'Innocent', 'Innocent', 'Innocent', 'Innocent', 'Innocent', 'Innocent', 'Innocent', 'Innocent', 'Innocent', 'Innocent', 'Innocent', 'Innocent', 'Innocent', 'Innocent', 'Innocent', 'Innocent', 'Innocent', 'Innocent', 'Innocent', 'Innocent', 'Innocent', 'Innocent', 'Innocent', 'Innocent', 'Innocent', 'Innocent', 'Innocent', 'Innocent', 'Innocent', 'Innocent', 'Innocent', 'Innocent', 'Innocent', 'Innocent', 'Innocent', 'Innocent', 'Innocent', 'Innocent', 'Innocent', 'Innocent', 'Innocent', 'Innocent', 'Innocent', 'Innocent', 'Innocent', 'Innocent', 'Innocent', 'Innocent', 'Innocent', 'Innocent', 'Innocent', 'Innocent', 'Innocent', 'Innocent', 'Innocent', 'Innocent', 'Innocent', 'Innocent', 'Innocent', 'Innocent', 'Innocent', 'Innocent', 'Innocent', 'Innocent', 'Innocent', 'Innocent', 'Innocent', 'Innocent', 'Innocent', 'Innocent', 'Innocent', 'Innocent', 'Innocent', 'Innocent', 'Innocent', 'Innocent', 'Innocent', 'Innocent', 'Innocent', 'Innocent', 'Innocent', 'Innocent', 'Innocent', 'Innocent', 'Innocent', 'Innocent', 'Innocent', 'Innocent', 'Innocent', 'Innocent', 'Innocent', 'Innocent', 'Innocent', 'Innocent', 'Innocent', 'Innocent', 'Innocent', 'Innocent', 'Innocent', 'Innocent', 'Innocent', 'Innocent', 'Innocent', 'Innocent', 'Innocent', 'Innocent', 'Innocent', 'Innocent', 'Innocent', 'Innocent', 'Innocent', 'Innocent', 'Innocent', 'Innocent', 'Innocent', 'Innocent', 'Innocent', 'Innocent', 'Innocent', 'Innocent', 'Innocent', 'Innocent', 'Innocent', 'Innocent', 'Innocent', 'Innocent', 'Innocent', 'Innocent', 'Innocent', 'Innocent', 'Innocent', 'Innocent', 'Innocent', 'Innocent', 'Innocent', 'Innocent', 'Innocent', 'Innocent', 'Innocent', 'Innocent', 'Innocent', 'Innocent', 'Innocent', 'Innocent', 'Innocent', 'Innocent', 'Innocent', 'Innocent', 'Innocent', 'Innocent', 'Innocent', 'Innocent', 'Innocent', 'Innocent', 'Innocent', 'Innocent', 'Innocent', 'Innocent', 'Innocent', 'Innocent', 'Innocent', 'Innocent', 'Innocent', 'Innocent', 'Innocent', 'Innocent', 'Innocent', 'Innocent', 'Innocent', 'Innocent', 'Innocent', 'Innocent', 'Innocent', 'Innocent', 'Innocent', 'Innocent', 'Innocent', 'Innocent', 'Innocent', 'Innocent', 'Innocent', 'Innocent', 'Innocent', 'Innocent', 'Innocent', 'Innocent', 'Innocent', 'Innocent', 'Innocent', 'Innocent', 'Innocent', 'Innocent', 'Innocent', 'Innocent', 'Innocent', 'Innocent', 'Innocent', 'Innocent', 'Innocent', 'Innocent', 'Innocent', 'Innocent', 'Innocent', 'Innocent', 'Innocent', 'Innocent', 'Innocent', 'Innocent', 'Innocent', 'Innocent', 'Innocent', 'Innocent', 'Innocent', 'Innocent', 'Innocent', 'Innocent', 'Innocent', 'Innocent', 'Innocent', 'Innocent', 'Innocent', 'Innocent', 'Innocent', 'Innocent', 'Innocent', 'Innocent', 'Innocent', 'Innocent', 'Innocent', 'Innocent', 'Innocent', 'Innocent', 'Innocent', 'Innocent', 'Innocent', 'Innocent', 'Innocent', 'Innocent', 'Innocent', 'Innocent', 'Innocent', 'Innocent', 'Innocent', 'Innocent', 'Innocent', 'Innocent', 'Innocent', 'Innocent', 'Innocent', 'Innocent', 'Innocent', 'Innocent', 'Innocent', 'Innocent', 'Innocent', 'Innocent', 'Innocent', 'Innocent', 'Innocent', 'Innocent', 'Innocent', 'Innocent', 'Innocent', 'Innocent', 'Innocent', 'Innocent', 'Innocent', 'Innocent', 'Innocent', 'Innocent', 'Innocent', 'Innocent', 'Innocent', 'Innocent', 'Innocent', 'Innocent', 'Innocent', 'Innocent', 'Innocent', 'Innocent', 'Innocent', 'Innocent', 'Innocent', 'Innocent', 'Innocent', 'Innocent', 'Innocent', 'Innocent', 'Innocent', 'Innocent', 'Innocent', 'Innocent', 'Innocent', 'Innocent', 'Innocent', 'Innocent', 'Innocent', 'Innocent', 'Innocent', 'Innocent', 'Innocent', 'Innocent', 'Innocent', 'Innocent', 'Innocent', 'Innocent', 'Innocent', 'Innocent', 'Innocent', 'Innocent', 'Innocent', 'Innocent', 'Innocent', 'Innocent', 'Innocent', 'Innocent', 'Innocent', 'Innocent', 'Innocent', 'Innocent', 'Innocent', 'Innocent', 'Innocent', 'Innocent', 'Innocent', 'Innocent', 'Innocent', 'Innocent', 'Innocent', 'Innocent', 'Innocent', 'Innocent', 'Innocent', 'Innocent', 'Innocent', 'Innocent', 'Innocent', 'Innocent', 'Innocent', 'Innocent', 'Innocent', 'Innocent', 'Innocent', 'Innocent', 'Innocent', 'Innocent', 'Innocent', 'Innocent', 'Innocent', 'Innocent', 'Innocent', 'Innocent', 'Innocent', 'Innocent', 'Innocent', 'Innocent', 'Innocent', 'Innocent', 'Innocent', 'Innocent', 'Innocent', 'Innocent', 'Innocent', 'Innocent', 'Innocent', 'Innocent', 'Innocent', 'Innocent', 'Innocent', 'Innocent', 'Innocent', 'Innocent', 'Innocent', 'Innocent', 'Innocent', 'Innocent', 'Innocent', 'Innocent', 'Innocent', 'Innocent', 'Innocent', 'Innocent', 'Innocent', 'Innocent', 'Innocent', 'Innocent', 'Innocent', 'Innocent', 'Innocent', 'Innocent', 'Innocent', 'Innocent', 'Innocent', 'Innocent', 'Innocent', 'Innocent', 'Innocent', 'Innocent', 'Innocent', 'Innocent', 'Innocent', 'Innocent', 'Innocent', 'Innocent', 'Innocent', 'Innocent', 'Innocent', 'Innocent', 'Innocent', 'Innocent', 'Innocent', 'Innocent', 'Innocent', 'Innocent', 'Innocent', 'Innocent', 'Innocent', 'Innocent', 'Innocent', 'Innocent', 'Innocent', 'Innocent', 'Innocent', 'Innocent', 'Innocent', 'Innocent', 'Innocent', 'Innocent', 'Innocent', 'Innocent', 'Innocent', 'Innocent', 'Innocent', 'Innocent', 'Innocent', 'Innocent', 'Innocent', 'Innocent', 'Innocent', 'Innocent', 'Innocent', 'Innocent', 'Innocent', 'Innocent', 'Innocent', 'Innocent', 'Innocent', 'Innocent', 'Innocent', 'Innocent', 'Innocent', 'Innocent', 'Innocent', 'Innocent', 'Innocent', 'Innocent', 'Innocent', 'Innocent', 'Innocent', 'Innocent', 'Innocent', 'Innocent', 'Innocent', 'Innocent', 'Innocent', 'Innocent', 'Innocent', 'Innocent', 'Innocent', 'Innocent', 'Innocent', 'Innocent', 'Innocent', 'Innocent', 'Innocent', 'Innocent', 'Innocent', 'Innocent', 'Innocent', 'Innocent', 'Innocent', 'Innocent', 'Innocent', 'Innocent', 'Innocent', 'Innocent', 'Innocent', 'Innocent', 'Innocent', 'Innocent', 'Innocent', 'Innocent', 'Innocent', 'Innocent', 'Innocent', 'Innocent', 'Innocent', 'Innocent', 'Innocent', 'Innocent', 'Innocent', 'Innocent', 'Innocent', 'Innocent', 'Innocent', 'Innocent', 'Innocent', 'Innocent', 'Innocent', 'Innocent', 'Innocent', 'Innocent', 'Innocent', 'Innocent', 'Innocent', 'Innocent', 'Innocent', 'Innocent', 'Innocent', 'Innocent', 'Innocent', 'Innocent', 'Innocent', 'Innocent', 'Innocent', 'Innocent', 'Innocent', 'Innocent', 'Innocent', 'Innocent', 'Innocent', 'Innocent', 'Innocent', 'Innocent', 'Innocent', 'Innocent', 'Innocent', 'Innocent', 'Innocent', 'Innocent', 'Innocent', 'Innocent', 'Innocent', 'Innocent', 'Innocent', 'Innocent', 'Innocent', 'Innocent', 'Innocent', 'Innocent', 'Innocent', 'Innocent', 'Innocent', 'Innocent', 'Innocent', 'Innocent', 'Innocent', 'Innocent', 'Innocent', 'Innocent', 'Innocent', 'Innocent', 'Innocent', 'Innocent', 'Innocent', 'Innocent', 'Innocent', 'Innocent', 'Innocent', 'Innocent', 'Innocent', 'Innocent', 'Innocent', 'Innocent', 'Innocent', 'Innocent', 'Innocent', 'Innocent', 'Innocent', 'Innocent', 'Innocent', 'Innocent', 'Innocent', 'Innocent', 'Innocent', 'Innocent', 'Innocent', 'Innocent', 'Innocent', 'Innocent', 'Innocent', 'Innocent', 'Innocent', 'Innocent', 'Innocent', 'Innocent', 'Innocent', 'Innocent', 'Innocent', 'Innocent', 'Innocent', 'Innocent', 'Innocent', 'Innocent', 'Innocent', 'Innocent', 'Innocent', 'Innocent', 'Innocent', 'Innocent', 'Innocent', 'Innocent', 'Innocent', 'Innocent', 'Innocent', 'Innocent', 'Innocent', 'Innocent', 'Innocent', 'Innocent', 'Innocent', 'Innocent', 'Innocent', 'Innocent', 'Innocent', 'Innocent', 'Innocent', 'Innocent', 'Innocent', 'Innocent', 'Innocent', 'Innocent', 'Innocent', 'Innocent', 'Innocent', 'Innocent', 'Innocent', 'Innocent', 'Innocent', 'Innocent', 'Innocent', 'Innocent', 'Innocent', 'Innocent', 'Innocent', 'Innocent', 'Innocent', 'Innocent', 'Innocent', 'Innocent', 'Innocent', 'Innocent', 'Innocent', 'Innocent', 'Innocent', 'Innocent', 'Innocent', 'Innocent', 'Innocent', 'Innocent', 'Innocent', 'Innocent', 'Innocent', 'Innocent', 'Innocent', 'Innocent', 'Innocent', 'Innocent', 'Innocent', 'Innocent', 'Innocent', 'Innocent', 'Innocent', 'Innocent', 'Innocent', 'Innocent', 'Innocent', 'Innocent', 'Innocent', 'Innocent', 'Innocent', 'Innocent', 'Innocent', 'Innocent', 'Innocent', 'Innocent', 'Innocent', 'Innocent', 'Innocent', 'Innocent', 'Innocent', 'Innocent', 'Innocent', 'Innocent', 'Innocent', 'Innocent', 'Innocent', 'Innocent', 'Innocent', 'Innocent', 'Innocent', 'Innocent', 'Innocent', 'Innocent', 'Innocent', 'Innocent', 'Innocent', 'Innocent', 'Innocent', 'Innocent', 'Innocent', 'Innocent', 'Innocent', 'Innocent', 'Innocent', 'Innocent', 'Innocent', 'Innocent', 'Innocent', 'Innocent', 'Innocent', 'Innocent', 'Innocent', 'Innocent', 'Innocent', 'Innocent', 'Innocent', 'Innocent', 'Innocent', 'Innocent', 'Innocent', 'Innocent', 'Innocent', 'Innocent', 'Innocent', 'Innocent', 'Innocent', 'Innocent', 'Innocent', 'Innocent', 'Innocent', 'Innocent', 'Innocent', 'Innocent', 'Innocent', 'Innocent', 'Innocent', 'Innocent', 'Innocent', 'Innocent', 'Innocent', 'Innocent', 'Innocent', 'Innocent', 'Innocent', 'Innocent', 'Innocent', 'Innocent', 'Innocent', 'Innocent', 'Innocent', 'Innocent', 'Innocent', 'Innocent', 'Innocent', 'Innocent', 'Innocent', 'Innocent', 'Innocent', 'Innocent', 'Innocent', 'Innocent', 'Innocent', 'Innocent', 'Innocent', 'Innocent', 'Innocent', 'Innocent', 'Innocent', 'Innocent', 'Innocent', 'Innocent', 'Innocent', 'Innocent', 'Innocent', 'Innocent', 'Innocent', 'Innocent', 'Innocent', 'Innocent', 'Innocent', 'Innocent', 'Innocent', 'Innocent', 'Innocent', 'Innocent', 'Innocent', 'Innocent', 'Innocent', 'Innocent', 'Innocent', 'Innocent', 'Innocent', 'Innocent', 'Innocent', 'Innocent', 'Innocent', 'Innocent', 'Innocent', 'Innocent', 'Innocent', 'Innocent', 'Innocent', 'Innocent', 'Innocent', 'Innocent', 'Innocent', 'Innocent', 'Innocent', 'Innocent', 'Innocent', 'Innocent', 'Innocent', 'Innocent', 'Innocent', 'Innocent', 'Innocent', 'Innocent', 'Innocent', 'Innocent', 'Innocent', 'Innocent', 'Innocent', 'Innocent', 'Innocent', 'Innocent', 'Innocent', 'Innocent', 'Innocent', 'Innocent', 'Innocent', 'Innocent', 'Innocent', 'Innocent', 'Innocent', 'Innocent', 'Innocent', 'Innocent', 'Innocent', 'Innocent', 'Innocent', 'Innocent', 'Innocent', 'Innocent', 'Innocent', 'Innocent', 'Innocent', 'Innocent', 'Innocent', 'Innocent', 'Innocent', 'Innocent', 'Innocent', 'Innocent', 'Innocent', 'Innocent', 'Innocent', 'Innocent', 'Innocent', 'Innocent', 'Innocent', 'Innocent', 'Innocent', 'Innocent', 'Innocent', 'Innocent', 'Innocent', 'Innocent', 'Innocent', 'Innocent', 'Innocent', 'Innocent', 'Innocent', 'Innocent', 'Innocent', 'Innocent', 'Innocent', 'Innocent', 'Innocent', 'Innocent', 'Innocent', 'Innocent', 'Innocent', 'Innocent', 'Innocent', 'Innocent', 'Innocent', 'Innocent', 'Innocent', 'Innocent', 'Innocent', 'Innocent', 'Innocent', 'Innocent', 'Innocent', 'Innocent', 'Innocent', 'Innocent', 'Innocent', 'Innocent', 'Innocent', 'Innocent', 'Innocent', 'Innocent', 'Innocent', 'Innocent', 'Innocent', 'Innocent', 'Innocent', 'Innocent', 'Innocent', 'Innocent', 'Innocent', 'Innocent', 'Innocent', 'Innocent', 'Innocent', 'Innocent', 'Innocent', 'Innocent', 'Innocent', 'Innocent', 'Innocent', 'Innocent', 'Innocent', 'Innocent', 'Innocent', 'Innocent', 'Innocent', 'Innocent', 'Innocent', 'Innocent', 'Innocent', 'Innocent', 'Innocent', 'Innocent', 'Innocent', 'Innocent', 'Innocent', 'Innocent', 'Innocent', 'Innocent', 'Innocent', 'Innocent', 'Innocent', 'Innocent', 'Innocent', 'Innocent', 'Innocent', 'Innocent', 'Innocent', 'Innocent', 'Innocent', 'Innocent', 'Innocent', 'Innocent', 'Innocent', 'Innocent', 'Innocent', 'Innocent', 'Innocent', 'Innocent', 'Innocent', 'Innocent', 'Innocent', 'Innocent', 'Innocent', 'Innocent', 'Innocent', 'Innocent', 'Innocent', 'Innocent', 'Innocent', 'Innocent', 'Innocent', 'Innocent', 'Innocent', 'Innocent', 'Innocent', 'Innocent', 'Innocent', 'Innocent', 'Innocent', 'Innocent', 'Innocent', 'Innocent', 'Innocent', 'Innocent', 'Innocent', 'Innocent', 'Innocent', 'Innocent', 'Innocent', 'Innocent', 'Innocent', 'Innocent', 'Innocent', 'Innocent', 'Innocent', 'Innocent', 'Innocent', 'Innocent', 'Innocent', 'Innocent', 'Innocent', 'Innocent', 'Innocent', 'Innocent', 'Innocent', 'Innocent', 'Innocent', 'Innocent', 'Innocent', 'Innocent', 'Innocent', 'Innocent', 'Innocent', 'Innocent', 'Innocent', 'Innocent', 'Innocent', 'Innocent', 'Innocent', 'Innocent', 'Innocent', 'Innocent', 'Innocent', 'Innocent', 'Innocent', 'Innocent', 'Innocent', 'Innocent', 'Innocent', 'Innocent', 'Innocent', 'Innocent', 'Innocent', 'Innocent', 'Innocent', 'Innocent', 'Innocent', 'Innocent', 'Innocent', 'Innocent', 'Innocent', 'Innocent', 'Innocent', 'Innocent', 'Innocent', 'Innocent', 'Innocent', 'Innocent', 'Innocent', 'Innocent', 'Innocent', 'Innocent', 'Innocent', 'Innocent', 'Innocent', 'Innocent', 'Innocent', 'Innocent', 'Innocent', 'Innocent', 'Innocent', 'Innocent', 'Innocent', 'Innocent', 'Innocent', 'Innocent', 'Innocent', 'Innocent', 'Innocent', 'Innocent', 'Innocent', 'Innocent', 'Innocent', 'Innocent', 'Innocent', 'Innocent', 'Innocent', 'Innocent', 'Innocent', 'Innocent', 'Innocent', 'Innocent', 'Innocent', 'Innocent', 'Innocent', 'Innocent', 'Innocent', 'Innocent', 'Innocent', 'Innocent', 'Innocent', 'Innocent', 'Innocent', 'Innocent', 'Innocent', 'Innocent', 'Innocent', 'Innocent', 'Innocent', 'Innocent', 'Innocent', 'Innocent', 'Innocent', 'Innocent', 'Innocent', 'Innocent', 'Innocent', 'Innocent', 'Innocent', 'Innocent', 'Innocent', 'Innocent', 'Innocent', 'Innocent', 'Innocent', 'Innocent', 'Innocent', 'Innocent', 'Innocent', 'Innocent', 'Innocent', 'Innocent', 'Innocent', 'Innocent', 'Innocent', 'Innocent', 'Innocent', 'Innocent', 'Innocent', 'Innocent', 'Innocent', 'Innocent', 'Innocent', 'Innocent', 'Innocent', 'Innocent', 'Innocent', 'Innocent', 'Innocent', 'Innocent', 'Innocent', 'Innocent', 'Innocent', 'Innocent', 'Innocent', 'Innocent', 'Innocent', 'Innocent', 'Innocent', 'Innocent', 'Innocent', 'Innocent', 'Innocent', 'Innocent', 'Innocent', 'Innocent', 'Innocent', 'Innocent', 'Innocent', 'Innocent', 'Innocent', 'Innocent', 'Innocent', 'Innocent', 'Innocent', 'Innocent', 'Innocent', 'Innocent', 'Innocent', 'Innocent', 'Innocent', 'Innocent', 'Innocent', 'Innocent', 'Innocent', 'Innocent', 'Innocent', 'Innocent', 'Innocent', 'Innocent', 'Innocent', 'Innocent', 'Innocent', 'Innocent', 'Innocent', 'Innocent', 'Innocent', 'Innocent', 'Innocent', 'Innocent', 'Innocent', 'Innocent', 'Innocent', 'Innocent', 'Innocent', 'Innocent', 'Innocent', 'Innocent', 'Innocent', 'Innocent', 'Innocent', 'Innocent', 'Innocent', 'Innocent', 'Innocent', 'Innocent', 'Innocent', 'Innocent', 'Innocent', 'Innocent', 'Innocent', 'Innocent', 'Innocent', 'Innocent', 'Innocent', 'Innocent', 'Innocent', 'Innocent', 'Innocent', 'Innocent', 'Innocent', 'Innocent', 'Innocent', 'Innocent', 'Innocent', 'Innocent', 'Innocent', 'Innocent', 'Innocent', 'Innocent', 'Innocent', 'Innocent', 'Innocent', 'Innocent', 'Innocent', 'Innocent', 'Innocent', 'Innocent', 'Innocent', 'Innocent', 'Innocent', 'Innocent', 'Innocent', 'Innocent', 'Innocent', 'Innocent', 'Innocent', 'Innocent', 'Innocent', 'Innocent', 'Innocent', 'Innocent', 'Innocent', 'Innocent', 'Innocent', 'Innocent', 'Innocent', 'Innocent', 'Innocent', 'Innocent', 'Innocent', 'Innocent', 'Innocent', 'Innocent', 'Innocent', 'Innocent', 'Innocent', 'Innocent', 'Innocent', 'Innocent', 'Innocent', 'Innocent', 'Innocent', 'Innocent', 'Innocent', 'Innocent', 'Innocent', 'Innocent', 'Innocent', 'Innocent', 'Innocent', 'Innocent', 'Innocent', 'Innocent', 'Innocent', 'Innocent', 'Innocent', 'Innocent', 'Innocent', 'Innocent', 'Innocent', 'Innocent', 'Innocent', 'Innocent', 'Innocent', 'Innocent', 'Innocent', 'Innocent', 'Innocent', 'Innocent', 'Innocent', 'Innocent', 'Innocent', 'Innocent', 'Innocent', 'Innocent', 'Innocent', 'Innocent', 'Innocent', 'Innocent', 'Innocent', 'Innocent', 'Innocent', 'Innocent', 'Innocent', 'Innocent', 'Innocent', 'Innocent', 'Innocent', 'Innocent', 'Innocent', 'Innocent', 'Innocent', 'Innocent', 'Innocent', 'Innocent', 'Innocent', 'Innocent', 'Innocent', 'Innocent', 'Innocent', 'Innocent', 'Innocent', 'Innocent', 'Innocent', 'Innocent', 'Innocent', 'Innocent', 'Innocent', 'Innocent', 'Innocent', 'Innocent', 'Innocent', 'Innocent', 'Innocent', 'Innocent', 'Innocent', 'Innocent', 'Innocent', 'Innocent', 'Innocent', 'Innocent', 'Innocent', 'Innocent', 'Innocent', 'Innocent', 'Innocent', 'Innocent', 'Innocent', 'Innocent', 'Innocent', 'Innocent', 'Innocent', 'Innocent', 'Innocent', 'Innocent', 'Innocent', 'Innocent', 'Innocent', 'Innocent', 'Innocent', 'Innocent', 'Innocent', 'Innocent', 'Innocent', 'Innocent', 'Innocent', 'Innocent', 'Innocent', 'Innocent', 'Innocent', 'Innocent', 'Innocent', 'Innocent', 'Innocent', 'Innocent', 'Innocent', 'Innocent', 'Innocent', 'Innocent', 'Innocent', 'Innocent', 'Innocent', 'Innocent', 'Innocent', 'Innocent', 'Innocent', 'Innocent', 'Innocent', 'Innocent', 'Innocent', 'Innocent', 'Innocent', 'Innocent', 'Innocent', 'Innocent', 'Innocent', 'Innocent', 'Innocent', 'Innocent', 'Innocent', 'Innocent', 'Innocent', 'Innocent', 'Innocent', 'Innocent', 'Innocent', 'Innocent', 'Innocent', 'Innocent', 'Innocent', 'Innocent', 'Innocent', 'Innocent', 'Innocent', 'Innocent', 'Innocent', 'Innocent', 'Innocent', 'Innocent', 'Innocent', 'Innocent', 'Innocent', 'Innocent', 'Innocent', 'Innocent', 'Innocent', 'Innocent', 'Innocent', 'Innocent', 'Innocent', 'Innocent', 'Innocent', 'Innocent', 'Innocent', 'Innocent', 'Innocent', 'Innocent', 'Innocent', 'Innocent', 'Innocent', 'Innocent', 'Innocent', 'Innocent', 'Innocent', 'Innocent', 'Innocent', 'Innocent', 'Innocent', 'Innocent', 'Innocent', 'Innocent', 'Innocent', 'Innocent', 'Innocent', 'Innocent', 'Innocent', 'Innocent', 'Innocent', 'Innocent', 'Innocent', 'Innocent', 'Innocent', 'Innocent', 'Innocent', 'Innocent', 'Innocent', 'Innocent', 'Innocent', 'Innocent', 'Innocent', 'Innocent', 'Innocent', 'Innocent', 'Innocent', 'Innocent', 'Innocent', 'Innocent', 'Innocent', 'Innocent', 'Innocent', 'Innocent', 'Innocent', 'Innocent', 'Innocent', 'Innocent', 'Innocent', 'Innocent', 'Innocent', 'Innocent', 'Innocent', 'Innocent', 'Innocent', 'Innocent', 'Innocent', 'Innocent', 'Innocent', 'Innocent', 'Innocent', 'Innocent', 'Innocent', 'Innocent', 'Innocent', 'Innocent', 'Innocent', 'Innocent', 'Innocent', 'Innocent', 'Innocent', 'Innocent', 'Innocent', 'Innocent', 'Innocent', 'Innocent', 'Innocent', 'Innocent', 'Innocent', 'Innocent', 'Innocent', 'Innocent', 'Innocent', 'Innocent', 'Innocent', 'Innocent', 'Innocent', 'Innocent', 'Innocent', 'Innocent', 'Innocent', 'Innocent', 'Innocent', 'Innocent', 'Innocent', 'Innocent', 'Innocent', 'Innocent', 'Innocent', 'Innocent', 'Innocent', 'Innocent', 'Innocent', 'Innocent', 'Innocent', 'Innocent', 'Innocent', 'Innocent', 'Innocent', 'Innocent', 'Innocent', 'Innocent', 'Innocent', 'Innocent', 'Innocent', 'Innocent', 'Innocent', 'Innocent', 'Innocent', 'Innocent', 'Innocent', 'Innocent', 'Innocent', 'Innocent', 'Innocent', 'Innocent', 'Innocent', 'Innocent', 'Innocent', 'Innocent', 'Innocent', 'Innocent', 'Innocent', 'Innocent', 'Innocent', 'Innocent', 'Innocent', 'Innocent', 'Innocent', 'Innocent', 'Innocent', 'Innocent', 'Innocent', 'Innocent', 'Innocent', 'Innocent', 'Innocent', 'Innocent', 'Innocent', 'Innocent', 'Innocent', 'Innocent', 'Innocent', 'Innocent', 'Innocent', 'Innocent', 'Innocent', 'Innocent', 'Innocent', 'Innocent', 'Innocent', 'Innocent', 'Innocent', 'Innocent', 'Innocent', 'Innocent', 'Innocent', 'Innocent', 'Innocent', 'Innocent', 'Innocent', 'Innocent', 'Innocent', 'Innocent', 'Innocent', 'Innocent', 'Innocent', 'Innocent', 'Innocent', 'Innocent', 'Innocent', 'Innocent', 'Innocent', 'Innocent', 'Innocent', 'Innocent', 'Innocent', 'Innocent', 'Innocent', 'Innocent', 'Innocent', 'Innocent', 'Innocent', 'Innocent', 'Innocent', 'Innocent', 'Innocent', 'Innocent', 'Innocent', 'Innocent', 'Innocent', 'Innocent', 'Innocent', 'Innocent', 'Innocent', 'Innocent', 'Innocent', 'Innocent', 'Innocent', 'Innocent', 'Innocent', 'Innocent', 'Innocent', 'Innocent', 'Innocent', 'Innocent', 'Innocent', 'Innocent', 'Innocent', 'Innocent', 'Innocent', 'Innocent', 'Innocent', 'Innocent', 'Innocent', 'Innocent', 'Innocent', 'Innocent', 'Innocent', 'Innocent', 'Innocent', 'Innocent', 'Innocent', 'Innocent', 'Innocent', 'Innocent', 'Innocent', 'Innocent', 'Innocent', 'Innocent', 'Innocent', 'Innocent', 'Innocent', 'Innocent', 'Innocent', 'Innocent', 'Innocent', 'Innocent', 'Innocent', 'Innocent', 'Innocent', 'Innocent', 'Innocent', 'Innocent', 'Innocent', 'Innocent', 'Innocent', 'Innocent', 'Innocent', 'Innocent', 'Innocent', 'Innocent', 'Innocent', 'Innocent', 'Innocent', 'Innocent', 'Innocent', 'Innocent', 'Innocent', 'Innocent', 'Innocent', 'Innocent', 'Innocent', 'Innocent', 'Innocent', 'Innocent', 'Innocent', 'Innocent', 'Innocent', 'Innocent', 'Innocent', 'Innocent', 'Innocent', 'Innocent', 'Innocent', 'Innocent', 'Innocent', 'Innocent', 'Innocent', 'Innocent', 'Innocent', 'Innocent', 'Innocent', 'Innocent', 'Innocent', 'Innocent', 'Innocent', 'Innocent', 'Innocent', 'Innocent', 'Innocent', 'Innocent', 'Innocent', 'Innocent', 'Innocent', 'Innocent', 'Innocent', 'Innocent', 'Innocent', 'Innocent', 'Innocent', 'Innocent', 'Innocent', 'Innocent', 'Innocent', 'Innocent', 'Innocent', 'Innocent', 'Innocent', 'Innocent', 'Innocent', 'Innocent', 'Innocent', 'Innocent', 'Innocent', 'Innocent', 'Innocent', 'Innocent', 'Innocent', 'Innocent', 'Innocent', 'Innocent', 'Innocent', 'Innocent', 'Innocent', 'Innocent', 'Innocent', 'Innocent', 'Innocent', 'Innocent', 'Innocent', 'Innocent', 'Innocent', 'Innocent', 'Innocent', 'Innocent', 'Innocent', 'Innocent', 'Innocent', 'Innocent', 'Innocent', 'Innocent', 'Innocent', 'Innocent', 'Innocent', 'Innocent', 'Innocent', 'Innocent', 'Innocent', 'Innocent', 'Innocent', 'Innocent', 'Innocent', 'Innocent', 'Innocent', 'Innocent', 'Innocent', 'Innocent', 'Innocent', 'Innocent', 'Innocent', 'Innocent', 'Innocent', 'Innocent', 'Innocent', 'Innocent', 'Innocent', 'Innocent', 'Innocent', 'Innocent', 'Innocent', 'Innocent', 'Innocent', 'Innocent', 'Innocent', 'Innocent', 'Innocent', 'Innocent', 'Innocent', 'Innocent', 'Innocent', 'Innocent', 'Innocent', 'Innocent', 'Innocent', 'Innocent', 'Innocent', 'Innocent', 'Innocent', 'Innocent', 'Innocent', 'Innocent', 'Innocent', 'Innocent', 'Innocent', 'Innocent', 'Innocent', 'Innocent', 'Innocent', 'Innocent', 'Innocent', 'Innocent', 'Innocent', 'Innocent', 'Innocent', 'Innocent', 'Innocent', 'Innocent', 'Innocent', 'Innocent', 'Innocent', 'Innocent', 'Innocent', 'Innocent', 'Innocent', 'Innocent', 'Innocent', 'Innocent', 'Innocent', 'Innocent', 'Innocent', 'Innocent', 'Innocent', 'Innocent', 'Innocent', 'Innocent', 'Innocent', 'Innocent', 'Innocent', 'Innocent', 'Innocent', 'Innocent', 'Innocent', 'Innocent', 'Innocent', 'Innocent', 'Innocent', 'Innocent', 'Innocent', 'Innocent', 'Innocent', 'Innocent', 'Innocent', 'Innocent', 'Innocent', 'Innocent', 'Innocent', 'Innocent', 'Innocent', 'Innocent', 'Innocent', 'Innocent', 'Innocent', 'Innocent', 'Innocent', 'Innocent', 'Innocent', 'Innocent', 'Innocent', 'Innocent', 'Innocent', 'Innocent', 'Innocent', 'Innocent', 'Innocent', 'Innocent', 'Innocent', 'Innocent', 'Innocent', 'Innocent', 'Innocent', 'Innocent', 'Innocent', 'Innocent', 'Innocent', 'Innocent', 'Innocent', 'Innocent', 'Innocent', 'Innocent', 'Innocent', 'Innocent', 'Innocent', 'Innocent', 'Innocent', 'Innocent', 'Innocent', 'Innocent', 'Innocent', 'Innocent', 'Innocent', 'Innocent', 'Innocent', 'Innocent', 'Innocent', 'Innocent', 'Innocent', 'Innocent', 'Innocent', 'Innocent', 'Innocent', 'Innocent', 'Innocent', 'Innocent', 'Innocent', 'Innocent', 'Innocent', 'Innocent', 'Innocent', 'Innocent', 'Innocent', 'Innocent', 'Innocent', 'Innocent', 'Innocent', 'Innocent', 'Innocent', 'Innocent', 'Innocent', 'Innocent', 'Innocent', 'Innocent', 'Innocent', 'Innocent', 'Innocent', 'Innocent', 'Innocent', 'Innocent', 'Innocent', 'Innocent', 'Innocent', 'Innocent', 'Innocent', 'Innocent', 'Innocent', 'Innocent', 'Innocent', 'Innocent', 'Innocent', 'Innocent', 'Innocent', 'Innocent', 'Innocent', 'Innocent', 'Innocent', 'Innocent', 'Innocent', 'Innocent', 'Innocent', 'Innocent', 'Innocent', 'Innocent', 'Innocent', 'Innocent', 'Innocent', 'Innocent', 'Innocent', 'Innocent', 'Innocent', 'Innocent', 'Innocent', 'Innocent', 'Innocent', 'Innocent', 'Innocent', 'Innocent', 'Innocent', 'Innocent', 'Innocent', 'Innocent', 'Innocent', 'Innocent', 'Innocent', 'Innocent', 'Innocent', 'Innocent', 'Innocent', 'Innocent', 'Innocent', 'Innocent', 'Innocent', 'Innocent', 'Innocent', 'Innocent', 'Innocent', 'Innocent', 'Innocent', 'Innocent', 'Innocent', 'Innocent', 'Innocent', 'Innocent', 'Innocent', 'Innocent', 'Innocent', 'Innocent', 'Innocent', 'Innocent', 'Innocent', 'Innocent', 'Innocent', 'Innocent', 'Innocent', 'Innocent', 'Innocent', 'Innocent', 'Innocent', 'Innocent', 'Innocent', 'Innocent', 'Innocent', 'Innocent', 'Innocent', 'Innocent', 'Innocent', 'Innocent', 'Innocent', 'Innocent', 'Innocent', 'Innocent', 'Innocent', 'Innocent', 'Innocent', 'Innocent', 'Innocent', 'Innocent', 'Innocent', 'Innocent', 'Innocent', 'Innocent', 'Innocent', 'Innocent', 'Innocent', 'Innocent', 'Innocent', 'Innocent', 'Innocent', 'Innocent', 'Innocent', 'Innocent', 'Innocent', 'Innocent', 'Innocent', 'Innocent', 'Innocent', 'Innocent', 'Innocent', 'Innocent', 'Innocent', 'Innocent', 'Innocent', 'Innocent', 'Innocent', 'Innocent', 'Innocent', 'Innocent', 'Innocent', 'Innocent', 'Innocent', 'Innocent', 'Innocent', 'Innocent', 'Innocent', 'Innocent', 'Innocent', 'Innocent', 'Innocent', 'Innocent', 'Innocent', 'Innocent', 'Innocent', 'Innocent', 'Innocent', 'Innocent', 'Innocent', 'Innocent', 'Innocent', 'Innocent', 'Innocent', 'Innocent', 'Innocent', 'Innocent', 'Innocent', 'Innocent', 'Innocent', 'Innocent', 'Innocent', 'Innocent', 'Innocent', 'Innocent', 'Innocent', 'Innocent', 'Innocent', 'Innocent', 'Innocent', 'Innocent', 'Innocent', 'Innocent', 'Innocent', 'Innocent', 'Innocent', 'Innocent', 'Innocent', 'Innocent', 'Innocent', 'Innocent', 'Innocent', 'Innocent', 'Innocent', 'Innocent', 'Innocent', 'Innocent', 'Innocent', 'Innocent', 'Innocent', 'Innocent', 'Innocent', 'Innocent', 'Innocent', 'Innocent', 'Innocent', 'Innocent', 'Innocent', 'Innocent', 'Innocent', 'Innocent', 'Innocent', 'Innocent', 'Innocent', 'Innocent', 'Innocent', 'Innocent', 'Innocent', 'Innocent', 'Innocent', 'Innocent', 'Innocent', 'Innocent', 'Innocent', 'Innocent', 'Innocent', 'Innocent', 'Innocent', 'Innocent', 'Innocent', 'Innocent', 'Innocent', 'Innocent', 'Innocent', 'Innocent', 'Innocent', 'Innocent', 'Innocent', 'Innocent', 'Innocent', 'Innocent', 'Innocent', 'Innocent', 'Innocent', 'Innocent', 'Innocent', 'Innocent', 'Innocent', 'Innocent', 'Innocent', 'Innocent', 'Innocent', 'Innocent', 'Innocent', 'Innocent', 'Innocent', 'Innocent', 'Innocent', 'Innocent', 'Innocent', 'Innocent', 'Innocent', 'Innocent', 'Innocent', 'Innocent', 'Innocent', 'Innocent', 'Innocent', 'Innocent', 'Innocent', 'Innocent', 'Innocent', 'Innocent', 'Innocent', 'Innocent', 'Innocent', 'Innocent', 'Innocent', 'Innocent', 'Innocent', 'Innocent', 'Innocent', 'Innocent', 'Innocent', 'Innocent', 'Innocent', 'Innocent', 'Innocent', 'Innocent', 'Innocent', 'Innocent', 'Innocent', 'Innocent', 'Innocent', 'Innocent', 'Innocent', 'Innocent', 'Innocent', 'Innocent', 'Innocent', 'Innocent', 'Innocent', 'Innocent', 'Innocent', 'Innocent', 'Innocent', 'Innocent', 'Innocent', 'Innocent', 'Innocent', 'Innocent', 'Innocent', 'Innocent', 'Innocent', 'Innocent', 'Innocent', 'Innocent', 'Innocent', 'Innocent', 'Innocent', 'Innocent', 'Innocent', 'Innocent', 'Innocent', 'Innocent', 'Innocent', 'Innocent', 'Innocent', 'Innocent', 'Innocent', 'Innocent', 'Innocent', 'Innocent', 'Innocent', 'Innocent', 'Innocent', 'Innocent', 'Innocent', 'Innocent', 'Innocent', 'Innocent', 'Innocent', 'Innocent', 'Innocent', 'Innocent', 'Innocent', 'Innocent', 'Innocent', 'Innocent', 'Innocent', 'Innocent', 'Innocent', 'Innocent', 'Innocent', 'Innocent', 'Innocent', 'Innocent', 'Innocent', 'Innocent', 'Innocent', 'Innocent', 'Innocent', 'Innocent', 'Innocent', 'Innocent', 'Innocent', 'Innocent', 'Innocent', 'Innocent', 'Innocent', 'Innocent', 'Innocent', 'Innocent', 'Innocent', 'Innocent', 'Innocent', 'Innocent', 'Innocent', 'Innocent', 'Innocent', 'Innocent', 'Innocent', 'Innocent', 'Innocent', 'Innocent', 'Innocent', 'Innocent', 'Innocent', 'Innocent', 'Innocent', 'Innocent', 'Innocent', 'Innocent', 'Innocent', 'Innocent', 'Innocent', 'Innocent', 'Innocent', 'Innocent', 'Innocent', 'Innocent', 'Innocent', 'Innocent', 'Innocent', 'Innocent', 'Innocent', 'Innocent', 'Innocent', 'Innocent', 'Innocent', 'Innocent', 'Innocent', 'Innocent', 'Innocent', 'Innocent', 'Innocent', 'Innocent', 'Innocent', 'Innocent', 'Innocent', 'Innocent', 'Innocent', 'Innocent', 'Innocent', 'Innocent', 'Innocent', 'Innocent', 'Innocent', 'Innocent', 'Innocent', 'Innocent', 'Innocent', 'Innocent', 'Innocent', 'Innocent', 'Innocent', 'Innocent', 'Innocent', 'Innocent', 'Innocent', 'Innocent', 'Innocent', 'Innocent', 'Innocent', 'Innocent', 'Innocent', 'Innocent', 'Innocent', 'Innocent', 'Innocent', 'Innocent', 'Innocent', 'Innocent', 'Innocent', 'Innocent', 'Innocent', 'Innocent', 'Innocent', 'Innocent', 'Innocent', 'Innocent', 'Innocent', 'Innocent', 'Innocent', 'Innocent', 'Innocent', 'Innocent', 'Innocent', 'Innocent', 'Innocent', 'Innocent', 'Innocent', 'Innocent', 'Innocent', 'Innocent', 'Innocent', 'Innocent', 'Innocent', 'Innocent', 'Innocent', 'Innocent', 'Innocent', 'Innocent', 'Innocent', 'Innocent', 'Innocent', 'Innocent', 'Innocent', 'Innocent', 'Innocent', 'Innocent', 'Innocent', 'Innocent', 'Innocent', 'Innocent', 'Innocent', 'Innocent', 'Innocent', 'Innocent', 'Innocent', 'Innocent', 'Innocent', 'Innocent', 'Innocent', 'Innocent', 'Innocent', 'Innocent', 'Innocent', 'Innocent', 'Innocent', 'Innocent', 'Innocent', 'Innocent', 'Innocent', 'Innocent', 'Innocent', 'Innocent', 'Innocent', 'Innocent', 'Innocent', 'Innocent', 'Innocent', 'Innocent', 'Innocent', 'Innocent', 'Innocent', 'Innocent', 'Innocent', 'Innocent', 'Innocent', 'Innocent', 'Innocent', 'Innocent', 'Innocent', 'Innocent', 'Innocent', 'Innocent', 'Innocent', 'Innocent', 'Innocent', 'Innocent', 'Innocent', 'Innocent', 'Innocent', 'Innocent', 'Innocent', 'Innocent', 'Innocent', 'Innocent', 'Innocent', 'Innocent', 'Innocent', 'Innocent', 'Innocent', 'Innocent', 'Innocent', 'Innocent', 'Innocent', 'Innocent', 'Innocent', 'Innocent', 'Innocent', 'Innocent', 'Innocent', 'Innocent', 'Innocent', 'Innocent', 'Innocent', 'Innocent', 'Innocent', 'Innocent', 'Innocent', 'Innocent', 'Innocent', 'Innocent', 'Innocent', 'Innocent', 'Innocent', 'Innocent', 'Innocent', 'Innocent', 'Innocent', 'Innocent', 'Innocent', 'Innocent', 'Innocent', 'Innocent', 'Innocent', 'Innocent', 'Innocent', 'Innocent', 'Innocent', 'Innocent', 'Innocent', 'Innocent', 'Innocent', 'Innocent', 'Innocent', 'Innocent', 'Innocent', 'Innocent', 'Innocent', 'Innocent', 'Innocent', 'Innocent', 'Innocent', 'Innocent', 'Innocent', 'Innocent', 'Innocent', 'Innocent', 'Innocent', 'Innocent', 'Innocent', 'Innocent', 'Innocent', 'Innocent', 'Innocent', 'Innocent', 'Innocent', 'Innocent', 'Innocent', 'Innocent', 'Innocent', 'Innocent', 'Innocent', 'Innocent', 'Innocent', 'Innocent', 'Innocent', 'Innocent', 'Innocent', 'Innocent', 'Innocent', 'Innocent', 'Innocent', 'Innocent', 'Innocent', 'Innocent', 'Innocent', 'Innocent', 'Innocent', 'Innocent', 'Innocent', 'Innocent', 'Innocent', 'Innocent', 'Innocent', 'Innocent', 'Innocent', 'Innocent', 'Innocent', 'Innocent', 'Innocent', 'Innocent', 'Innocent', 'Innocent', 'Innocent', 'Innocent', 'Innocent', 'Innocent', 'Innocent', 'Innocent', 'Innocent', 'Innocent', 'Innocent', 'Innocent', 'Innocent', 'Innocent', 'Innocent', 'Innocent', 'Innocent', 'Innocent', 'Innocent', 'Innocent', 'Innocent', 'Innocent', 'Innocent', 'Innocent', 'Innocent', 'Innocent', 'Innocent', 'Innocent', 'Innocent', 'Innocent', 'Innocent', 'Innocent', 'Innocent', 'Innocent', 'Innocent', 'Innocent', 'Innocent', 'Innocent', 'Innocent', 'Innocent', 'Innocent', 'Innocent', 'Innocent', 'Innocent', 'Innocent', 'Innocent', 'Innocent', 'Innocent', 'Innocent', 'Innocent', 'Innocent', 'Innocent', 'Innocent', 'Innocent', 'Innocent', 'Innocent', 'Innocent', 'Innocent', 'Innocent', 'Innocent', 'Innocent', 'Innocent', 'Innocent', 'Innocent', 'Innocent', 'Innocent', 'Innocent', 'Innocent', 'Innocent', 'Innocent', 'Innocent', 'Innocent', 'Innocent', 'Innocent', 'Innocent', 'Innocent', 'Innocent', 'Innocent', 'Innocent', 'Innocent', 'Innocent', 'Innocent', 'Innocent', 'Innocent', 'Innocent', 'Innocent', 'Innocent', 'Innocent', 'Innocent', 'Innocent', 'Innocent', 'Innocent', 'Innocent', 'Innocent', 'Innocent', 'Innocent', 'Innocent', 'Innocent', 'Innocent', 'Innocent', 'Innocent', 'Innocent', 'Innocent', 'Innocent', 'Innocent', 'Innocent', 'Innocent', 'Innocent', 'Innocent', 'Innocent', 'Innocent', 'Innocent', 'Innocent', 'Innocent', 'Innocent', 'Innocent', 'Innocent', 'Innocent', 'Innocent', 'Innocent', 'Innocent', 'Innocent', 'Innocent', 'Innocent', 'Innocent', 'Innocent', 'Innocent', 'Innocent', 'Innocent', 'Innocent', 'Innocent', 'Innocent', 'Innocent', 'Innocent', 'Innocent', 'Innocent', 'Innocent', 'Innocent', 'Innocent', 'Innocent', 'Innocent', 'Innocent', 'Innocent', 'Innocent', 'Innocent', 'Innocent', 'Innocent', 'Innocent', 'Innocent', 'Innocent', 'Innocent', 'Innocent', 'Innocent', 'Innocent', 'Innocent', 'Innocent', 'Innocent', 'Innocent', 'Innocent', 'Innocent', 'Innocent', 'Innocent', 'Innocent', 'Innocent', 'Innocent', 'Innocent', 'Innocent', 'Innocent', 'Innocent', 'Innocent', 'Innocent', 'Innocent', 'Innocent', 'Innocent', 'Innocent', 'Innocent', 'Innocent', 'Innocent', 'Innocent', 'Innocent', 'Innocent', 'Innocent', 'Innocent', 'Innocent', 'Innocent', 'Innocent', 'Innocent', 'Innocent', 'Innocent', 'Innocent', 'Innocent', 'Innocent', 'Innocent', 'Innocent', 'Innocent', 'Innocent', 'Innocent', 'Innocent', 'Innocent', 'Innocent', 'Innocent', 'Innocent', 'Innocent', 'Innocent', 'Innocent', 'Innocent', 'Innocent', 'Innocent', 'Innocent', 'Innocent', 'Innocent', 'Innocent', 'Innocent', 'Innocent', 'Innocent', 'Innocent', 'Innocent', 'Innocent', 'Innocent', 'Innocent', 'Innocent', 'Innocent', 'Innocent', 'Innocent', 'Innocent', 'Innocent', 'Innocent', 'Innocent', 'Innocent', 'Innocent', 'Innocent', 'Innocent', 'Innocent', 'Innocent', 'Innocent', 'Innocent', 'Innocent', 'Innocent', 'Innocent', 'Innocent', 'Innocent', 'Innocent', 'Innocent', 'Innocent', 'Innocent', 'Innocent', 'Innocent', 'Innocent', 'Innocent', 'Innocent', 'Innocent', 'Innocent', 'Innocent', 'Innocent', 'Innocent', 'Innocent', 'Innocent', 'Innocent', 'Innocent', 'Innocent', 'Innocent', 'Innocent', 'Innocent', 'Innocent', 'Innocent', 'Innocent', 'Innocent', 'Innocent', 'Innocent', 'Innocent', 'Innocent', 'Innocent', 'Innocent', 'Innocent', 'Innocent', 'Innocent', 'Innocent', 'Innocent', 'Innocent', 'Innocent', 'Innocent', 'Innocent', 'Innocent', 'Innocent', 'Innocent', 'Innocent', 'Innocent', 'Innocent', 'Innocent', 'Innocent', 'Innocent', 'Innocent', 'Innocent', 'Innocent', 'Innocent', 'Innocent', 'Innocent', 'Innocent', 'Innocent', 'Innocent', 'Innocent', 'Innocent', 'Innocent', 'Innocent', 'Innocent', 'Innocent', 'Innocent', 'Innocent', 'Innocent', 'Innocent', 'Innocent', 'Innocent', 'Innocent', 'Innocent', 'Innocent', 'Innocent', 'Innocent', 'Innocent', 'Innocent', 'Innocent', 'Innocent', 'Innocent', 'Innocent', 'Innocent', 'Innocent', 'Innocent', 'Innocent', 'Innocent', 'Innocent', 'Innocent', 'Innocent', 'Innocent', 'Innocent', 'Innocent', 'Innocent', 'Innocent', 'Innocent', 'Innocent', 'Innocent', 'Innocent', 'Innocent', 'Innocent', 'Innocent', 'Innocent', 'Innocent', 'Innocent', 'Innocent', 'Innocent', 'Innocent', 'Innocent', 'Innocent', 'Innocent', 'Innocent', 'Innocent', 'Innocent', 'Innocent', 'Innocent', 'Innocent', 'Innocent', 'Innocent', 'Innocent', 'Innocent', 'Innocent', 'Innocent', 'Innocent', 'Innocent', 'Innocent', 'Innocent', 'Innocent', 'Innocent', 'Innocent', 'Innocent', 'Innocent', 'Innocent', 'Innocent', 'Innocent', 'Innocent', 'Innocent', 'Innocent', 'Innocent', 'Innocent', 'Innocent', 'Innocent', 'Innocent', 'Innocent', 'Innocent', 'Innocent', 'Innocent', 'Innocent', 'Innocent', 'Innocent', 'Innocent', 'Innocent', 'Innocent', 'Innocent', 'Innocent', 'Innocent', 'Innocent', 'Innocent', 'Innocent', 'Innocent', 'Innocent', 'Innocent', 'Innocent', 'Innocent', 'Innocent', 'Innocent', 'Innocent', 'Innocent', 'Innocent', 'Innocent', 'Innocent', 'Innocent', 'Innocent', 'Innocent', 'Innocent', 'Innocent', 'Innocent', 'Innocent', 'Innocent', 'Innocent', 'Innocent', 'Innocent', 'Innocent', 'Innocent', 'Innocent', 'Innocent', 'Innocent', 'Innocent', 'Innocent', 'Innocent', 'Innocent', 'Innocent', 'Innocent', 'Innocent', 'Innocent', 'Innocent', 'Innocent', 'Innocent', 'Innocent', 'Innocent', 'Innocent', 'Innocent', 'Innocent', 'Innocent', 'Innocent', 'Innocent', 'Innocent', 'Innocent', 'Innocent', 'Innocent', 'Innocent', 'Innocent', 'Innocent', 'Innocent', 'Innocent', 'Innocent', 'Innocent', 'Innocent', 'Innocent', 'Innocent', 'Innocent', 'Innocent', 'Innocent', 'Innocent', 'Innocent', 'Innocent', 'Innocent', 'Innocent', 'Innocent', 'Innocent', 'Innocent', 'Innocent', 'Innocent', 'Innocent', 'Innocent', 'Innocent', 'Innocent', 'Innocent', 'Innocent', 'Innocent', 'Innocent', 'Innocent', 'Innocent', 'Innocent', 'Innocent', 'Innocent', 'Innocent', 'Innocent', 'Innocent', 'Innocent', 'Innocent', 'Innocent', 'Innocent', 'Innocent', 'Innocent', 'Innocent', 'Innocent', 'Innocent', 'Innocent', 'Innocent', 'Innocent', 'Innocent', 'Innocent', 'Innocent', 'Innocent', 'Innocent', 'Innocent', 'Innocent', 'Innocent', 'Innocent', 'Innocent', 'Innocent', 'Innocent', 'Innocent', 'Innocent', 'Innocent', 'Innocent', 'Innocent', 'Innocent', 'Innocent', 'Innocent', 'Innocent', 'Innocent', 'Innocent', 'Innocent', 'Innocent', 'Innocent', 'Innocent', 'Innocent', 'Innocent', 'Innocent', 'Innocent', 'Innocent', 'Innocent', 'Innocent', 'Innocent', 'Innocent', 'Innocent', 'Innocent', 'Innocent', 'Innocent', 'Innocent', 'Innocent', 'Innocent', 'Innocent', 'Innocent', 'Innocent', 'Innocent', 'Innocent', 'Innocent', 'Innocent', 'Innocent', 'Innocent', 'Innocent', 'Innocent', 'Innocent', 'Innocent', 'Innocent', 'Innocent', 'Innocent', 'Innocent', 'Innocent', 'Innocent', 'Innocent', 'Innocent', 'Innocent', 'Innocent', 'Innocent', 'Innocent', 'Innocent', 'Innocent', 'Innocent', 'Innocent', 'Innocent', 'Innocent', 'Innocent', 'Innocent', 'Innocent', 'Innocent', 'Innocent', 'Innocent', 'Innocent', 'Innocent', 'Innocent', 'Innocent', 'Innocent', 'Innocent', 'Innocent', 'Innocent', 'Innocent', 'Innocent', 'Innocent', 'Innocent', 'Innocent', 'Innocent', 'Innocent', 'Innocent', 'Innocent', 'Innocent', 'Innocent', 'Innocent', 'Innocent', 'Innocent', 'Innocent', 'Innocent', 'Innocent', 'Innocent', 'Innocent', 'Innocent', 'Innocent', 'Innocent', 'Innocent', 'Innocent', 'Innocent', 'Innocent', 'Innocent', 'Innocent', 'Innocent', 'Innocent', 'Innocent', 'Innocent', 'Innocent', 'Innocent', 'Innocent', 'Innocent', 'Innocent', 'Innocent', 'Innocent', 'Innocent', 'Innocent', 'Innocent', 'Innocent', 'Innocent', 'Innocent', 'Innocent', 'Innocent', 'Innocent', 'Innocent', 'Innocent', 'Innocent', 'Innocent', 'Innocent', 'Innocent', 'Innocent', 'Innocent', 'Innocent', 'Innocent', 'Innocent', 'Innocent', 'Innocent', 'Innocent', 'Innocent', 'Innocent', 'Innocent', 'Innocent', 'Innocent', 'Innocent', 'Innocent', 'Innocent', 'Innocent', 'Innocent', 'Innocent', 'Innocent', 'Innocent', 'Innocent', 'Innocent', 'Innocent', 'Innocent', 'Innocent', 'Innocent', 'Innocent', 'Innocent', 'Innocent', 'Innocent', 'Innocent', 'Innocent', 'Innocent', 'Innocent', 'Innocent', 'Innocent', 'Innocent', 'Innocent', 'Innocent', 'Innocent', 'Innocent', 'Innocent', 'Innocent', 'Innocent', 'Innocent', 'Innocent', 'Innocent', 'Innocent', 'Innocent', 'Innocent', 'Innocent', 'Innocent', 'Innocent', 'Innocent', 'Innocent', 'Innocent', 'Innocent', 'Innocent', 'Innocent', 'Innocent', 'Innocent', 'Innocent', 'Innocent', 'Innocent', 'Innocent', 'Innocent', 'Innocent', 'Innocent', 'Innocent', 'Innocent', 'Innocent', 'Innocent', 'Innocent', 'Innocent', 'Innocent', 'Innocent', 'Innocent', 'Innocent', 'Innocent', 'Innocent', 'Innocent', 'Innocent', 'Innocent', 'Innocent', 'Innocent', 'Innocent', 'Innocent', 'Innocent', 'Innocent', 'Innocent', 'Innocent', 'Innocent', 'Innocent', 'Innocent', 'Innocent', 'Innocent', 'Innocent', 'Innocent', 'Innocent', 'Innocent', 'Innocent', 'Innocent', 'Innocent', 'Innocent', 'Innocent', 'Innocent', 'Innocent', 'Innocent', 'Innocent', 'Innocent', 'Innocent', 'Innocent', 'Innocent', 'Innocent', 'Innocent', 'Innocent', 'Innocent', 'Innocent', 'Innocent', 'Innocent', 'Innocent', 'Innocent', 'Innocent', 'Innocent', 'Innocent', 'Innocent', 'Innocent', 'Innocent', 'Innocent', 'Innocent', 'Innocent', 'Innocent', 'Innocent', 'Innocent', 'Innocent', 'Innocent', 'Innocent', 'Innocent', 'Innocent', 'Innocent', 'Innocent', 'Innocent', 'Innocent', 'Innocent', 'Innocent', 'Innocent', 'Innocent', 'Innocent', 'Innocent', 'Innocent', 'Innocent', 'Innocent', 'Innocent', 'Innocent', 'Innocent', 'Innocent', 'Innocent', 'Innocent', 'Innocent', 'Innocent', 'Innocent', 'Innocent', 'Innocent', 'Innocent', 'Innocent', 'Innocent', 'Innocent', 'Innocent', 'Innocent', 'Innocent', 'Innocent', 'Innocent', 'Innocent', 'Innocent', 'Innocent', 'Innocent', 'Innocent', 'Innocent', 'Innocent', 'Innocent', 'Innocent', 'Innocent', 'Innocent', 'Innocent', 'Innocent', 'Innocent', 'Innocent', 'Innocent', 'Innocent', 'Innocent', 'Innocent', 'Innocent', 'Innocent', 'Innocent', 'Innocent', 'Innocent', 'Innocent', 'Innocent', 'Innocent', 'Innocent', 'Innocent', 'Innocent', 'Innocent', 'Innocent', 'Innocent', 'Innocent', 'Innocent', 'Innocent', 'Innocent', 'Innocent', 'Innocent', 'Innocent', 'Innocent', 'Innocent', 'Innocent', 'Innocent', 'Innocent', 'Innocent', 'Innocent', 'Innocent', 'Innocent', 'Innocent', 'Innocent', 'Innocent', 'Innocent', 'Innocent', 'Innocent', 'Innocent', 'Innocent', 'Innocent', 'Innocent', 'Innocent', 'Innocent', 'Innocent', 'Innocent', 'Innocent', 'Innocent', 'Innocent', 'Innocent', 'Innocent', 'Innocent', 'Innocent', 'Innocent', 'Innocent', 'Innocent', 'Innocent', 'Innocent', 'Innocent', 'Innocent', 'Innocent', 'Innocent', 'Innocent', 'Innocent', 'Innocent', 'Innocent', 'Innocent', 'Innocent', 'Innocent', 'Innocent', 'Innocent', 'Innocent', 'Innocent', 'Innocent', 'Innocent', 'Innocent', 'Innocent', 'Innocent', 'Innocent', 'Innocent', 'Innocent', 'Innocent', 'Innocent', 'Innocent', 'Innocent', 'Innocent', 'Innocent', 'Innocent', 'Innocent', 'Innocent', 'Innocent', 'Innocent', 'Innocent', 'Innocent', 'Innocent', 'Innocent', 'Innocent', 'Innocent', 'Innocent', 'Innocent', 'Innocent', 'Innocent', 'Innocent', 'Innocent', 'Innocent', 'Innocent', 'Innocent', 'Innocent', 'Innocent', 'Innocent', 'Innocent', 'Innocent', 'Innocent', 'Innocent', 'Innocent', 'Innocent', 'Innocent', 'Innocent', 'Innocent', 'Innocent', 'Innocent', 'Innocent', 'Innocent', 'Innocent', 'Innocent', 'Innocent', 'Innocent', 'Innocent', 'Innocent', 'Innocent', 'Innocent', 'Innocent', 'Innocent', 'Innocent', 'Innocent', 'Innocent', 'Innocent', 'Innocent', 'Innocent', 'Innocent', 'Innocent', 'Innocent', 'Innocent', 'Innocent', 'Innocent', 'Innocent', 'Innocent', 'Innocent', 'Innocent', 'Innocent', 'Innocent', 'Innocent', 'Innocent', 'Innocent', 'Innocent', 'Innocent', 'Innocent', 'Innocent', 'Innocent', 'Innocent', 'Innocent', 'Innocent', 'Innocent', 'Innocent', 'Innocent', 'Innocent', 'Innocent', 'Innocent', 'Innocent', 'Innocent', 'Innocent', 'Innocent', 'Innocent', 'Innocent', 'Innocent', 'Innocent', 'Innocent', 'Innocent', 'Innocent', 'Innocent', 'Innocent', 'Innocent', 'Innocent', 'Innocent', 'Innocent', 'Innocent', 'Innocent', 'Innocent', 'Innocent', 'Innocent', 'Innocent', 'Innocent', 'Innocent', 'Innocent', 'Innocent', 'Innocent', 'Innocent', 'Innocent', 'Innocent', 'Innocent', 'Innocent', 'Innocent', 'Innocent', 'Innocent', 'Innocent', 'Innocent', 'Innocent', 'Innocent', 'Innocent', 'Innocent', 'Innocent', 'Innocent', 'Innocent', 'Innocent', 'Innocent', 'Innocent', 'Innocent', 'Innocent', 'Innocent', 'Innocent', 'Innocent', 'Innocent', 'Innocent', 'Innocent', 'Innocent', 'Innocent', 'Innocent', 'Innocent', 'Innocent', 'Innocent', 'Innocent', 'Innocent', 'Innocent', 'Innocent', 'Innocent', 'Innocent', 'Innocent', 'Innocent', 'Innocent', 'Innocent', 'Innocent', 'Innocent', 'Innocent', 'Innocent', 'Innocent', 'Innocent', 'Innocent', 'Innocent', 'Innocent', 'Innocent', 'Innocent', 'Innocent', 'Innocent', 'Innocent', 'Innocent', 'Innocent', 'Innocent', 'Innocent', 'Innocent', 'Innocent', 'Innocent', 'Innocent', 'Innocent', 'Innocent', 'Innocent', 'Innocent', 'Innocent', 'Innocent', 'Innocent', 'Innocent', 'Innocent', 'Innocent', 'Innocent', 'Innocent', 'Innocent', 'Innocent', 'Innocent', 'Innocent', 'Innocent', 'Innocent', 'Innocent', 'Innocent', 'Innocent', 'Innocent', 'Innocent', 'Innocent', 'Innocent', 'Innocent', 'Innocent', 'Innocent', 'Innocent', 'Innocent', 'Innocent', 'Innocent', 'Innocent', 'Innocent', 'Innocent', 'Innocent', 'Innocent', 'Innocent', 'Innocent', 'Innocent', 'Innocent', 'Innocent', 'Innocent', 'Innocent', 'Innocent', 'Innocent', 'Innocent', 'Innocent', 'Innocent', 'Innocent', 'Innocent', 'Innocent', 'Innocent', 'Innocent', 'Innocent', 'Innocent', 'Innocent', 'Innocent', 'Innocent', 'Innocent', 'Innocent', 'Innocent', 'Innocent', 'Innocent', 'Innocent', 'Innocent', 'Innocent', 'Innocent', 'Innocent', 'Innocent', 'Innocent', 'Innocent', 'Innocent', 'Innocent', 'Innocent', 'Innocent', 'Innocent', 'Innocent', 'Innocent', 'Innocent', 'Innocent', 'Innocent', 'Innocent', 'Innocent', 'Innocent', 'Innocent', 'Innocent', 'Innocent', 'Innocent', 'Innocent', 'Innocent', 'Innocent', 'Innocent', 'Innocent', 'Innocent', 'Innocent', 'Innocent', 'Innocent', 'Innocent', 'Innocent', 'Innocent', 'Innocent', 'Innocent', 'Innocent', 'Innocent', 'Innocent', 'Innocent', 'Innocent', 'Innocent', 'Innocent', 'Innocent', 'Innocent', 'Innocent', 'Innocent', 'Innocent', 'Innocent', 'Innocent', 'Innocent', 'Innocent', 'Innocent', 'Innocent', 'Innocent', 'Innocent', 'Innocent', 'Innocent', 'Innocent', 'Innocent', 'Innocent', 'Innocent', 'Innocent', 'Innocent', 'Innocent', 'Innocent', 'Innocent', 'Innocent', 'Innocent', 'Innocent', 'Innocent', 'Innocent', 'Innocent', 'Innocent', 'Innocent', 'Innocent', 'Innocent', 'Innocent', 'Innocent', 'Innocent', 'Innocent', 'Innocent', 'Innocent', 'Innocent', 'Innocent', 'Innocent', 'Innocent', 'Innocent', 'Innocent', 'Innocent', 'Innocent', 'Innocent', 'Innocent', 'Innocent', 'Innocent', 'Innocent', 'Innocent', 'Innocent', 'Innocent', 'Innocent', 'Innocent', 'Innocent', 'Innocent', 'Innocent', 'Innocent', 'Innocent', 'Innocent', 'Innocent', 'Innocent', 'Innocent', 'Innocent', 'Innocent', 'Innocent', 'Innocent', 'Innocent', 'Innocent', 'Innocent', 'Innocent', 'Innocent', 'Innocent', 'Innocent', 'Innocent', 'Innocent', 'Innocent', 'Innocent', 'Innocent', 'Innocent', 'Innocent', 'Innocent', 'Innocent', 'Innocent', 'Innocent', 'Innocent', 'Innocent', 'Innocent', 'Innocent', 'Innocent', 'Innocent', 'Innocent', 'Innocent', 'Innocent', 'Innocent', 'Innocent', 'Innocent', 'Innocent', 'Innocent', 'Innocent', 'Innocent', 'Innocent', 'Innocent', 'Innocent', 'Innocent', 'Innocent', 'Innocent', 'Innocent', 'Innocent', 'Innocent', 'Innocent', 'Innocent', 'Innocent', 'Innocent', 'Innocent', 'Innocent', 'Innocent', 'Innocent', 'Innocent', 'Innocent', 'Innocent', 'Innocent', 'Innocent', 'Innocent', 'Innocent', 'Innocent', 'Innocent', 'Innocent', 'Innocent', 'Innocent', 'Innocent', 'Innocent', 'Innocent', 'Innocent', 'Innocent', 'Innocent', 'Innocent', 'Innocent', 'Innocent', 'Innocent', 'Innocent', 'Innocent', 'Innocent', 'Innocent', 'Innocent', 'Innocent', 'Innocent', 'Innocent', 'Innocent', 'Innocent', 'Innocent', 'Innocent', 'Innocent', 'Innocent', 'Innocent', 'Innocent', 'Innocent', 'Innocent', 'Innocent', 'Innocent', 'Innocent', 'Innocent', 'Innocent', 'Innocent', 'Innocent', 'Innocent', 'Innocent', 'Innocent', 'Innocent', 'Innocent', 'Innocent', 'Innocent', 'Innocent', 'Innocent', 'Innocent', 'Innocent', 'Innocent', 'Innocent', 'Innocent', 'Innocent', 'Innocent', 'Innocent', 'Innocent', 'Innocent', 'Innocent', 'Innocent', 'Innocent', 'Innocent', 'Innocent', 'Innocent', 'Innocent', 'Innocent', 'Innocent', 'Innocent', 'Innocent', 'Innocent', 'Innocent', 'Innocent', 'Innocent', 'Innocent', 'Innocent', 'Innocent', 'Innocent', 'Innocent', 'Innocent', 'Innocent', 'Innocent', 'Innocent', 'Innocent', 'Innocent', 'Innocent', 'Innocent', 'Innocent', 'Innocent', 'Innocent', 'Innocent', 'Innocent', 'Innocent', 'Innocent', 'Innocent', 'Innocent', 'Innocent', 'Innocent', 'Innocent', 'Innocent', 'Innocent', 'Innocent', 'Innocent', 'Innocent', 'Innocent', 'Innocent', 'Innocent', 'Innocent', 'Innocent', 'Innocent', 'Innocent', 'Innocent', 'Innocent', 'Innocent', 'Innocent', 'Innocent', 'Innocent', 'Innocent', 'Innocent', 'Innocent', 'Innocent', 'Innocent', 'Innocent', 'Innocent', 'Innocent', 'Innocent', 'Innocent', 'Innocent', 'Innocent', 'Innocent', 'Innocent', 'Innocent', 'Innocent', 'Innocent', 'Innocent', 'Innocent', 'Innocent', 'Innocent', 'Innocent', 'Innocent', 'Innocent', 'Innocent', 'Innocent', 'Innocent', 'Innocent', 'Innocent', 'Innocent', 'Innocent', 'Innocent', 'Innocent', 'Innocent', 'Innocent', 'Innocent', 'Innocent', 'Innocent', 'Innocent', 'Innocent', 'Innocent', 'Innocent', 'Innocent', 'Innocent', 'Innocent', 'Innocent', 'Innocent', 'Innocent', 'Innocent', 'Innocent', 'Innocent', 'Innocent', 'Innocent', 'Innocent', 'Innocent', 'Innocent', 'Innocent', 'Innocent', 'Innocent', 'Innocent', 'Innocent', 'Innocent', 'Innocent', 'Innocent', 'Innocent', 'Innocent', 'Innocent', 'Innocent', 'Innocent', 'Innocent', 'Innocent', 'Innocent', 'Innocent', 'Innocent', 'Innocent', 'Innocent', 'Innocent', 'Innocent', 'Innocent', 'Innocent', 'Innocent', 'Innocent', 'Innocent', 'Innocent', 'Innocent', 'Innocent', 'Innocent', 'Innocent', 'Innocent', 'Innocent', 'Innocent', 'Innocent', 'Innocent', 'Innocent', 'Innocent', 'Innocent', 'Innocent', 'Innocent', 'Innocent', 'Innocent', 'Innocent', 'Innocent', 'Innocent', 'Innocent', 'Innocent', 'Innocent', 'Innocent', 'Innocent', 'Innocent', 'Innocent', 'Innocent', 'Innocent', 'Innocent', 'Innocent', 'Innocent', 'Innocent', 'Innocent', 'Innocent', 'Innocent', 'Innocent', 'Innocent', 'Innocent', 'Innocent', 'Innocent', 'Innocent', 'Innocent', 'Innocent', 'Innocent', 'Innocent', 'Innocent', 'Innocent', 'Innocent', 'Innocent', 'Innocent', 'Innocent', 'Innocent', 'Innocent', 'Innocent', 'Innocent', 'Innocent', 'Innocent', 'Innocent', 'Innocent', 'Innocent', 'Innocent', 'Innocent', 'Innocent', 'Innocent', 'Innocent', 'Innocent', 'Innocent', 'Innocent', 'Innocent', 'Innocent', 'Innocent', 'Innocent', 'Innocent', 'Innocent', 'Innocent', 'Innocent', 'Innocent', 'Innocent', 'Innocent', 'Innocent', 'Innocent', 'Innocent', 'Innocent', 'Innocent', 'Innocent', 'Innocent', 'Innocent', 'Innocent', 'Innocent', 'Innocent', 'Innocent', 'Innocent', 'Innocent', 'Innocent', 'Innocent', 'Innocent', 'Innocent', 'Innocent', 'Innocent', 'Innocent', 'Innocent', 'Innocent', 'Innocent', 'Innocent', 'Innocent', 'Innocent', 'Innocent', 'Innocent', 'Innocent', 'Innocent', 'Innocent', 'Innocent', 'Innocent', 'Innocent', 'Innocent', 'Innocent', 'Innocent', 'Innocent', 'Innocent', 'Innocent', 'Innocent', 'Innocent', 'Innocent', 'Innocent', 'Innocent', 'Innocent', 'Innocent', 'Innocent', 'Innocent', 'Innocent', 'Innocent', 'Innocent', 'Innocent', 'Innocent', 'Innocent', 'Innocent', 'Innocent', 'Innocent', 'Innocent', 'Innocent', 'Innocent', 'Innocent', 'Innocent', 'Innocent', 'Innocent', 'Innocent', 'Innocent', 'Innocent', 'Innocent', 'Innocent', 'Innocent', 'Innocent', 'Innocent', 'Innocent', 'Innocent', 'Innocent', 'Innocent', 'Innocent', 'Innocent', 'Innocent', 'Innocent', 'Innocent', 'Innocent', 'Innocent', 'Innocent', 'Innocent', 'Innocent', 'Innocent', 'Innocent', 'Innocent', 'Innocent', 'Innocent', 'Innocent', 'Innocent', 'Innocent', 'Innocent', 'Innocent', 'Innocent', 'Innocent', 'Innocent', 'Innocent', 'Innocent', 'Innocent', 'Innocent', 'Innocent', 'Innocent', 'Innocent', 'Innocent', 'Innocent', 'Innocent', 'Innocent', 'Innocent', 'Innocent', 'Innocent', 'Innocent', 'Innocent', 'Innocent', 'Innocent', 'Innocent', 'Innocent', 'Innocent', 'Innocent', 'Innocent', 'Innocent', 'Innocent', 'Innocent', 'Innocent', 'Innocent', 'Innocent', 'Innocent', 'Innocent', 'Innocent', 'Innocent', 'Innocent', 'Innocent', 'Innocent', 'Innocent', 'Innocent', 'Innocent', 'Innocent', 'Innocent', 'Innocent', 'Innocent', 'Innocent', 'Innocent', 'Innocent', 'Innocent', 'Innocent', 'Innocent', 'Innocent', 'Innocent', 'Innocent', 'Innocent', 'Innocent', 'Innocent', 'Innocent', 'Innocent', 'Innocent', 'Innocent', 'Innocent', 'Innocent', 'Innocent', 'Innocent', 'Innocent', 'Innocent', 'Innocent', 'Innocent', 'Innocent', 'Innocent', 'Innocent', 'Innocent', 'Innocent', 'Innocent', 'Innocent', 'Innocent', 'Innocent', 'Innocent', 'Innocent', 'Innocent', 'Innocent', 'Innocent', 'Innocent', 'Innocent', 'Innocent', 'Innocent', 'Innocent', 'Innocent', 'Innocent', 'Innocent', 'Innocent', 'Innocent', 'Innocent', 'Innocent', 'Innocent', 'Innocent', 'Innocent', 'Innocent', 'Innocent', 'Innocent', 'Innocent', 'Innocent', 'Innocent', 'Innocent', 'Innocent', 'Innocent', 'Innocent', 'Innocent', 'Innocent', 'Innocent', 'Innocent', 'Innocent', 'Innocent', 'Innocent', 'Innocent', 'Innocent', 'Innocent', 'Innocent', 'Innocent', 'Innocent', 'Innocent', 'Innocent', 'Innocent', 'Innocent', 'Innocent', 'Innocent', 'Innocent', 'Innocent', 'Innocent', 'Innocent', 'Innocent', 'Innocent', 'Innocent', 'Innocent', 'Innocent', 'Innocent', 'Innocent', 'Innocent', 'Innocent', 'Innocent', 'Innocent', 'Innocent', 'Innocent', 'Innocent', 'Innocent', 'Innocent', 'Innocent', 'Innocent', 'Innocent', 'Innocent', 'Innocent', 'Innocent', 'Innocent', 'Innocent', 'Innocent', 'Innocent', 'Innocent', 'Innocent', 'Innocent', 'Innocent', 'Innocent', 'Innocent', 'Innocent', 'Innocent', 'Innocent', 'Innocent', 'Innocent', 'Innocent', 'Innocent', 'Innocent', 'Innocent', 'Innocent', 'Innocent', 'Innocent', 'Innocent', 'Innocent', 'Innocent', 'Innocent', 'Innocent', 'Innocent', 'Innocent', 'Innocent', 'Innocent', 'Innocent', 'Innocent', 'Innocent', 'Innocent', 'Innocent', 'Innocent', 'Innocent', 'Innocent', 'Innocent', 'Innocent', 'Innocent', 'Innocent', 'Innocent', 'Innocent', 'Innocent', 'Innocent', 'Innocent', 'Innocent', 'Innocent', 'Innocent', 'Innocent', 'Innocent', 'Innocent', 'Innocent', 'Innocent', 'Innocent', 'Innocent', 'Innocent', 'Innocent', 'Innocent', 'Innocent', 'Innocent', 'Innocent', 'Innocent', 'Innocent', 'Innocent', 'Innocent', 'Innocent', 'Innocent', 'Innocent', 'Innocent', 'Innocent', 'Innocent', 'Innocent', 'Innocent', 'Innocent', 'Innocent', 'Innocent', 'Innocent', 'Innocent', 'Innocent', 'Innocent', 'Innocent', 'Innocent', 'Innocent', 'Innocent', 'Innocent', 'Innocent', 'Innocent', 'Innocent', 'Innocent', 'Innocent', 'Innocent', 'Innocent', 'Innocent', 'Innocent', 'Innocent', 'Innocent', 'Innocent', 'Innocent', 'Innocent', 'Innocent', 'Innocent', 'Innocent', 'Innocent', 'Innocent', 'Innocent', 'Innocent', 'Innocent', 'Innocent', 'Innocent', 'Innocent', 'Innocent', 'Innocent', 'Innocent', 'Innocent', 'Innocent', 'Innocent', 'Innocent', 'Innocent', 'Innocent', 'Innocent', 'Innocent', 'Innocent', 'Innocent', 'Innocent', 'Innocent', 'Innocent', 'Innocent', 'Innocent', 'Innocent', 'Innocent', 'Innocent', 'Innocent', 'Innocent', 'Innocent', 'Innocent', 'Innocent', 'Innocent', 'Innocent', 'Innocent', 'Innocent', 'Innocent', 'Innocent', 'Innocent', 'Innocent', 'Innocent', 'Innocent', 'Innocent', 'Innocent', 'Innocent', 'Innocent', 'Innocent', 'Innocent', 'Innocent', 'Innocent', 'Innocent', 'Innocent', 'Innocent', 'Innocent', 'Innocent', 'Innocent', 'Innocent', 'Innocent', 'Innocent', 'Innocent', 'Innocent', 'Innocent', 'Innocent', 'Innocent', 'Innocent', 'Innocent', 'Innocent', 'Innocent', 'Innocent', 'Innocent', 'Innocent', 'Innocent', 'Innocent', 'Innocent', 'Innocent', 'Innocent', 'Innocent', 'Innocent', 'Innocent', 'Innocent', 'Innocent', 'Innocent', 'Innocent', 'Innocent', 'Innocent', 'Innocent', 'Innocent', 'Innocent', 'Innocent', 'Innocent', 'Innocent', 'Innocent', 'Innocent', 'Innocent', 'Innocent', 'Innocent', 'Innocent', 'Innocent', 'Innocent', 'Innocent', 'Innocent', 'Innocent', 'Innocent', 'Innocent', 'Innocent', 'Innocent', 'Innocent', 'Innocent', 'Innocent', 'Innocent', 'Innocent', 'Innocent', 'Innocent', 'Innocent', 'Innocent', 'Innocent', 'Innocent', 'Innocent', 'Innocent', 'Innocent', 'Innocent', 'Innocent', 'Innocent', 'Innocent', 'Innocent', 'Innocent', 'Innocent', 'Innocent', 'Innocent', 'Innocent', 'Innocent', 'Innocent', 'Innocent', 'Innocent', 'Innocent', 'Innocent', 'Innocent', 'Innocent', 'Innocent', 'Innocent', 'Innocent', 'Innocent', 'Innocent', 'Innocent', 'Innocent', 'Innocent', 'Innocent', 'Innocent', 'Innocent', 'Innocent', 'Innocent', 'Innocent', 'Innocent', 'Innocent', 'Innocent', 'Innocent', 'Innocent', 'Innocent', 'Innocent', 'Innocent', 'Innocent', 'Innocent', 'Innocent', 'Innocent', 'Innocent', 'Innocent', 'Innocent', 'Innocent', 'Innocent', 'Innocent', 'Innocent', 'Innocent', 'Innocent', 'Innocent', 'Innocent', 'Innocent', 'Innocent', 'Innocent', 'Innocent', 'Innocent', 'Innocent', 'Innocent', 'Innocent', 'Innocent', 'Innocent', 'Innocent', 'Innocent', 'Innocent', 'Innocent', 'Innocent', 'Innocent', 'Innocent', 'Innocent', 'Innocent', 'Innocent', 'Innocent', 'Innocent', 'Innocent', 'Innocent', 'Innocent', 'Innocent', 'Innocent', 'Innocent', 'Innocent', 'Innocent', 'Innocent', 'Innocent', 'Innocent', 'Innocent', 'Innocent', 'Innocent', 'Innocent', 'Innocent', 'Innocent', 'Innocent', 'Innocent', 'Innocent', 'Innocent', 'Innocent', 'Innocent', 'Innocent', 'Innocent', 'Innocent', 'Innocent', 'Innocent', 'Innocent', 'Innocent', 'Innocent', 'Innocent', 'Innocent', 'Innocent', 'Innocent', 'Innocent', 'Innocent', 'Innocent', 'Innocent', 'Innocent', 'Innocent', 'Innocent', 'Innocent', 'Innocent', 'Innocent', 'Innocent', 'Innocent', 'Innocent', 'Innocent', 'Innocent', 'Innocent', 'Innocent', 'Innocent', 'Innocent', 'Innocent', 'Innocent', 'Innocent', 'Innocent', 'Innocent', 'Innocent', 'Innocent', 'Innocent', 'Innocent', 'Innocent', 'Innocent', 'Innocent', 'Innocent', 'Innocent', 'Innocent', 'Innocent', 'Innocent', 'Innocent', 'Innocent', 'Innocent', 'Innocent', 'Innocent', 'Innocent', 'Innocent', 'Innocent', 'Innocent', 'Innocent', 'Innocent', 'Innocent', 'Innocent', 'Innocent', 'Innocent', 'Innocent', 'Innocent', 'Innocent', 'Innocent', 'Innocent', 'Innocent', 'Innocent', 'Innocent', 'Innocent', 'Innocent', 'Innocent', 'Innocent', 'Innocent', 'Innocent', 'Innocent', 'Innocent', 'Innocent', 'Innocent', 'Innocent', 'Innocent', 'Innocent', 'Innocent', 'Innocent', 'Innocent', 'Innocent', 'Innocent', 'Innocent', 'Innocent', 'Innocent', 'Innocent', 'Innocent', 'Innocent', 'Innocent', 'Innocent', 'Innocent', 'Innocent', 'Innocent', 'Innocent', 'Innocent', 'Innocent', 'Innocent', 'Innocent', 'Innocent', 'Innocent', 'Innocent', 'Innocent', 'Innocent', 'Innocent', 'Innocent', 'Innocent', 'Innocent', 'Innocent', 'Innocent', 'Innocent', 'Innocent', 'Innocent', 'Innocent', 'Innocent', 'Innocent', 'Innocent', 'Innocent', 'Innocent', 'Innocent', 'Innocent', 'Innocent', 'Innocent', 'Innocent', 'Innocent', 'Innocent', 'Innocent', 'Innocent', 'Innocent', 'Innocent', 'Innocent', 'Innocent', 'Innocent', 'Innocent', 'Innocent', 'Innocent', 'Innocent', 'Innocent', 'Innocent', 'Innocent', 'Innocent', 'Innocent', 'Innocent', 'Innocent', 'Innocent', 'Innocent', 'Innocent', 'Innocent', 'Innocent', 'Innocent', 'Innocent', 'Innocent', 'Innocent', 'Innocent', 'Innocent', 'Innocent', 'Innocent', 'Innocent', 'Innocent', 'Innocent', 'Innocent', 'Innocent', 'Innocent', 'Innocent', 'Innocent', 'Innocent', 'Innocent', 'Innocent', 'Innocent', 'Innocent', 'Innocent', 'Innocent', 'Innocent', 'Innocent', 'Innocent', 'Innocent', 'Innocent', 'Innocent', 'Innocent', 'Innocent', 'Innocent', 'Innocent', 'Innocent', 'Innocent', 'Innocent', 'Innocent', 'Innocent', 'Innocent', 'Innocent', 'Innocent', 'Innocent', 'Innocent', 'Innocent', 'Innocent', 'Innocent', 'Innocent', 'Innocent', 'Innocent', 'Innocent', 'Innocent', 'Innocent', 'Innocent', 'Innocent', 'Innocent', 'Innocent', 'Innocent', 'Innocent', 'Innocent', 'Innocent', 'Innocent', 'Innocent', 'Innocent', 'Innocent', 'Innocent', 'Innocent', 'Innocent', 'Innocent', 'Innocent', 'Innocent', 'Innocent', 'Innocent', 'Innocent', 'Innocent', 'Innocent', 'Innocent', 'Innocent', 'Innocent', 'Innocent', 'Innocent', 'Innocent', 'Innocent', 'Innocent', 'Innocent', 'Innocent', 'Innocent', 'Innocent', 'Innocent', 'Innocent', 'Innocent', 'Innocent', 'Innocent', 'Innocent', 'Innocent', 'Innocent', 'Innocent', 'Innocent', 'Innocent', 'Innocent', 'Innocent', 'Innocent', 'Innocent', 'Innocent', 'Innocent', 'Innocent', 'Innocent', 'Innocent', 'Innocent', 'Innocent', 'Innocent', 'Innocent', 'Innocent', 'Innocent', 'Innocent', 'Innocent', 'Innocent', 'Innocent', 'Innocent', 'Innocent', 'Innocent', 'Innocent', 'Innocent', 'Innocent', 'Innocent', 'Innocent', 'Innocent', 'Innocent', 'Innocent', 'Innocent', 'Innocent', 'Innocent', 'Innocent', 'Innocent', 'Innocent', 'Innocent', 'Innocent', 'Innocent', 'Innocent', 'Innocent', 'Innocent', 'Innocent', 'Innocent', 'Innocent', 'Innocent', 'Innocent', 'Innocent', 'Innocent', 'Innocent', 'Innocent', 'Innocent', 'Innocent', 'Innocent', 'Innocent', 'Innocent', 'Innocent', 'Innocent', 'Innocent', 'Innocent', 'Innocent', 'Innocent', 'Innocent', 'Innocent', 'Innocent', 'Innocent', 'Innocent', 'Innocent', 'Innocent', 'Innocent', 'Innocent', 'Innocent', 'Innocent', 'Innocent', 'Innocent', 'Innocent', 'Innocent', 'Innocent', 'Innocent', 'Innocent', 'Innocent', 'Innocent', 'Innocent', 'Innocent', 'Innocent', 'Innocent', 'Innocent', 'Innocent', 'Innocent', 'Innocent', 'Innocent', 'Innocent', 'Innocent', 'Innocent', 'Innocent', 'Innocent', 'Innocent', 'Innocent', 'Innocent', 'Innocent', 'Innocent', 'Innocent', 'Innocent', 'Innocent', 'Innocent', 'Innocent', 'Innocent', 'Innocent', 'Innocent', 'Innocent', 'Innocent', 'Innocent', 'Innocent', 'Innocent', 'Innocent', 'Innocent', 'Innocent', 'Innocent', 'Innocent', 'Innocent', 'Innocent', 'Innocent', 'Innocent', 'Innocent', 'Innocent', 'Innocent', 'Innocent', 'Innocent', 'Innocent', 'Innocent', 'Innocent', 'Innocent', 'Innocent', 'Innocent', 'Innocent', 'Innocent', 'Innocent', 'Innocent', 'Innocent', 'Innocent', 'Innocent', 'Innocent', 'Innocent', 'Innocent', 'Innocent', 'Innocent', 'Innocent', 'Innocent', 'Innocent', 'Innocent', 'Innocent', 'Innocent', 'Innocent', 'Innocent', 'Innocent', 'Innocent', 'Innocent', 'Innocent', 'Innocent', 'Innocent', 'Innocent', 'Innocent', 'Innocent', 'Innocent', 'Innocent', 'Innocent', 'Innocent', 'Innocent', 'Innocent', 'Innocent', 'Innocent', 'Innocent', 'Innocent', 'Innocent', 'Innocent', 'Innocent', 'Innocent', 'Innocent', 'Innocent', 'Innocent', 'Innocent', 'Innocent', 'Innocent', 'Innocent', 'Innocent', 'Innocent', 'Innocent', 'Innocent', 'Innocent', 'Innocent', 'Innocent', 'Innocent', 'Innocent', 'Innocent', 'Innocent', 'Innocent', 'Innocent', 'Innocent', 'Innocent', 'Innocent', 'Innocent', 'Innocent', 'Innocent', 'Innocent', 'Innocent', 'Innocent', 'Innocent', 'Innocent', 'Innocent', 'Innocent', 'Innocent', 'Innocent', 'Innocent', 'Innocent', 'Innocent', 'Innocent', 'Innocent', 'Innocent', 'Innocent', 'Innocent', 'Innocent', 'Innocent', 'Innocent', 'Innocent', 'Innocent', 'Innocent', 'Innocent', 'Innocent', 'Innocent', 'Innocent', 'Innocent', 'Innocent', 'Innocent', 'Innocent', 'Innocent', 'Innocent', 'Innocent', 'Innocent', 'Innocent', 'Innocent', 'Innocent', 'Innocent', 'Innocent', 'Innocent', 'Innocent', 'Innocent', 'Innocent', 'Innocent', 'Innocent', 'Innocent', 'Innocent', 'Innocent', 'Innocent', 'Innocent', 'Innocent', 'Innocent', 'Innocent', 'Innocent', 'Innocent', 'Innocent', 'Innocent', 'Innocent', 'Innocent', 'Innocent', 'Innocent', 'Innocent', 'Innocent', 'Innocent', 'Innocent', 'Innocent', 'Innocent', 'Innocent', 'Innocent', 'Innocent', 'Innocent', 'Innocent', 'Innocent', 'Innocent', 'Innocent', 'Innocent', 'Innocent', 'Innocent', 'Innocent', 'Innocent', 'Innocent', 'Innocent', 'Innocent', 'Innocent', 'Innocent', 'Innocent', 'Innocent', 'Innocent', 'Innocent', 'Innocent', 'Innocent', 'Innocent', 'Innocent', 'Innocent', 'Innocent', 'Innocent', 'Innocent', 'Innocent', 'Innocent', 'Innocent', 'Innocent', 'Innocent', 'Innocent', 'Innocent', 'Innocent', 'Innocent', 'Innocent', 'Innocent', 'Innocent', 'Innocent', 'Innocent', 'Innocent', 'Innocent', 'Innocent', 'Innocent', 'Innocent', 'Innocent', 'Innocent', 'Innocent', 'Innocent', 'Innocent', 'Innocent', 'Innocent', 'Innocent', 'Innocent', 'Innocent', 'Innocent', 'Innocent', 'Innocent', 'Innocent', 'Innocent', 'Innocent', 'Innocent', 'Innocent', 'Innocent', 'Innocent', 'Innocent', 'Innocent', 'Innocent', 'Innocent', 'Innocent', 'Innocent', 'Innocent', 'Innocent', 'Innocent', 'Innocent', 'Innocent', 'Innocent', 'Innocent', 'Innocent', 'Innocent', 'Innocent', 'Innocent', 'Innocent', 'Innocent', 'Innocent', 'Innocent', 'Innocent', 'Innocent', 'Innocent', 'Innocent', 'Innocent', 'Innocent', 'Innocent', 'Innocent', 'Innocent', 'Innocent', 'Innocent', 'Innocent', 'Innocent', 'Innocent', 'Innocent', 'Innocent', 'Innocent', 'Innocent', 'Innocent', 'Innocent', 'Innocent', 'Innocent', 'Innocent', 'Innocent', 'Innocent', 'Innocent', 'Innocent', 'Innocent', 'Innocent', 'Innocent', 'Innocent', 'Innocent', 'Innocent', 'Innocent', 'Innocent', 'Innocent', 'Innocent', 'Innocent', 'Innocent', 'Innocent', 'Innocent', 'Innocent', 'Innocent', 'Innocent', 'Innocent', 'Innocent', 'Innocent', 'Innocent', 'Innocent', 'Innocent', 'Innocent', 'Innocent', 'Innocent', 'Innocent', 'Innocent', 'Innocent', 'Innocent', 'Innocent', 'Innocent', 'Innocent', 'Innocent', 'Innocent', 'Innocent', 'Innocent', 'Innocent', 'Innocent', 'Innocent', 'Innocent', 'Innocent', 'Innocent', 'Innocent', 'Innocent', 'Innocent', 'Innocent', 'Innocent', 'Innocent', 'Innocent', 'Innocent', 'Innocent', 'Innocent', 'Innocent', 'Innocent', 'Innocent', 'Innocent', 'Innocent', 'Innocent', 'Innocent', 'Innocent', 'Innocent', 'Innocent', 'Innocent', 'Innocent', 'Innocent', 'Innocent', 'Innocent', 'Innocent', 'Innocent', 'Innocent', 'Innocent', 'Innocent', 'Innocent', 'Innocent', 'Innocent', 'Innocent', 'Innocent', 'Innocent', 'Innocent', 'Innocent', 'Innocent', 'Innocent', 'Innocent', 'Innocent', 'Innocent', 'Innocent', 'Innocent', 'Innocent', 'Innocent', 'Innocent', 'Innocent', 'Innocent', 'Innocent', 'Innocent', 'Innocent', 'Innocent', 'Innocent', 'Innocent', 'Innocent', 'Innocent', 'Innocent', 'Innocent', 'Innocent', 'Innocent', 'Innocent', 'Innocent', 'Innocent', 'Innocent', 'Innocent', 'Innocent', 'Innocent', 'Innocent', 'Innocent', 'Innocent', 'Innocent', 'Innocent', 'Innocent', 'Innocent', 'Innocent', 'Innocent', 'Innocent', 'Innocent', 'Innocent', 'Innocent', 'Innocent', 'Innocent', 'Innocent', 'Innocent', 'Innocent', 'Innocent', 'Innocent', 'Innocent', 'Innocent', 'Innocent', 'Innocent', 'Innocent', 'Innocent', 'Innocent', 'Innocent', 'Innocent', 'Innocent', 'Innocent', 'Innocent', 'Innocent', 'Innocent', 'Innocent', 'Innocent', 'Innocent', 'Innocent', 'Innocent', 'Innocent', 'Innocent', 'Innocent', 'Innocent', 'Innocent', 'Innocent', 'Innocent', 'Innocent', 'Innocent', 'Innocent', 'Innocent', 'Innocent', 'Innocent', 'Innocent', 'Innocent', 'Innocent', 'Innocent', 'Innocent', 'Innocent', 'Innocent', 'Innocent', 'Innocent', 'Innocent', 'Innocent', 'Innocent', 'Innocent', 'Innocent', 'Innocent', 'Innocent', 'Innocent', 'Innocent', 'Innocent', 'Innocent', 'Innocent', 'Innocent', 'Innocent', 'Innocent', 'Innocent', 'Innocent', 'Innocent', 'Innocent', 'Innocent', 'Innocent', 'Innocent', 'Innocent', 'Innocent', 'Innocent', 'Innocent', 'Innocent', 'Innocent', 'Innocent', 'Innocent', 'Innocent', 'Innocent', 'Innocent', 'Innocent', 'Innocent', 'Innocent', 'Innocent', 'Innocent', 'Innocent', 'Innocent', 'Innocent', 'Innocent', 'Innocent', 'Innocent', 'Innocent', 'Innocent', 'Innocent', 'Innocent', 'Innocent', 'Innocent', 'Innocent', 'Innocent', 'Innocent', 'Innocent', 'Innocent', 'Innocent', 'Innocent', 'Innocent', 'Innocent', 'Innocent', 'Innocent', 'Innocent', 'Innocent', 'Innocent', 'Innocent', 'Innocent', 'Innocent', 'Innocent', 'Innocent', 'Innocent', 'Innocent', 'Innocent', 'Innocent', 'Innocent', 'Innocent', 'Innocent', 'Innocent', 'Innocent', 'Innocent', 'Innocent', 'Innocent', 'Innocent', 'Innocent', 'Innocent', 'Innocent', 'Innocent', 'Innocent', 'Innocent', 'Innocent', 'Innocent', 'Innocent', 'Innocent', 'Innocent', 'Innocent', 'Innocent', 'Innocent', 'Innocent', 'Innocent', 'Innocent', 'Innocent', 'Innocent', 'Innocent', 'Innocent', 'Innocent', 'Innocent', 'Innocent', 'Innocent', 'Innocent', 'Innocent', 'Innocent', 'Innocent', 'Innocent', 'Innocent', 'Innocent', 'Innocent', 'Innocent', 'Innocent', 'Innocent', 'Innocent', 'Innocent', 'Innocent', 'Innocent', 'Innocent', 'Innocent', 'Innocent', 'Innocent', 'Innocent', 'Innocent', 'Innocent', 'Innocent', 'Innocent', 'Innocent', 'Innocent', 'Innocent', 'Innocent', 'Innocent', 'Innocent', 'Innocent', 'Innocent', 'Innocent', 'Innocent', 'Innocent', 'Innocent', 'Innocent', 'Innocent', 'Innocent', 'Innocent', 'Innocent', 'Innocent', 'Innocent', 'Innocent', 'Innocent', 'Innocent', 'Innocent', 'Innocent', 'Innocent', 'Innocent', 'Innocent', 'Innocent', 'Innocent', 'Innocent', 'Innocent', 'Innocent', 'Innocent', 'Innocent', 'Innocent', 'Innocent', 'Innocent', 'Innocent', 'Innocent', 'Innocent', 'Innocent', 'Innocent', 'Innocent', 'Innocent', 'Innocent', 'Innocent', 'Innocent', 'Innocent', 'Innocent', 'Innocent', 'Innocent', 'Innocent', 'Innocent', 'Innocent', 'Innocent', 'Innocent', 'Innocent', 'Innocent', 'Innocent', 'Innocent', 'Innocent', 'Innocent', 'Innocent', 'Innocent', 'Innocent', 'Innocent', 'Innocent', 'Innocent', 'Innocent', 'Innocent', 'Innocent', 'Innocent', 'Innocent', 'Innocent', 'Innocent', 'Innocent', 'Innocent', 'Innocent', 'Innocent', 'Innocent', 'Innocent', 'Innocent', 'Innocent', 'Innocent', 'Innocent', 'Innocent', 'Innocent', 'Innocent', 'Innocent', 'Innocent', 'Innocent', 'Innocent', 'Innocent', 'Innocent', 'Innocent', 'Innocent', 'Innocent', 'Innocent', 'Innocent', 'Innocent', 'Innocent', 'Innocent', 'Innocent', 'Innocent', 'Innocent', 'Innocent', 'Innocent', 'Innocent', 'Innocent', 'Innocent', 'Innocent', 'Innocent', 'Innocent', 'Innocent', 'Innocent', 'Innocent', 'Innocent', 'Innocent', 'Innocent', 'Innocent', 'Innocent', 'Innocent', 'Innocent', 'Innocent', 'Innocent', 'Innocent', 'Innocent', 'Innocent', 'Innocent', 'Innocent', 'Innocent', 'Innocent', 'Innocent', 'Innocent', 'Innocent', 'Innocent', 'Innocent', 'Innocent', 'Innocent', 'Innocent', 'Innocent', 'Innocent', 'Innocent', 'Innocent', 'Innocent', 'Innocent', 'Innocent', 'Innocent', 'Innocent', 'Innocent', 'Innocent', 'Innocent', 'Innocent', 'Innocent', 'Innocent', 'Innocent', 'Innocent', 'Innocent', 'Innocent', 'Innocent', 'Innocent', 'Innocent', 'Innocent', 'Innocent', 'Innocent', 'Innocent', 'Innocent', 'Innocent', 'Innocent', 'Innocent', 'Innocent', 'Innocent', 'Innocent', 'Innocent', 'Innocent', 'Innocent', 'Innocent', 'Innocent', 'Innocent', 'Innocent', 'Innocent', 'Innocent', 'Innocent', 'Innocent', 'Innocent', 'Innocent', 'Innocent', 'Innocent', 'Innocent', 'Innocent', 'Innocent', 'Innocent', 'Innocent', 'Innocent', 'Innocent', 'Innocent', 'Innocent', 'Innocent', 'Innocent', 'Innocent', 'Innocent', 'Innocent', 'Innocent', 'Innocent', 'Innocent', 'Innocent', 'Innocent', 'Innocent', 'Innocent', 'Innocent', 'Innocent', 'Innocent', 'Innocent', 'Innocent', 'Innocent', 'Innocent', 'Innocent', 'Innocent', 'Innocent', 'Innocent', 'Innocent', 'Innocent', 'Innocent', 'Innocent', 'Innocent', 'Innocent', 'Innocent', 'Innocent', 'Innocent', 'Innocent', 'Innocent', 'Innocent', 'Innocent', 'Innocent', 'Innocent', 'Innocent', 'Innocent', 'Innocent', 'Innocent', 'Innocent', 'Innocent', 'Innocent', 'Innocent', 'Innocent', 'Innocent', 'Innocent', 'Innocent', 'Innocent', 'Innocent', 'Innocent', 'Innocent', 'Innocent', 'Innocent', 'Innocent', 'Innocent', 'Innocent', 'Innocent', 'Innocent', 'Innocent', 'Innocent', 'Innocent', 'Innocent', 'Innocent', 'Innocent', 'Innocent', 'Innocent', 'Innocent', 'Innocent', 'Innocent', 'Innocent', 'Innocent', 'Innocent', 'Innocent', 'Innocent', 'Innocent', 'Innocent', 'Innocent', 'Innocent', 'Innocent', 'Innocent', 'Innocent', 'Innocent', 'Innocent', 'Innocent', 'Innocent', 'Innocent', 'Innocent', 'Innocent', 'Innocent', 'Innocent', 'Innocent', 'Innocent', 'Innocent', 'Innocent', 'Innocent', 'Innocent', 'Innocent', 'Innocent', 'Innocent', 'Innocent', 'Innocent', 'Innocent', 'Innocent', 'Innocent', 'Innocent', 'Innocent', 'Innocent', 'Innocent', 'Innocent', 'Innocent', 'Innocent', 'Innocent', 'Innocent', 'Innocent', 'Innocent', 'Innocent', 'Innocent', 'Innocent', 'Innocent', 'Innocent', 'Innocent', 'Innocent', 'Innocent', 'Innocent', 'Innocent', 'Innocent', 'Innocent', 'Innocent', 'Innocent', 'Innocent', 'Innocent', 'Innocent', 'Innocent', 'Innocent', 'Innocent', 'Innocent', 'Innocent', 'Innocent', 'Innocent', 'Innocent', 'Innocent', 'Innocent', 'Innocent', 'Innocent', 'Innocent', 'Innocent', 'Innocent', 'Innocent', 'Innocent', 'Innocent', 'Innocent', 'Innocent', 'Innocent', 'Innocent', 'Innocent', 'Innocent', 'Innocent', 'Innocent', 'Innocent', 'Innocent', 'Innocent', 'Innocent', 'Innocent', 'Innocent', 'Innocent', 'Innocent', 'Innocent', 'Innocent', 'Innocent', 'Innocent', 'Innocent', 'Innocent', 'Innocent', 'Innocent', 'Innocent', 'Innocent', 'Innocent', 'Innocent', 'Innocent', 'Innocent', 'Innocent', 'Innocent', 'Innocent', 'Innocent', 'Innocent', 'Innocent', 'Innocent', 'Innocent', 'Innocent', 'Innocent', 'Innocent', 'Innocent', 'Innocent', 'Innocent', 'Innocent', 'Innocent', 'Innocent', 'Innocent', 'Innocent', 'Innocent', 'Innocent', 'Innocent', 'Innocent', 'Innocent', 'Innocent', 'Innocent', 'Innocent', 'Innocent', 'Innocent', 'Innocent', 'Innocent', 'Innocent', 'Innocent', 'Innocent', 'Innocent', 'Innocent', 'Innocent', 'Innocent', 'Innocent', 'Innocent', 'Innocent', 'Innocent', 'Innocent', 'Innocent', 'Innocent', 'Innocent', 'Innocent', 'Innocent', 'Innocent', 'Innocent', 'Innocent', 'Innocent', 'Innocent', 'Innocent', 'Innocent', 'Innocent', 'Innocent', 'Innocent', 'Innocent', 'Innocent', 'Innocent', 'Innocent', 'Innocent', 'Innocent', 'Innocent', 'Innocent', 'Innocent', 'Innocent', 'Innocent', 'Innocent', 'Innocent', 'Innocent', 'Innocent', 'Innocent', 'Innocent', 'Innocent', 'Innocent', 'Innocent', 'Innocent', 'Innocent', 'Innocent', 'Innocent', 'Innocent', 'Innocent', 'Innocent', 'Innocent', 'Innocent', 'Innocent', 'Innocent', 'Innocent', 'Innocent', 'Innocent', 'Innocent', 'Innocent', 'Innocent', 'Innocent', 'Innocent', 'Innocent', 'Innocent', 'Innocent', 'Innocent', 'Innocent', 'Innocent', 'Innocent', 'Innocent', 'Innocent', 'Innocent', 'Innocent', 'Innocent', 'Innocent', 'Innocent', 'Innocent', 'Innocent', 'Innocent', 'Innocent', 'Innocent', 'Innocent', 'Innocent', 'Innocent', 'Innocent', 'Innocent', 'Innocent', 'Innocent', 'Innocent', 'Innocent', 'Innocent', 'Innocent', 'Innocent', 'Innocent', 'Innocent', 'Innocent', 'Innocent', 'Innocent', 'Innocent', 'Innocent', 'Innocent', 'Innocent', 'Innocent', 'Innocent', 'Innocent', 'Innocent', 'Innocent', 'Innocent', 'Innocent', 'Innocent', 'Innocent', 'Innocent', 'Innocent', 'Innocent', 'Innocent', 'Innocent', 'Innocent', 'Innocent', 'Innocent', 'Innocent', 'Innocent', 'Innocent', 'Innocent', 'Innocent', 'Innocent', 'Innocent', 'Innocent', 'Innocent', 'Innocent', 'Innocent', 'Innocent', 'Innocent', 'Innocent', 'Innocent', 'Innocent', 'Innocent', 'Innocent', 'Innocent', 'Innocent', 'Innocent', 'Innocent', 'Innocent', 'Innocent', 'Innocent', 'Innocent', 'Innocent', 'Innocent', 'Innocent', 'Innocent', 'Innocent', 'Innocent', 'Innocent', 'Innocent', 'Innocent', 'Innocent', 'Innocent', 'Innocent', 'Innocent', 'Innocent', 'Innocent', 'Innocent', 'Innocent', 'Innocent', 'Innocent', 'Innocent', 'Innocent', 'Innocent', 'Innocent', 'Innocent', 'Innocent', 'Innocent', 'Innocent', 'Innocent', 'Innocent', 'Innocent', 'Innocent', 'Innocent', 'Innocent', 'Innocent', 'Innocent', 'Innocent', 'Innocent', 'Innocent', 'Innocent', 'Innocent', 'Innocent', 'Innocent', 'Innocent', 'Innocent', 'Innocent', 'Innocent', 'Innocent', 'Innocent', 'Innocent', 'Innocent', 'Innocent', 'Innocent', 'Innocent', 'Innocent', 'Innocent', 'Innocent', 'Innocent', 'Innocent', 'Innocent', 'Innocent', 'Innocent', 'Innocent', 'Innocent', 'Innocent', 'Innocent', 'Innocent', 'Innocent', 'Innocent', 'Innocent', 'Innocent', 'Innocent', 'Innocent', 'Innocent', 'Innocent', 'Innocent', 'Innocent', 'Innocent', 'Innocent', 'Innocent', 'Innocent', 'Innocent', 'Innocent', 'Innocent', 'Innocent', 'Innocent', 'Innocent', 'Innocent', 'Innocent', 'Innocent', 'Innocent', 'Innocent', 'Innocent', 'Innocent', 'Innocent', 'Innocent', 'Innocent', 'Innocent', 'Innocent', 'Innocent', 'Innocent', 'Innocent', 'Innocent', 'Innocent', 'Innocent', 'Innocent', 'Innocent', 'Innocent', 'Innocent', 'Innocent', 'Innocent', 'Innocent', 'Innocent', 'Innocent', 'Innocent', 'Innocent', 'Innocent', 'Innocent', 'Innocent', 'Innocent', 'Innocent', 'Innocent', 'Innocent', 'Innocent', 'Innocent', 'Innocent', 'Innocent', 'Innocent', 'Innocent', 'Innocent', 'Innocent', 'Innocent', 'Innocent', 'Innocent', 'Innocent', 'Innocent', 'Innocent', 'Innocent', 'Innocent', 'Innocent', 'Innocent', 'Innocent', 'Innocent', 'Innocent', 'Innocent', 'Innocent', 'Innocent', 'Innocent', 'Innocent', 'Innocent', 'Innocent', 'Innocent', 'Innocent', 'Innocent', 'Innocent', 'Innocent', 'Innocent', 'Innocent', 'Innocent', 'Innocent', 'Innocent', 'Innocent', 'Innocent', 'Innocent', 'Innocent', 'Innocent', 'Innocent', 'Innocent', 'Innocent', 'Innocent', 'Innocent', 'Innocent', 'Innocent', 'Innocent', 'Innocent', 'Innocent', 'Innocent', 'Innocent', 'Innocent', 'Innocent', 'Innocent', 'Innocent', 'Innocent', 'Innocent', 'Innocent', 'Innocent', 'Innocent', 'Innocent', 'Innocent', 'Innocent', 'Innocent', 'Innocent', 'Innocent', 'Innocent', 'Innocent', 'Innocent', 'Innocent', 'Innocent', 'Innocent', 'Innocent', 'Innocent', 'Innocent', 'Innocent', 'Innocent', 'Innocent', 'Innocent', 'Innocent', 'Innocent', 'Innocent', 'Innocent', 'Innocent', 'Innocent', 'Innocent', 'Innocent', 'Innocent', 'Innocent', 'Innocent', 'Innocent', 'Innocent', 'Innocent', 'Innocent', 'Innocent', 'Innocent', 'Innocent', 'Innocent', 'Innocent', 'Innocent', 'Innocent', 'Innocent', 'Innocent', 'Innocent', 'Innocent', 'Innocent', 'Innocent', 'Innocent', 'Innocent', 'Innocent', 'Innocent', 'Innocent', 'Innocent', 'Innocent', 'Innocent', 'Innocent', 'Innocent', 'Innocent', 'Innocent', 'Innocent', 'Innocent', 'Innocent', 'Innocent', 'Innocent', 'Innocent', 'Innocent', 'Innocent', 'Innocent', 'Innocent', 'Innocent', 'Innocent', 'Innocent', 'Innocent', 'Innocent', 'Innocent', 'Innocent', 'Innocent', 'Innocent', 'Innocent', 'Innocent', 'Innocent', 'Innocent', 'Innocent', 'Innocent', 'Innocent', 'Innocent', 'Innocent', 'Innocent', 'Innocent', 'Innocent', 'Innocent', 'Innocent', 'Innocent', 'Innocent', 'Innocent', 'Innocent', 'Innocent', 'Innocent', 'Innocent', 'Innocent', 'Innocent', 'Innocent', 'Innocent', 'Innocent', 'Innocent', 'Innocent', 'Innocent', 'Innocent', 'Innocent', 'Innocent', 'Innocent', 'Innocent', 'Innocent', 'Innocent', 'Innocent', 'Innocent', 'Innocent', 'Innocent', 'Innocent', 'Innocent', 'Innocent', 'Innocent', 'Innocent', 'Innocent', 'Innocent', 'Innocent', 'Innocent', 'Innocent', 'Innocent', 'Innocent', 'Innocent', 'Innocent', 'Innocent', 'Innocent', 'Innocent', 'Innocent', 'Innocent', 'Innocent', 'Innocent', 'Innocent', 'Innocent', 'Innocent', 'Innocent', 'Innocent', 'Innocent', 'Innocent', 'Innocent', 'Innocent', 'Innocent', 'Innocent', 'Innocent', 'Innocent', 'Innocent', 'Innocent', 'Innocent', 'Innocent', 'Innocent', 'Innocent', 'Innocent', 'Innocent', 'Innocent', 'Innocent', 'Innocent', 'Innocent', 'Innocent', 'Innocent', 'Innocent', 'Innocent', 'Innocent', 'Innocent', 'Innocent', 'Innocent', 'Innocent', 'Innocent', 'Innocent', 'Innocent', 'Innocent', 'Innocent', 'Innocent', 'Innocent', 'Innocent', 'Innocent', 'Innocent', 'Innocent', 'Innocent', 'Innocent', 'Innocent', 'Innocent', 'Innocent', 'Innocent', 'Innocent', 'Innocent', 'Innocent', 'Innocent', 'Innocent', 'Innocent', 'Innocent', 'Innocent', 'Innocent', 'Innocent', 'Innocent', 'Innocent', 'Innocent', 'Innocent', 'Innocent', 'Innocent', 'Innocent', 'Innocent', 'Innocent', 'Innocent', 'Innocent', 'Innocent', 'Innocent', 'Innocent', 'Innocent', 'Innocent', 'Innocent', 'Innocent', 'Innocent', 'Innocent', 'Innocent', 'Innocent', 'Innocent', 'Innocent', 'Innocent']",NA,NA,NA,1478.5634301999817,2815.7519944999367,2022-11-03 17:39:23.414924,2022-11-03 18:01:40.591658,['Frame: 1| Time: 2022-11-03 17:39:23.431968'],SR-1371,2022_Nov_03_1715,certainty_neuro,2021.2.3,59.978539668710326,
playingFunc,StimVidRadCheck30s_PinkNoise.mp4,NA,NA,NA,NA,NA,2816.217932599946,2846.3434797999216,2022-11-03 18:01:41.072671,2022-11-03 18:02:11.187226,['Frame: 1| Time: 2022-11-03 18:01:41.077629'],SR-1371,2022_Nov_03_1715,certainty_neuro,2021.2.3,59.978539668710326,
isiFunc,NA,NA,NA,NA,+,NA,2846.3344372999854,2876.3455878499663,2022-11-03 18:02:11.188181,2022-11-03 18:02:41.188500,NA,SR-1371,2022_Nov_03_1715,certainty_neuro,2021.2.3,59.978539668710326,
instrFunc,NA,NA,NA,1,"We will now begin the second part.

You will not use your button pad. Although you will not be providing ratings for this half, please continue to think about how innocent or guilty you judge the accused to be, much as you would if you were providing ratings.


Press the thumb button when ready to continue.",18.11264599999413,2876.344563099905,2894.5086202499224,2022-11-03 18:02:41.188500,2022-11-03 18:02:59.340232,NA,SR-1371,2022_Nov_03_1715,certainty_neuro,2021.2.3,59.978539668710326,
instrFunc,NA,NA,NA,1,"As a reminder, you will be assessing the innocence or guilt of the accused character, Jonathan Fraser, throughout the video.


Press the thumb button when ready to continue.",4.006730299908668,2894.4842622999568,2898.5264100499917,2022-11-03 18:02:59.340232,2022-11-03 18:03:03.372092,NA,SR-1371,2022_Nov_03_1715,certainty_neuro,2021.2.3,59.978539668710326,
backinfoFunc,NA,NA,NA,1,"Elena Alves was found murdered. She had been having an affair with Jonathan Fraser, the doctor who had been treating her son's cancer, and they had been together on the night of her murder.


Press the thumb button when ready to continue.",9.903397500049323,2898.5526389000006,2908.4938803500263,2022-11-03 18:03:03.407114,2022-11-03 18:03:13.339029,NA,SR-1371,2022_Nov_03_1715,certainty_neuro,2021.2.3,59.978539668710326,
backinfoFunc,NA,NA,NA,1,"Elena's son, Miguel, goes to school with Jonathan's son, Henry.


Press the thumb button when ready to continue. ",4.845627999980934,2908.527486499981,2913.408074500039,2022-11-03 18:03:13.387884,2022-11-03 18:03:18.256700,NA,SR-1371,2022_Nov_03_1715,certainty_neuro,2021.2.3,59.978539668710326,
backinfoFunc,NA,NA,NA,1,"Jonathan is married to Grace Fraser and Elena was married to Fernando Alves.


Press the thumb button when ready to continue.",4.539228600100614,2913.4407662999583,2917.9981539499713,2022-11-03 18:03:18.299968,2022-11-03 18:03:22.856375,NA,SR-1371,2022_Nov_03_1715,certainty_neuro,2021.2.3,59.978539668710326,
backinfoFunc,NA,NA,NA,1,"Following that night, Jonathan briefly ran away before reappearing to his wife and child. Jonathan has been arrested in connection with the murder but maintains his innocence.


Press the thumb button when ready to continue. ",5.592718799947761,2918.0084785999497,2923.6158970498946,2022-11-03 18:03:22.865352,2022-11-03 18:03:28.472419,NA,SR-1371,2022_Nov_03_1715,certainty_neuro,2021.2.3,59.978539668710326,
backinfoFunc,NA,NA,NA,1,"The episode follows Grace, Jonathan, and members of their family through the investigation.


Press the thumb button when ready to continue.",4.992254700046033,2923.6388399999123,2928.6499851999106,2022-11-03 18:03:28.497352,2022-11-03 18:03:33.506827,NA,SR-1371,2022_Nov_03_1715,certainty_neuro,2021.2.3,59.978539668710326,
backinfoFunc,NA,NA,NA,1,"Throughout this video, you will be assessing the innocence or guilt of Jonathan Faser. Your decision could be influenced by things Jonathan says or does, or could be influenced by things other characters say or do, even if Jonathan is not on screen.


Press the thumb button when ready to continue. ",8.31679160008207,2928.6632507999893,2936.9990009499015,2022-11-03 18:03:33.518751,2022-11-03 18:03:41.856441,NA,SR-1371,2022_Nov_03_1715,certainty_neuro,2021.2.3,59.978539668710326,
backinfoFunc,NA,NA,NA,1,"Even if Jonathan Fraser is not on screen, please make sure your ratings reflect your judgments of his innocence or guilt.


Press the thumb button when ready to continue. ",4.557392199989408,2937.0077098999172,2941.581639150041,2022-11-03 18:03:41.865417,2022-11-03 18:03:46.439388,NA,SR-1371,2022_Nov_03_1715,certainty_neuro,2021.2.3,59.978539668710326,
instrFunc,NA,NA,NA,0,"Before the next task begins, we will run a very quick scan. You will see a fixation cross appear on the screen. Please just relax while this scan runs.",40.0636392000597,2941.5842915999237,2981.678923349944,2022-11-03 18:03:46.439388,2022-11-03 18:04:26.523636,NA,SR-1371,2022_Nov_03_1715,certainty_neuro,2021.2.3,59.978539668710326,
instrFunc,NA,NA,NA,0,+,153.0845476000104,2981.667393199983,3134.793453750084,2022-11-03 18:04:26.523636,2022-11-03 18:06:59.639179,NA,SR-1371,2022_Nov_03_1715,certainty_neuro,2021.2.3,59.978539668710326,
triggerFunc,NA,NA,NA,equal,The video will begin momentarily....,26.66344409994781,3134.78348559991,3161.476471349946,2022-11-03 18:06:59.639179,2022-11-03 18:07:26.321404,NA,SR-1371,2022_Nov_03_1715,certainty_neuro,2021.2.3,59.978539668710326,
isiFunc,NA,NA,NA,NA,+,NA,3161.4668447999284,3191.4766914499924,2022-11-03 18:07:26.321404,2022-11-03 18:07:56.319575,NA,SR-1371,2022_Nov_03_1715,certainty_neuro,2021.2.3,59.978539668710326,
playingFunc,StimVidRadCheck24s_PinkNoise.mp4,NA,NA,NA,NA,NA,3191.833433549979,3215.996578700037,2022-11-03 18:07:56.694703,2022-11-03 18:08:20.853079,['Frame: 1| Time: 2022-11-03 18:07:56.698692'],SR-1371,2022_Nov_03_1715,certainty_neuro,2021.2.3,59.978539668710326,
playingFunc,StimVidTestLastHalf_comp.mp4,NA,NA,NA,NA,NA,3222.4204052998916,4559.820422999817,2022-11-03 18:08:27.275498,2022-11-03 18:30:44.665096,['Frame: 1| Time: 2022-11-03 18:08:27.285472'],SR-1371,2022_Nov_03_1715,certainty_neuro,2021.2.3,59.978539668710326,
playingFunc,StimVidRadCheck30s_PinkNoise.mp4,NA,NA,NA,NA,NA,4560.1954955999745,4590.314108500002,2022-11-03 18:30:45.061999,2022-11-03 18:31:15.181382,['Frame: 1| Time: 2022-11-03 18:30:45.065989'],SR-1371,2022_Nov_03_1715,certainty_neuro,2021.2.3,59.978539668710326,
isiFunc,NA,NA,NA,NA,+,NA,4590.328500499949,4620.338332849904,2022-11-03 18:31:15.182381,2022-11-03 18:31:45.181678,NA,SR-1371,2022_Nov_03_1715,certainty_neuro,2021.2.3,59.978539668710326,
instrFunc,NA,NA,NA,1,"Thank you for your effort! The episode is now complete.

 You will now be performing a short task similar to the one you had just completed.


Press the thumb button when ready to continue.",8.142101500066929,4620.328879299923,4628.509099049959,2022-11-03 18:31:45.181678,2022-11-03 18:31:53.349450,NA,SR-1371,2022_Nov_03_1715,certainty_neuro,2021.2.3,59.978539668710326,
instrFunc,NA,NA,NA,1,"In this instance, you will see a clip from the same television series that you had just seen. Many of the same characters that you had learned about earlier will be present. Background music has replaced the original audio. 


Press the thumb button when ready to continue.",17.571133899968117,4628.496514300001,4646.107925350079,2022-11-03 18:31:53.349450,2022-11-03 18:32:10.949632,NA,SR-1371,2022_Nov_03_1715,certainty_neuro,2021.2.3,59.978539668710326,
backinfoFunc,NA,NA,NA,1,"Your goal for this task will be to continuously indicate how certain you are that the average brightness of the video at any given point is either brighter or darker than the target image. 


Press the thumb button when ready to continue. ",20.51003560004756,4646.178678299999,4666.720743199927,2022-11-03 18:32:11.033467,2022-11-03 18:32:31.565973,NA,SR-1371,2022_Nov_03_1715,certainty_neuro,2021.2.3,59.978539668710326,
backinfoFunc,NA,NA,NA,1,"Some frames of the video will be predominantly darker in appearance than the target image, like what we see on the left. 


Press the thumb button when ready to continue.",7.951123599894345,4666.781733799959,4674.760921749752,2022-11-03 18:32:31.639733,2022-11-03 18:32:39.616506,NA,SR-1371,2022_Nov_03_1715,certainty_neuro,2021.2.3,59.978539668710326,
backinfoFunc,NA,NA,NA,1,"Others will predominantly look brighter in appearance than the target image, as we see again on the left. 


Press the thumb button when ready to continue.",3.546564699965529,4674.827094499953,4678.402798349969,2022-11-03 18:32:39.683352,2022-11-03 18:32:43.249297,NA,SR-1371,2022_Nov_03_1715,certainty_neuro,2021.2.3,59.978539668710326,
backinfoFunc,NA,NA,NA,1,"As scenes and camera angles change within the video and as events unfold, so too might the brightness change. 


Press the thumb button when ready to continue. ",4.554549599997699,4678.452300300007,4683.023926699883,2022-11-03 18:32:43.310588,2022-11-03 18:32:47.882451,NA,SR-1371,2022_Nov_03_1715,certainty_neuro,2021.2.3,59.978539668710326,
backinfoFunc,NA,NA,NA,1,"Using the same buttons and scale that you had used in the previous task, please indicate from moment to moment how certain you are that what you see on screen is either brighter or darker than our target image. 


Press the thumb button when ready to continue. ",6.81357759993989,4683.045446899952,4689.886346199783,2022-11-03 18:32:47.900399,2022-11-03 18:32:54.732707,NA,SR-1371,2022_Nov_03_1715,certainty_neuro,2021.2.3,59.978539668710326,
instrFunc,NA,NA,NA,1,"Pressing the left button corresponds to greater certainty that the current video frame is darker than the target image, and pressing the right corresponds to greater certainty that the current video frame is brighter than the target image. 


Press the thumb button when ready to continue.",5.795147800003178,4689.877648199908,4695.705293350038,2022-11-03 18:32:54.732707,2022-11-03 18:33:00.549390,NA,SR-1371,2022_Nov_03_1715,certainty_neuro,2021.2.3,59.978539668710326,
instrFunc,NA,NA,NA,1,"The target image will be presented above the video throughout the task for reference. 


Press the thumb button when ready to continue.",5.101364400004968,4695.694555099937,4700.838791249902,2022-11-03 18:33:00.549390,2022-11-03 18:33:05.682909,NA,SR-1371,2022_Nov_03_1715,certainty_neuro,2021.2.3,59.978539668710326,
instrFunc,NA,NA,NA,1,"Although the video may move faster than you are able to update your ratings, please just try your best to represent your feelings of certainty!. 


Press the thumb button when ready to continue.",4.933490199968219,4700.82831589994,4705.78955544997,2022-11-03 18:33:05.682909,2022-11-03 18:33:10.633175,NA,SR-1371,2022_Nov_03_1715,certainty_neuro,2021.2.3,59.978539668710326,
instrFunc,NA,NA,NA,1,"The trial will now begin.


Press the thumb button when ready to continue.",1.900028600008227,4705.777976999991,4707.705219050054,2022-11-03 18:33:10.633175,2022-11-03 18:33:12.549648,NA,SR-1371,2022_Nov_03_1715,certainty_neuro,2021.2.3,59.978539668710326,
instrFunc,NA,NA,NA,0,"Before the next task begins, we will run a very quick scan. You will see a fixation cross appear on the screen. Please just relax while this scan runs.",16.064269199967384,4707.694448999944,4723.78863024991,2022-11-03 18:33:12.549648,2022-11-03 18:33:28.632409,NA,SR-1371,2022_Nov_03_1715,certainty_neuro,2021.2.3,59.978539668710326,
instrFunc,NA,NA,NA,0,+,66.80478439992294,4723.777894799947,4790.622756549972,2022-11-03 18:33:28.632409,2022-11-03 18:34:35.466191,NA,SR-1371,2022_Nov_03_1715,certainty_neuro,2021.2.3,59.978539668710326,
triggerFunc,NA,NA,NA,equal,The video will begin momentarily....,42.0220307999989,4790.610652299947,4832.670706950012,2022-11-03 18:34:35.466191,2022-11-03 18:35:17.515314,NA,SR-1371,2022_Nov_03_1715,certainty_neuro,2021.2.3,59.978539668710326,
isiFunc,NA,NA,NA,NA,+,NA,4832.661287199939,4862.671341850073,2022-11-03 18:35:17.515314,2022-11-03 18:35:47.513446,NA,SR-1371,2022_Nov_03_1715,certainty_neuro,2021.2.3,59.978539668710326,
playingFunc,StimVidRadCheck24s_PinkNoise.mp4,NA,NA,NA,NA,NA,4863.027662649995,4887.180846000102,2022-11-03 18:35:47.884685,2022-11-03 18:36:12.029946,['Frame: 1| Time: 2022-11-03 18:35:47.888681'],SR-1371,2022_Nov_03_1715,certainty_neuro,2021.2.3,59.978539668710326,
ratingFunc,StimVidControl_Undoing.mp4,"['0', '0', '0', '0', '0', '0', '0', '0', '0', '0', '0', '0', '0', '0', '0', '0', '0', '0', '0', '0', '0', '0', '0', '0', '0', '0', '0', '0', '0', '0', '0', '0', '0', '0', '0', '0', '0', '0', '0', '0', '0', '0', '0', '0', '0', '0', '0', '0', '0', '0', '0', '0', '0', '0', '0', '0', '0', '0', '0', '0', '0', '0', '0', '0', '0', '0', '0', '0', '0', '0', '0', '0', '0', '0', '0', '0', '0', '0', '0', '0', '0', '0', '0', '0', '0', '0', '0', '0', '0', '0', '0', '0', '0', '0', '0', '0', '0', '0', '0', '0', '0', '0', '0', '0', '0', '0', '0', '0', '0', '0', '0', '0', '0', '0', '0', '0', '0', '0', '0', '0', '0', '0', '0', '0', '0', '0', '0', '0', '0', '0', '0', '0', '0', '0', '0', '0', '0', '0', '0', '0', '0', '0', '0', '0', '0', '0', '0', '0', '0', '0', '0', '0', '0', '0', '0', '0', '0', '0', '0', '0', '0', '0', '0', '0', '0', '0', '0', '0', '0', '0', '0', '0', '0', '0', '0', '0', '0', '0', '0', '0', '0', '0', '0', '0', '0', '0', '0', '0', '0', '0', '0', '0', '0', '0', '0', '0', '0', '0', '0', '0', '0', '0', '0', '0', '0', '0', '0', '0', '0', '0', '0', '0', '0', '0', '0', '0', '0', '0', '0', '0', '0', '0', '0', '0', '0', '0', '0', '0', '0', '0', '0', '0', '0', '0', '0', '0', '0', '0', '0', '0', '0', '0', '0', '0', '0', '0', '0', '0', '0', '0', '0', '0', '0', '0', '0', '0', '0', '0', '0', '0', '0', '0', '0', '0', '0', '0', '0', '0', '0', '0', '0', '0', '0', '0', '0', '0', '0', '0', '0', '0', '0', '0', '0', '0', '0', '0', '0', '0', '0', '0', '0', '0', '0', '0', '0', '0', '0', '0', '0', '0', '0', '0', '0', '0', '0', '0', '0', '0', '0', '0', '0', '0', '0', '0', '0', '0', '0', '0', '0', '0', '0', '0', '0', '0', '0', '0', '0', '0', '0', '0', '0', '0', '0', '0', '0', '0', '0', '0', '0', '0', '0', '0', '0', '0', '0', '0', '0', '0', '0', '0', '0', '0', '0', '0', '0', '0', '0', '0', '0', '0', '0', '0', '0', '0', '0', '0', '0', '0', '0', '0', '0', '0', '0', '0', '0', '0', '0', '0', '0', '0', '0', '0', '0', '0', '0', '0', '0', '0', '0', '0', '0', '0', '0', '0', '0', '0', '0', '0', '0', '0', '0', '0', '0', '0', '0', '0', '0', '0', '0', '0', '0', '0', '0', '0', '0', '0', '0', '0', '0', '0', '0', '0', '0', '0', '0', '0', '0', '0', '0', '0', '0', '0', '0', '0', '0', '0', '0', '0', '-5', '-5', '-5', '-5', '-5', '-5', '-5', '-5', '-5', '-5', '-5', '-5', '-5', '-5', '-5', '-5', '-5', '-5', '-5', '-5', '-5', '-5', '-5', '-5', '-5', '-5', '-5', '-5', '-5', '-5', '-5', '-5', '-5', '-5', '-5', '-5', '-5', '-5', '-5', '-5', '-5', '-5', '-5', '-5', '-5', '-5', '-5', '-5', '-5', '-5', '-5', '-5', '-5', '-5', '-5', '-5', '-5', '-5', '-5', '-5', '-5', '-5', '-5', '-5', '-5', '-5', '-5', '-5', '-5', '-5', '-5', '-5', '-5', '-5', '-5', '-5', '-5', '-5', '-5', '-5', '-5', '-5', '-5', '-5', '-5', '-5', '-5', '-5', '-5', '-5', '-5', '-5', '-5', '-5', '-5', '-5', '-5', '-5', '-5', '-5', '-5', '-5', '-5', '-5', '-5', '-5', '-5', '-5', '-5', '-5', '-5', '-5', '-5', '-5', '-5', '-5', '-5', '-5', '-5', '-5', '-5', '-5', '-5', '-5', '-5', '-5', '-5', '-5', '-5', '-5', '-5', '-5', '-5', '-5', '-5', '-5', '-5', '-5', '-5', '-5', '-5', '-5', '-5', '-5', '-5', '-5', '-5', '-5', '-5', '-5', '-5', '-5', '-5', '-5', '-5', '-5', '-5', '-5', '-5', '-5', '-5', '-5', '-5', '-5', '-5', '-5', '-5', '-5', '-5', '-5', '-5', '-5', '-5', '-5', '-5', '-5', '-5', '-5', '-5', '-5', '-5', '-5', '-5', '-5', '-5', '-5', '-5', '-5', '-5', '-5', '-5', '-5', '-5', '-5', '-5', '-5', '-5', '-5', '-5', '-5', '-5', '-5', '-5', '-5', '-5', '-5', '-5', '-5', '-5', '-5', '-5', '-5', '-5', '-5', '-5', '-5', '-5', '-5', '-5', '-5', '-5', '-5', '-5', '-5', '-5', '-5', '-5', '-5', '-5', '-5', '-5', '-5', '-5', '-5', '-5', '-5', '-5', '-5', '-5', '-5', '-5', '-5', '-5', '-5', '-5', '-5', '-5', '-5', '-5', '-5', '-5', '-5', '-5', '-5', '-5', '-5', '-5', '-5', '-5', '-5', '-5', '-5', '-5', '-5', '-5', '-5', '-5', '-5', '-5', '-5', '-5', '-5', '-5', '-5', '-5', '-5', '-5', '-5', '-5', '-5', '-5', '-5', '-5', '-5', '-5', '-5', '-5', '-5', '-5', '-5', '-5', '-5', '-5', '-5', '-5', '-5', '-5', '-5', '-5', '-5', '-5', '-5', '-5', '-5', '-5', '-5', '-5', '-5', '-5', '-5', '-5', '-5', '-5', '-5', '-5', '-5', '-5', '-5', '-5', '-5', '-5', '-5', '-5', '-5', '-5', '-5', '-5', '-5', '-5', '-5', '-5', '-5', '-5', '-5', '-5', '-5', '-5', '-5', '-5', '-5', '-5', '-5', '-5', '-5', '-5', '-5', '-5', '-5', '-5', '-5', '-5', '-5', '-5', '-5', '-5', '-5', '-5', '-5', '-5', '-5', '-5', '-5', '-5', '-5', '-5', '-5', '-5', '-5', '-5', '-5', '-5', '-5', '-5', '-5', '-5', '-5', '-5', '-5', '-5', '-5', '-5', '-5', '-5', '-5', '-5', '-5', '-5', '-5', '-5', '-5', '-5', '-5', '-5', '-5', '-5', '-5', '-5', '-5', '-5', '-5', '-5', '-5', '-5', '-5', '-5', '-5', '-5', '-5', '-5', '-5', '-5', '-5', '-5', '-5', '-5', '-5', '-5', '-5', '-5', '-5', '-5', '-5', '-5', '-5', '-5', '-5', '-5', '-5', '-5', '-5', '-5', '-5', '-5', '-5', '-5', '-5', '-5', '-5', '-5', '-5', '-5', '-5', '-5', '-5', '-5', '-5', '-5', '-5', '-5', '-5', '-5', '-5', '-5', '-5', '-5', '-5', '-5', '-5', '-5', '-5', '-5', '-5', '-5', '-5', '-5', '-5', '-5', '-5', '-5', '-5', '-5', '-5', '-5', '-5', '-5', '-5', '-5', '-5', '-5', '-5', '-5', '-5', '-5', '-5', '-5', '-5', '-5', '-5', '-5', '-5', '-5', '-5', '-5', '-5', '-5', '-5', '-5', '-5', '-5', '-5', '-5', '-5', '-5', '-5', '-5', '-5', '-5', '-5', '-5', '-5', '-5', '-5', '-5', '-5', '-5', '-5', '-5', '-5', '-5', '-5', '-5', '-5', '-5', '-5', '-5', '-5', '-5', '-5', '-5', '-5', '-5', '-5', '-5', '-5', '-5', '-5', '-5', '-5', '-5', '-5', '-5', '-5', '-5', '-5', '-5', '-5', '-5', '-5', '-5', '-5', '-5', '-5', '-5', '-5', '-5', '-5', '-10', '-10', '-10', '-10', '-10', '-10', '-10', '-10', '-10', '-10', '-10', '-10', '-10', '-10', '-10', '-10', '-10', '-10', '-10', '-10', '-10', '-10', '-10', '-10', '-10', '-10', '-10', '-10', '-10', '-10', '-10', '-10', '-10', '-10', '-10', '-10', '-10', '-10', '-10', '-10', '-10', '-10', '-10', '-10', '-10', '-10', '-10', '-10', '-10', '-10', '-10', '-10', '-10', '-10', '-10', '-10', '-10', '-10', '-10', '-10', '-10', '-10', '-10', '-10', '-10', '-10', '-10', '-10', '-10', '-10', '-10', '-10', '-10', '-10', '-10', '-10', '-10', '-10', '-10', '-10', '-10', '-10', '-10', '-10', '-10', '-10', '-10', '-10', '-10', '-10', '-10', '-10', '-10', '-10', '-10', '-10', '-10', '-10', '-10', '-10', '-10', '-10', '-10', '-10', '-10', '-10', '-10', '-10', '-10', '-10', '-10', '-10', '-10', '-10', '-10', '-10', '-10', '-10', '-10', '-10', '-10', '-10', '-10', '-10', '-10', '-10', '-10', '-10', '-10', '-10', '-10', '-10', '-10', '-10', '-10', '-10', '-10', '-10', '-10', '-10', '-10', '-10', '-10', '-10', '-10', '-10', '-10', '-10', '-10', '-10', '-10', '-10', '-10', '-10', '-10', '-10', '-10', '-10', '-10', '-10', '-10', '-10', '-10', '-10', '-10', '-10', '-10', '-10', '-10', '-10', '-10', '-10', '-10', '-10', '-10', '-10', '-10', '-10', '-10', '-10', '-10', '-10', '-10', '-10', '-10', '-10', '-10', '-10', '-10', '-10', '-10', '-10', '-10', '-10', '-10', '-10', '-10', '-10', '-10', '-10', '-10', '-10', '-10', '-10', '-10', '-10', '-10', '-10', '-10', '-10', '-10', '-10', '-10', '-10', '-10', '-10', '-10', '-10', '-10', '-10', '-10', '-10', '-10', '-10', '-10', '-10', '-10', '-10', '-10', '-10', '-10', '-10', '-10', '-10', '-10', '-10', '-10', '-10', '-10', '-10', '-10', '-10', '-10', '-10', '-10', '-10', '-10', '-10', '-10', '-10', '-10', '-10', '-10', '-10', '-10', '-10', '-10', '-10', '-10', '-10', '-10', '-10', '-10', '-10', '-10', '-10', '-10', '-10', '-10', '-10', '-10', '-10', '-10', '-10', '-10', '-10', '-10', '-10', '-10', '-10', '-10', '-10', '-10', '-10', '-10', '-10', '-10', '-10', '-10', '-10', '-10', '-10', '-10', '-10', '-10', '-10', '-10', '-10', '-10', '-10', '-10', '-10', '-10', '-10', '-10', '-10', '-10', '-10', '-10', '-10', '-10', '-10', '-10', '-10', '-10', '-10', '-10', '-10', '-10', '-10', '-10', '-10', '-10', '-10', '-10', '-10', '-10', '-10', '-10', '-10', '-10', '-10', '-10', '-10', '-10', '-10', '-10', '-10', '-10', '-10', '-10', '-10', '-10', '-10', '-10', '-10', '-10', '-10', '-10', '-10', '-10', '-10', '-10', '-10', '-10', '-10', '-10', '-10', '-10', '-10', '-10', '-10', '-10', '-10', '-10', '-10', '-10', '-10', '-10', '-10', '-10', '-10', '-10', '-10', '-10', '-10', '-10', '-10', '-10', '-10', '-10', '-10', '-10', '-10', '-10', '-10', '-10', '-10', '-10', '-10', '-10', '-10', '-10', '-10', '-10', '-10', '-10', '-10', '-10', '-10', '-10', '-10', '-10', '-10', '-10', '-10', '-10', '-10', '-10', '-10', '-10', '-10', '-10', '-10', '-10', '-10', '-10', '-10', '-10', '-10', '-10', '-10', '-10', '-10', '-10', '-10', '-10', '-10', '-10', '-10', '-10', '-10', '-10', '-10', '-10', '-10', '-10', '-10', '-10', '-10', '-10', '-10', '-10', '-10', '-10', '-10', '-10', '-10', '-10', '-10', '-10', '-10', '-10', '-10', '-10', '-10', '-10', '-10', '-10', '-10', '-10', '-10', '-10', '-10', '-10', '-10', '-10', '-10', '-10', '-10', '-10', '-10', '-10', '-10', '-10', '-10', '-10', '-10', '-10', '-10', '-10', '-10', '-10', '-10', '-10', '-10', '-10', '-10', '-10', '-10', '-10', '-10', '-10', '-10', '-10', '-10', '-10', '-10', '-10', '-10', '-10', '-10', '-10', '-10', '-10', '-10', '-10', '-10', '-10', '-10', '-10', '-10', '-10', '-10', '-10', '-10', '-10', '-10', '-10', '-10', '-10', '-10', '-10', '-10', '-10', '-10', '-10', '-10', '-10', '-10', '-10', '-10', '-10', '-10', '-10', '-10', '-10', '-10', '-10', '-10', '-10', '-10', '-10', '-10', '-10', '-10', '-10', '-10', '-10', '-10', '-10', '-10', '-10', '-10', '-10', '-10', '-10', '-10', '-10', '-10', '-10', '-10', '-10', '-10', '-10', '-10', '-10', '-10', '-10', '-10', '-10', '-10', '-10', '-10', '-10', '-10', '-10', '-10', '-10', '-10', '-10', '-10', '-10', '-10', '-10', '-10', '-10', '-10', '-10', '-10', '-10', '-10', '-10', '-10', '-10', '-10', '-10', '-10', '-10', '-10', '-10', '-10', '-10', '-10', '-10', '-10', '-10', '-10', '-10', '-10', '-10', '-10', '-10', '-10', '-10', '-10', '-10', '-10', '-10', '-10', '-10', '-10', '-10', '-10', '-10', '-10', '-10', '-10', '-10', '-10', '-10', '-10', '-10', '-10', '-10', '-10', '-10', '-10', '-10', '-10', '-10', '-10', '-10', '-10', '-10', '-10', '-10', '-10', '-10', '-10', '-10', '-10', '-10', '-10', '-10', '-10', '-10', '-10', '-10', '-10', '-10', '-10', '-10', '-10', '-10', '-10', '-10', '-10', '-10', '-10', '-10', '-10', '-10', '-10', '-10', '-10', '-10', '-10', '-10', '-10', '-10', '-10', '-10', '-10', '-10', '-10', '-10', '-10', '-10', '-10', '-10', '-10', '-10', '-10', '-10', '-10', '-10', '-10', '-10', '-10', '-10', '-10', '-10', '-10', '-10', '-10', '-10', '-10', '-10', '-10', '-10', '-10', '-10', '-10', '-10', '-10', '-10', '-10', '-10', '-10', '-10', '-10', '-10', '-10', '-10', '-10', '-10', '-10', '-10', '-10', '-10', '-10', '-10', '-10', '-10', '-10', '-10', '-10', '-10', '-10', '-10', '-10', '-10', '-10', '-10', '-10', '-10', '-10', '-10', '-10', '-10', '-10', '-10', '-10', '-10', '-10', '-10', '-10', '-10', '-10', '-10', '-10', '-10', '-10', '-10', '-10', '-10', '-10', '-10', '-10', '-10', '-10', '-10', '-10', '-10', '-10', '-10', '-10', '-10', '-10', '-10', '-10', '-10', '-10', '-10', '-10', '-10', '-10', '-10', '-10', '-10', '-10', '-10', '-10', '-10', '-10', '-10', '-10', '-10', '-10', '-10', '-10', '-15', '-15', '-15', '-15', '-15', '-15', '-15', '-15', '-15', '-15', '-15', '-15', '-15', '-15', '-15', '-15', '-15', '-15', '-15', '-15', '-15', '-15', '-15', '-15', '-15', '-15', '-15', '-15', '-15', '-15', '-15', '-15', '-15', '-15', '-15', '-15', '-15', '-15', '-15', '-15', '-15', '-15', '-15', '-15', '-15', '-15', '-15', '-15', '-15', '-15', '-15', '-15', '-15', '-15', '-15', '-15', '-15', '-15', '-15', '-15', '-15', '-15', '-15', '-15', '-15', '-15', '-15', '-15', '-15', '-15', '-15', '-15', '-15', '-15', '-15', '-15', '-15', '-15', '-15', '-15', '-15', '-15', '-15', '-15', '-15', '-15', '-15', '-15', '-15', '-15', '-15', '-15', '-15', '-15', '-15', '-15', '-15', '-15', '-15', '-15', '-15', '-15', '-15', '-15', '-15', '-15', '-15', '-15', '-15', '-15', '-15', '-15', '-15', '-15', '-15', '-15', '-15', '-15', '-15', '-15', '-15', '-15', '-15', '-15', '-15', '-15', '-15', '-15', '-15', '-15', '-15', '-15', '-15', '-15', '-15', '-15', '-15', '-15', '-15', '-15', '-15', '-15', '-15', '-15', '-15', '-15', '-15', '-15', '-15', '-15', '-15', '-15', '-15', '-15', '-15', '-15', '-15', '-15', '-15', '-15', '-15', '-15', '-15', '-15', '-15', '-15', '-15', '-15', '-15', '-15', '-15', '-15', '-15', '-15', '-15', '-15', '-15', '-15', '-15', '-15', '-15', '-15', '-15', '-15', '-15', '-15', '-15', '-15', '-15', '-15', '-15', '-15', '-15', '-15', '-15', '-15', '-15', '-15', '-15', '-15', '-15', '-15', '-15', '-15', '-15', '-15', '-15', '-15', '-15', '-15', '-15', '-15', '-15', '-15', '-15', '-15', '-15', '-15', '-15', '-15', '-15', '-15', '-15', '-15', '-15', '-15', '-15', '-15', '-15', '-15', '-15', '-15', '-15', '-15', '-15', '-15', '-15', '-15', '-15', '-15', '-15', '-15', '-15', '-15', '-15', '-15', '-15', '-15', '-15', '-15', '-15', '-15', '-15', '-15', '-15', '-15', '-15', '-15', '-15', '-15', '-15', '-15', '-15', '-15', '-15', '-15', '-15', '-15', '-15', '-15', '-15', '-15', '-15', '-15', '-15', '-15', '-15', '-15', '-15', '-15', '-15', '-15', '-15', '-15', '-15', '-15', '-15', '-15', '-15', '-15', '-15', '-15', '-15', '-15', '-15', '-15', '-15', '-15', '-15', '-15', '-15', '-15', '-15', '-15', '-15', '-15', '-15', '-15', '-15', '-15', '-15', '-15', '-15', '-15', '-15', '-15', '-15', '-15', '-15', '-15', '-15', '-15', '-15', '-15', '-15', '-15', '-15', '-15', '-15', '-15', '-15', '-15', '-15', '-15', '-15', '-15', '-15', '-15', '-15', '-15', '-15', '-15', '-15', '-15', '-15', '-15', '-15', '-15', '-15', '-15', '-15', '-15', '-15', '-15', '-15', '-15', '-15', '-15', '-15', '-15', '-15', '-15', '-15', '-15', '-15', '-15', '-15', '-15', '-15', '-15', '-15', '-15', '-15', '-15', '-15', '-15', '-15', '-15', '-15', '-15', '-15', '-15', '-15', '-15', '-15', '-15', '-15', '-15', '-15', '-15', '-15', '-15', '-15', '-15', '-15', '-15', '-15', '-15', '-15', '-15', '-15', '-15', '-15', '-15', '-15', '-15', '-15', '-15', '-15', '-15', '-15', '-15', '-15', '-15', '-15', '-15', '-15', '-15', '-15', '-15', '-15', '-15', '-15', '-15', '-15', '-15', '-15', '-15', '-15', '-15', '-15', '-15', '-15', '-15', '-15', '-15', '-15', '-15', '-15', '-15', '-15', '-15', '-15', '-15', '-15', '-15', '-15', '-15', '-15', '-15', '-15', '-15', '-15', '-15', '-15', '-15', '-15', '-15', '-15', '-15', '-15', '-15', '-15', '-15', '-15', '-15', '-15', '-15', '-15', '-15', '-15', '-15', '-15', '-15', '-15', '-15', '-15', '-15', '-15', '-15', '-15', '-15', '-15', '-15', '-15', '-15', '-15', '-15', '-15', '-15', '-15', '-15', '-15', '-15', '-15', '-15', '-15', '-15', '-15', '-15', '-15', '-15', '-15', '-15', '-15', '-15', '-15', '-15', '-15', '-15', '-15', '-15', '-15', '-15', '-15', '-15', '-15', '-15', '-15', '-15', '-15', '-15', '-15', '-15', '-15', '-15', '-15', '-15', '-15', '-15', '-15', '-15', '-15', '-15', '-15', '-15', '-15', '-15', '-15', '-15', '-15', '-15', '-15', '-15', '-15', '-15', '-15', '-15', '-15', '-15', '-15', '-15', '-15', '-15', '-15', '-20', '-20', '-20', '-20', '-20', '-20', '-20', '-20', '-20', '-20', '-20', '-20', '-20', '-20', '-20', '-20', '-20', '-20', '-20', '-20', '-20', '-20', '-20', '-20', '-20', '-20', '-20', '-20', '-20', '-20', '-20', '-20', '-20', '-20', '-20', '-20', '-20', '-20', '-20', '-20', '-20', '-20', '-20', '-20', '-20', '-20', '-20', '-20', '-20', '-20', '-20', '-20', '-20', '-20', '-20', '-20', '-20', '-20', '-20', '-20', '-20', '-20', '-20', '-20', '-20', '-20', '-20', '-20', '-20', '-20', '-20', '-20', '-20', '-20', '-20', '-20', '-20', '-20', '-20', '-20', '-20', '-20', '-20', '-20', '-20', '-20', '-20', '-20', '-20', '-20', '-20', '-20', '-20', '-20', '-20', '-20', '-20', '-20', '-20', '-20', '-20', '-20', '-20', '-20', '-20', '-20', '-20', '-20', '-20', '-20', '-20', '-20', '-20', '-20', '-20', '-20', '-20', '-20', '-20', '-20', '-20', '-20', '-20', '-20', '-20', '-20', '-20', '-20', '-20', '-20', '-20', '-20', '-20', '-20', '-20', '-20', '-20', '-20', '-20', '-20', '-20', '-20', '-20', '-20', '-20', '-20', '-20', '-20', '-20', '-20', '-20', '-20', '-20', '-20', '-20', '-20', '-20', '-20', '-20', '-20', '-20', '-20', '-20', '-20', '-20', '-20', '-20', '-20', '-20', '-20', '-20', '-20', '-20', '-20', '-20', '-20', '-20', '-20', '-20', '-20', '-20', '-20', '-20', '-20', '-20', '-20', '-20', '-20', '-20', '-20', '-20', '-20', '-20', '-20', '-20', '-20', '-20', '-20', '-20', '-20', '-20', '-20', '-20', '-20', '-20', '-20', '-20', '-20', '-20', '-20', '-20', '-20', '-20', '-20', '-20', '-20', '-20', '-20', '-20', '-20', '-20', '-20', '-20', '-20', '-20', '-20', '-20', '-20', '-20', '-20', '-20', '-20', '-20', '-20', '-20', '-20', '-20', '-20', '-20', '-20', '-20', '-20', '-20', '-20', '-20', '-20', '-20', '-20', '-20', '-20', '-20', '-20', '-20', '-20', '-20', '-20', '-20', '-20', '-20', '-20', '-20', '-20', '-20', '-20', '-20', '-20', '-20', '-20', '-20', '-20', '-20', '-20', '-20', '-20', '-20', '-20', '-20', '-20', '-20', '-20', '-20', '-20', '-20', '-20', '-20', '-20', '-20', '-20', '-20', '-20', '-20', '-20', '-20', '-20', '-20', '-20', '-20', '-20', '-20', '-20', '-20', '-20', '-20', '-20', '-20', '-20', '-20', '-20', '-20', '-20', '-20', '-20', '-20', '-20', '-20', '-20', '-20', '-20', '-20', '-20', '-20', '-20', '-20', '-20', '-20', '-20', '-20', '-20', '-20', '-20', '-20', '-20', '-20', '-20', '-20', '-20', '-20', '-20', '-20', '-20', '-20', '-20', '-20', '-20', '-20', '-20', '-20', '-20', '-20', '-20', '-20', '-20', '-20', '-20', '-20', '-20', '-20', '-20', '-20', '-20', '-20', '-20', '-20', '-20', '-20', '-20', '-20', '-20', '-20', '-20', '-20', '-20', '-20', '-20', '-20', '-20', '-20', '-20', '-20', '-20', '-20', '-20', '-20', '-20', '-20', '-20', '-20', '-20', '-20', '-20', '-20', '-20', '-20', '-20', '-20', '-20', '-20', '-20', '-20', '-20', '-20', '-20', '-20', '-20', '-20', '-20', '-20', '-20', '-20', '-20', '-20', '-20', '-20', '-20', '-20', '-20', '-20', '-20', '-20', '-20', '-20', '-20', '-20', '-20', '-20', '-20', '-20', '-20', '-20', '-20', '-20', '-20', '-20', '-20', '-20', '-20', '-20', '-20', '-20', '-20', '-20', '-20', '-20', '-20', '-20', '-20', '-20', '-20', '-20', '-20', '-20', '-20', '-20', '-20', '-20', '-20', '-20', '-20', '-20', '-20', '-20', '-20', '-20', '-20', '-20', '-20', '-20', '-20', '-20', '-20', '-20', '-20', '-20', '-20', '-20', '-20', '-20', '-20', '-20', '-20', '-20', '-20', '-20', '-20', '-20', '-20', '-20', '-20', '-20', '-20', '-20', '-20', '-20', '-20', '-20', '-20', '-20', '-20', '-20', '-20', '-20', '-20', '-20', '-20', '-20', '-20', '-20', '-20', '-20', '-20', '-20', '-20', '-20', '-20', '-20', '-20', '-20', '-20', '-20', '-20', '-20', '-20', '-20', '-20', '-20', '-20', '-20', '-20', '-20', '-20', '-20', '-20', '-20', '-20', '-20', '-20', '-20', '-20', '-20', '-20', '-20', '-20', '-20', '-20', '-20', '-20', '-25', '-25', '-25', '-25', '-25', '-25', '-25', '-25', '-25', '-25', '-25', '-25', '-25', '-25', '-25', '-25', '-25', '-25', '-25', '-25', '-25', '-25', '-25', '-25', '-25', '-25', '-25', '-25', '-25', '-25', '-30', '-30', '-30', '-30', '-30', '-30', '-30', '-30', '-30', '-30', '-30', '-30', '-30', '-30', '-30', '-30', '-30', '-30', '-30', '-30', '-30', '-30', '-30', '-30', '-30', '-30', '-30', '-30', '-30', '-30', '-30', '-30', '-30', '-30', '-30', '-30', '-30', '-30', '-30', '-30', '-30', '-30', '-30', '-35', '-35', '-35', '-35', '-35', '-35', '-35', '-35', '-35', '-35', '-35', '-35', '-35', '-35', '-35', '-35', '-35', '-35', '-35', '-35', '-35', '-35', '-35', '-35', '-35', '-35', '-35', '-35', '-35', '-35', '-35', '-35', '-35', '-35', '-35', '-35', '-35', '-35', '-40', '-40', '-40', '-40', '-40', '-40', '-40', '-40', '-40', '-40', '-40', '-40', '-40', '-40', '-40', '-40', '-40', '-40', '-40', '-40', '-40', '-40', '-40', '-40', '-40', '-40', '-40', '-40', '-40', '-40', '-45', '-45', '-45', '-45', '-45', '-45', '-45', '-45', '-45', '-45', '-45', '-45', '-45', '-45', '-45', '-45', '-45', '-45', '-45', '-45', '-45', '-45', '-45', '-45', '-45', '-45', '-45', '-45', '-45', '-45', '-45', '-45', '-45', '-45', '-45', '-45', '-45', '-45', '-45', '-45', '-45', '-45', '-45', '-45', '-45', '-45', '-45', '-45', '-45', '-45', '-45', '-45', '-45', '-45', '-45', '-45', '-45', '-45', '-45', '-45', '-45', '-45', '-45', '-45', '-45', '-45', '-45', '-45', '-45', '-45', '-45', '-45', '-45', '-45', '-45', '-45', '-45', '-45', '-45', '-45', '-45', '-45', '-45', '-45', '-45', '-45', '-45', '-45', '-45', '-45', '-45', '-45', '-45', '-45', '-45', '-45', '-45', '-45', '-45', '-45', '-45', '-45', '-45', '-45', '-45', '-45', '-45', '-45', '-45', '-45', '-45', '-45', '-45', '-45', '-45', '-45', '-45', '-45', '-45', '-45', '-45', '-45', '-45', '-45', '-45', '-45', '-45', '-45', '-45', '-45', '-45', '-45', '-45', '-45', '-45', '-45', '-50', '-50', '-50', '-50', '-50', '-50', '-50', '-50', '-50', '-50', '-50', '-50', '-50', '-50', '-50', '-50', '-50', '-50', '-50', '-50', '-50', '-50', '-50', '-50', '-50', '-50', '-50', '-50', '-50', '-50', '-50', '-50', '-50', '-50', '-50', '-50', '-50', '-50', '-50', '-50', '-50', '-50', '-50', '-50', '-50', '-50', '-50', '-50', '-50', '-50', '-50', '-50', '-50', '-50', '-50', '-50', '-50', '-50', '-50', '-50', '-50', '-50', '-50', '-50', '-50', '-50', '-50', '-50', '-50', '-50', '-50', '-50', '-50', '-50', '-50', '-50', '-50', '-50', '-50', '-50', '-50', '-50', '-50', '-50', '-50', '-50', '-50', '-50', '-50', '-50', '-50', '-50', '-50', '-50', '-50', '-50', '-50', '-50', '-50', '-50', '-50', '-50', '-50', '-50', '-50', '-50', '-50', '-50', '-50', '-50', '-50', '-50', '-50', '-50', '-50', '-50', '-50', '-50', '-50', '-50', '-50', '-50', '-50', '-50', '-50', '-50', '-50', '-50', '-50', '-50', '-50', '-50', '-50', '-50', '-50', '-50', '-50', '-50', '-50', '-50', '-50', '-50', '-50', '-50', '-50', '-50', '-50', '-50', '-50', '-50', '-50', '-50', '-50', '-50', '-50', '-50', '-50', '-50', '-50', '-50', '-50', '-50', '-50', '-50', '-50', '-50', '-50', '-50', '-50', '-50', '-50', '-50', '-50', '-50', '-50', '-50', '-50', '-50', '-50', '-50', '-50', '-50', '-50', '-50', '-50', '-50', '-50', '-50', '-50', '-50', '-50', '-50', '-50', '-50', '-50', '-50', '-50', '-50', '-50', '-50', '-50', '-50', '-50', '-50', '-50', '-50', '-50', '-50', '-50', '-50', '-50', '-50', '-50', '-50', '-50', '-50', '-50', '-50', '-50', '-50', '-50', '-50', '-50', '-50', '-50', '-50', '-50', '-50', '-50', '-50', '-50', '-50', '-50', '-50', '-50', '-50', '-50', '-50', '-50', '-50', '-50', '-50', '-50', '-50', '-50', '-50', '-50', '-50', '-50', '-50', '-50', '-50', '-50', '-50', '-50', '-50', '-50', '-50', '-50', '-50', '-50', '-50', '-50', '-50', '-50', '-50', '-50', '-50', '-50', '-50', '-50', '-50', '-50', '-50', '-50', '-50', '-50', '-50', '-50', '-50', '-50', '-50', '-50', '-50', '-50', '-50', '-50', '-50', '-50', '-50', '-50', '-50', '-50', '-50', '-50', '-50', '-50', '-50', '-50', '-50', '-50', '-50', '-50', '-50', '-50', '-50', '-50', '-50', '-50', '-50', '-50', '-50', '-50', '-50', '-50', '-50', '-50', '-50', '-50', '-50', '-50', '-50', '-50', '-50', '-50', '-50', '-50', '-50', '-50', '-50', '-50', '-50', '-50', '-50', '-50', '-50', '-50', '-50', '-50', '-50', '-50', '-50', '-50', '-50', '-50', '-50', '-50', '-50', '-50', '-50', '-50', '-50', '-50', '-50', '-50', '-50', '-50', '-50', '-50', '-50', '-55', '-55', '-55', '-55', '-55', '-55', '-55', '-55', '-55', '-55', '-55', '-55', '-55', '-55', '-55', '-55', '-55', '-55', '-55', '-55', '-55', '-55', '-55', '-55', '-55', '-60', '-60', '-60', '-60', '-60', '-60', '-60', '-60', '-60', '-60', '-60', '-60', '-60', '-60', '-60', '-60', '-60', '-60', '-60', '-60', '-65', '-65', '-65', '-65', '-65', '-65', '-65', '-65', '-65', '-65', '-65', '-65', '-65', '-65', '-65', '-65', '-65', '-65', '-65', '-65', '-70', '-70', '-70', '-70', '-70', '-70', '-70', '-70', '-70', '-70', '-70', '-70', '-70', '-70', '-70', '-70', '-70', '-70', '-75', '-75', '-75', '-75', '-75', '-75', '-75', '-75', '-75', '-75', '-75', '-75', '-75', '-75', '-75', '-75', '-75', '-75', '-75', '-75', '-75', '-75', '-75', '-75', '-75', '-75', '-75', '-75', '-75', '-75', '-75', '-75', '-75', '-75', '-75', '-75', '-75', '-75', '-75', '-75', '-75', '-75', '-75', '-75', '-75', '-75', '-75', '-75', '-75', '-75', '-75', '-75', '-75', '-75', '-75', '-75', '-75', '-75', '-75', '-75', '-75', '-75', '-75', '-75', '-75', '-75', '-75', '-75', '-75', '-75', '-75', '-80', '-80', '-80', '-80', '-80', '-80', '-80', '-80', '-80', '-80', '-80', '-80', '-80', '-80', '-80', '-80', '-80', '-80', '-80', '-80', '-80', '-80', '-80', '-80', '-80', '-80', '-80', '-80', '-80', '-80', '-80', '-80', '-80', '-80', '-80', '-80', '-80', '-80', '-80', '-80', '-80', '-80', '-80', '-80', '-80', '-80', '-80', '-80', '-80', '-80', '-80', '-80', '-80', '-80', '-80', '-80', '-80', '-80', '-80', '-80', '-80', '-80', '-80', '-80', '-80', '-80', '-80', '-80', '-80', '-80', '-80', '-80', '-80', '-80', '-80', '-80', '-80', '-80', '-80', '-80', '-80', '-80', '-80', '-80', '-80', '-80', '-80', '-80', '-80', '-80', '-80', '-80', '-80', '-80', '-80', '-80', '-80', '-80', '-80', '-80', '-80', '-80', '-80', '-80', '-80', '-80', '-80', '-80', '-80', '-80', '-80', '-80', '-80', '-80', '-80', '-80', '-80', '-80', '-80', '-80', '-80', '-80', '-80', '-80', '-80', '-80', '-80', '-80', '-80', '-80', '-80', '-80', '-80', '-80', '-80', '-80', '-80', '-80', '-80', '-80', '-80', '-80', '-80', '-80', '-80', '-80', '-80', '-80', '-80', '-80', '-80', '-80', '-80', '-80', '-80', '-80', '-80', '-80', '-80', '-80', '-80', '-80', '-80', '-80', '-80', '-80', '-80', '-80', '-80', '-80', '-80', '-80', '-80', '-80', '-80', '-80', '-80', '-80', '-80', '-80', '-80', '-80', '-80', '-80', '-80', '-80', '-80', '-80', '-80', '-80', '-80', '-80', '-80', '-80', '-80', '-80', '-80', '-80', '-80', '-80', '-80', '-80', '-80', '-80', '-80', '-80', '-80', '-80', '-80', '-80', '-80', '-80', '-80', '-80', '-80', '-80', '-80', '-80', '-80', '-80', '-80', '-80', '-80', '-80', '-80', '-80', '-80', '-80', '-80', '-80', '-80', '-80', '-80', '-80', '-80', '-80', '-80', '-80', '-80', '-80', '-80', '-80', '-80', '-80', '-80', '-80', '-80', '-80', '-80', '-80', '-80', '-80', '-80', '-80', '-80', '-80', '-80', '-80', '-80', '-80', '-80', '-80', '-80', '-80', '-80', '-80', '-80', '-80', '-80', '-80', '-80', '-80', '-80', '-80', '-80', '-80', '-80', '-80', '-80', '-80', '-80', '-80', '-80', '-80', '-80', '-80', '-80', '-80', '-80', '-80', '-80', '-80', '-80', '-80', '-80', '-80', '-80', '-80', '-80', '-80', '-80', '-80', '-80', '-80', '-80', '-80', '-80', '-80', '-80', '-80', '-80', '-80', '-80', '-80', '-80', '-80', '-80', '-80', '-80', '-80', '-80', '-80', '-80', '-80', '-80', '-80', '-80', '-80', '-80', '-80', '-80', '-80', '-80', '-80', '-80', '-80', '-80', '-80', '-80', '-80', '-80', '-80', '-80', '-80', '-80', '-80', '-80', '-80', '-80', '-80', '-80', '-80', '-80', '-80', '-80', '-80', '-80', '-80', '-80', '-80', '-80', '-80', '-80', '-80', '-80', '-80', '-80', '-80', '-80', '-80', '-80', '-80', '-80', '-80', '-80', '-80', '-80', '-80', '-80', '-80', '-80', '-80', '-80', '-80', '-80', '-80', '-80', '-80', '-80', '-80', '-80', '-80', '-80', '-80', '-80', '-80', '-80', '-80', '-80', '-80', '-80', '-80', '-80', '-80', '-80', '-80', '-80', '-80', '-80', '-80', '-80', '-80', '-80', '-80', '-80', '-80', '-80', '-80', '-80', '-80', '-80', '-80', '-80', '-80', '-80', '-80', '-80', '-80', '-80', '-80', '-80', '-80', '-80', '-80', '-80', '-80', '-80', '-80', '-80', '-80', '-80', '-80', '-80', '-80', '-80', '-80', '-80', '-80', '-80', '-80', '-80', '-80', '-80', '-80', '-80', '-80', '-80', '-80', '-80', '-80', '-80', '-80', '-80', '-80', '-80', '-80', '-80', '-80', '-80', '-80', '-80', '-80', '-80', '-80', '-80', '-80', '-80', '-80', '-80', '-80', '-80', '-80', '-80', '-80', '-80', '-80', '-80', '-80', '-80', '-80', '-80', '-80', '-80', '-80', '-80', '-80', '-80', '-80', '-80', '-80', '-80', '-80', '-80', '-80', '-80', '-80', '-80', '-80', '-80', '-80', '-80', '-80', '-80', '-80', '-80', '-80', '-80', '-80', '-80', '-80', '-80', '-80', '-80', '-80', '-80', '-80', '-80', '-80', '-80', '-80', '-80', '-80', '-80', '-80', '-80', '-80', '-80', '-80', '-80', '-80', '-80', '-80', '-80', '-80', '-80', '-80', '-80', '-80', '-80', '-80', '-80', '-80', '-80', '-80', '-80', '-80', '-80', '-80', '-80', '-80', '-80', '-80', '-80', '-80', '-80', '-80', '-80', '-80', '-80', '-80', '-80', '-80', '-80', '-80', '-80', '-80', '-80', '-80', '-80', '-80', '-80', '-80', '-80', '-80', '-80', '-80', '-80', '-80', '-80', '-80', '-80', '-80', '-80', '-80', '-80', '-80', '-80', '-80', '-80', '-80', '-80', '-80', '-80', '-80', '-80', '-80', '-80', '-80', '-80', '-80', '-80', '-80', '-80', '-80', '-80', '-80', '-80', '-80', '-80', '-80', '-80', '-80', '-80', '-80', '-80', '-80', '-80', '-80', '-80', '-80', '-80', '-80', '-80', '-80', '-80', '-80', '-80', '-80', '-80', '-80', '-80', '-80', '-80', '-80', '-80', '-80', '-80', '-80', '-80', '-80', '-80', '-80', '-80', '-80', '-80', '-80', '-80', '-80', '-80', '-80', '-80', '-80', '-80', '-80', '-80', '-80', '-80', '-80', '-80', '-80', '-80', '-80', '-80', '-80', '-80', '-80', '-80', '-80', '-80', '-80', '-80', '-80', '-80', '-80', '-80', '-80', '-80', '-80', '-80', '-80', '-80', '-80', '-80', '-80', '-80', '-80', '-80', '-80', '-80', '-80', '-80', '-80', '-80', '-80', '-80', '-80', '-80', '-80', '-80', '-80', '-80', '-80', '-80', '-80', '-80', '-80', '-80', '-80', '-80', '-80', '-80', '-80', '-80', '-80', '-80', '-80', '-80', '-80', '-80', '-80', '-80', '-80', '-80', '-80', '-80', '-80', '-80', '-80', '-80', '-80', '-80', '-80', '-80', '-80', '-80', '-80', '-80', '-80', '-80', '-80', '-80', '-80', '-80', '-80', '-80', '-80', '-80', '-80', '-80', '-80', '-80', '-80', '-80', '-80', '-80', '-80', '-80', '-80', '-80', '-80', '-80', '-80', '-80', '-80', '-80', '-80', '-80', '-80', '-80', '-80', '-80', '-80', '-80', '-80', '-80', '-80', '-80', '-80', '-80', '-80', '-80', '-80', '-80', '-80', '-80', '-80', '-80', '-80', '-80', '-80', '-80', '-80', '-80', '-80', '-80', '-80', '-80', '-80', '-80', '-80', '-80', '-80', '-80', '-80', '-80', '-80', '-80', '-80', '-80', '-80', '-80', '-80', '-80', '-80', '-80', '-80', '-80', '-80', '-80', '-80', '-80', '-80', '-80', '-80', '-80', '-80', '-80', '-80', '-80', '-80', '-80', '-80', '-80', '-80', '-80', '-80', '-80', '-80', '-80', '-80', '-80', '-80', '-80', '-80', '-80', '-80', '-80', '-80', '-80', '-80', '-80', '-80', '-80', '-80', '-80', '-80', '-80', '-80', '-80', '-80', '-80', '-80', '-80', '-80', '-80', '-80', '-80', '-80', '-80', '-80', '-80', '-80', '-80', '-80', '-80', '-80', '-80', '-80', '-80', '-80', '-80', '-80', '-80', '-80', '-80', '-80', '-80', '-80', '-80', '-80', '-80', '-80', '-80', '-80', '-80', '-80', '-80', '-80', '-80', '-80', '-80', '-80', '-80', '-80', '-80', '-80', '-80', '-80', '-80', '-80', '-80', '-80', '-80', '-80', '-80', '-80', '-80', '-80', '-80', '-80', '-80', '-80', '-80', '-80', '-80', '-80', '-80', '-80', '-80', '-80', '-80', '-80', '-80', '-80', '-80', '-80', '-80', '-80', '-80', '-80', '-80', '-80', '-80', '-80', '-80', '-80', '-80', '-80', '-80', '-80', '-80', '-80', '-80', '-80', '-80', '-80', '-80', '-80', '-80', '-80', '-80', '-80', '-80', '-80', '-80', '-80', '-80', '-80', '-80', '-80', '-80', '-80', '-80', '-80', '-80', '-80', '-80', '-80', '-80', '-80', '-80', '-80', '-80', '-80', '-80', '-80', '-80', '-80', '-80', '-80', '-80', '-80', '-80', '-80', '-80', '-80', '-80', '-80', '-80', '-80', '-80', '-80', '-80', '-80', '-80', '-80', '-80', '-80', '-80', '-80', '-80', '-80', '-80', '-80', '-80', '-80', '-80', '-80', '-80', '-80', '-80', '-80', '-80', '-80', '-80', '-80', '-80', '-80', '-80', '-80', '-80', '-80', '-80', '-80', '-80', '-80', '-80', '-80', '-80', '-80', '-80', '-80', '-80', '-80', '-80', '-80', '-80', '-80', '-80', '-80', '-80', '-80', '-80', '-80', '-80', '-80', '-80', '-80', '-80', '-80', '-80', '-80', '-80', '-80', '-80', '-80', '-80', '-80', '-80', '-80', '-80', '-80', '-80', '-80', '-80', '-80', '-80', '-80', '-80', '-80', '-80', '-80', '-80', '-80', '-80', '-80', '-80', '-80', '-80', '-80', '-80', '-80', '-80', '-80', '-80', '-80', '-80', '-80', '-80', '-80', '-80', '-80', '-80', '-80', '-80', '-80', '-80', '-80', '-80', '-80', '-80', '-80', '-80', '-80', '-80', '-80', '-80', '-80', '-80', '-80', '-80', '-80', '-80', '-80', '-80', '-80', '-80', '-80', '-80', '-80', '-80', '-80', '-80', '-80', '-80', '-80', '-80', '-80', '-80', '-80', '-80', '-80', '-80', '-80', '-80', '-80', '-80', '-80', '-80', '-80', '-80', '-80', '-80', '-80', '-80', '-80', '-80', '-80', '-80', '-80', '-80', '-80', '-80', '-80', '-80', '-80', '-80', '-80', '-80', '-80', '-80', '-80', '-80', '-80', '-80', '-80', '-80', '-80', '-80', '-80', '-80', '-80', '-80', '-80', '-80', '-80', '-80', '-80', '-80', '-80', '-80', '-80', '-80', '-80', '-80', '-80', '-80', '-80', '-80', '-80', '-80', '-80', '-80', '-80', '-80', '-80', '-80', '-80', '-80', '-80', '-80', '-80', '-80', '-80', '-80', '-80', '-80', '-80', '-80', '-80', '-80', '-80', '-80', '-80', '-80', '-80', '-80', '-80', '-80', '-80', '-80', '-80', '-80', '-80', '-80', '-80', '-80', '-80', '-80', '-80', '-80', '-80', '-80', '-80', '-80', '-80', '-80', '-80', '-80', '-80', '-80', '-80', '-80', '-80', '-80', '-80', '-80', '-80', '-80', '-80', '-80', '-80', '-80', '-80', '-80', '-80', '-80', '-80', '-80', '-80', '-80', '-80', '-80', '-80', '-80', '-80', '-80', '-80', '-80', '-80', '-80', '-80', '-80', '-80', '-80', '-80', '-80', '-80', '-80', '-80', '-80', '-80', '-80', '-80', '-80', '-80', '-80', '-80', '-80', '-80', '-80', '-80', '-80', '-80', '-80', '-80', '-80', '-80', '-80', '-80', '-80', '-80', '-80', '-80', '-80', '-80', '-80', '-80', '-80', '-80', '-80', '-80', '-80', '-80', '-80', '-80', '-80', '-80', '-80', '-80', '-80', '-80', '-80', '-80', '-80', '-80', '-80', '-80', '-80', '-80', '-80', '-80', '-80', '-80', '-80', '-80', '-80', '-80', '-80', '-80', '-80', '-80', '-80', '-80', '-80', '-80', '-80', '-80', '-80', '-80', '-80', '-80', '-80', '-80', '-80', '-80', '-80', '-80', '-80', '-80', '-80', '-80', '-80', '-80', '-80', '-80', '-80', '-80', '-80', '-80', '-80', '-80', '-80', '-80', '-80', '-80', '-80', '-80', '-80', '-80', '-80', '-80', '-80', '-80', '-80', '-80', '-80', '-80', '-80', '-80', '-80', '-80', '-80', '-80', '-80', '-80', '-80', '-80', '-80', '-80', '-80', '-80', '-80', '-80', '-80', '-80', '-80', '-80', '-80', '-80', '-80', '-80', '-80', '-80', '-80', '-80', '-80', '-80', '-80', '-80', '-80', '-80', '-80', '-80', '-80', '-80', '-80', '-80', '-80', '-80', '-80', '-80', '-80', '-80', '-80', '-80', '-80', '-80', '-80', '-80', '-80', '-80', '-80', '-80', '-80', '-80', '-80', '-80', '-80', '-80', '-80', '-80', '-80', '-80', '-80', '-80', '-80', '-80', '-80', '-80', '-80', '-80', '-80', '-80', '-80', '-80', '-80', '-80', '-80', '-80', '-80', '-80', '-80', '-80', '-80', '-80', '-80', '-80', '-80', '-80', '-80', '-80', '-80', '-80', '-80', '-80', '-80', '-80', '-80', '-80', '-80', '-80', '-80', '-80', '-80', '-80', '-80', '-80', '-80', '-80', '-80', '-80', '-80', '-80', '-80', '-80', '-80', '-80', '-80', '-80', '-80', '-80', '-80', '-80', '-80', '-80', '-80', '-80', '-80', '-80', '-80', '-80', '-80', '-80', '-80', '-80', '-80', '-80', '-80', '-80', '-80', '-80', '-80', '-80', '-80', '-80', '-80', '-80', '-80', '-80', '-80', '-80', '-80', '-80', '-80', '-80', '-80', '-80', '-80', '-80', '-80', '-80', '-80', '-80', '-80', '-80', '-80', '-80', '-80', '-80', '-80', '-80', '-80', '-80', '-80', '-80', '-80', '-80', '-80', '-80', '-80', '-80', '-80', '-80', '-80', '-80', '-80', '-80', '-80', '-80', '-80', '-80', '-80', '-80', '-80', '-80', '-80', '-80', '-80', '-80', '-80', '-80', '-80', '-80', '-80', '-80', '-80', '-80', '-80', '-80', '-80', '-80', '-80', '-80', '-80', '-80', '-80', '-80', '-80', '-80', '-80', '-80', '-80', '-80', '-80', '-80', '-80', '-80', '-80', '-80', '-80', '-80', '-80', '-80', '-80', '-80', '-80', '-80', '-80', '-80', '-80', '-80', '-80', '-80', '-80', '-80', '-80', '-80', '-80', '-80', '-80', '-80', '-80', '-80', '-80', '-80', '-80', '-80', '-80', '-80', '-80', '-80', '-80', '-80', '-80', '-80', '-80', '-80', '-80', '-80', '-80', '-80', '-80', '-80', '-80', '-80', '-80', '-80', '-80', '-80', '-80', '-80', '-80', '-80', '-80', '-80', '-80', '-80', '-80', '-80', '-80', '-80', '-80', '-80', '-80', '-80', '-80', '-80', '-80', '-80', '-80', '-80', '-80', '-80', '-80', '-80', '-80', '-80', '-80', '-80', '-80', '-80', '-80', '-80', '-80', '-80', '-80', '-80', '-80', '-80', '-80', '-80', '-80', '-80', '-80', '-80', '-80', '-80', '-80', '-80', '-80', '-80', '-80', '-80', '-80', '-80', '-80', '-80', '-80', '-80', '-80', '-80', '-80', '-80', '-80', '-80', '-80', '-80', '-80', '-80', '-80', '-80', '-80', '-80', '-80', '-80', '-80', '-80', '-80', '-80', '-80', '-80', '-80', '-80', '-80', '-80', '-80', '-80', '-80', '-80', '-80', '-80', '-80', '-80', '-80', '-80', '-80', '-80', '-80', '-80', '-80', '-80', '-80', '-80', '-80', '-80', '-80', '-80', '-80', '-80', '-80', '-80', '-80', '-80', '-80', '-80', '-80', '-80', '-80', '-80', '-80', '-80', '-80', '-80', '-80', '-80', '-80', '-80', '-80', '-80', '-80', '-80', '-80', '-80', '-80', '-80', '-80', '-80', '-80', '-80', '-80', '-80', '-80', '-80', '-80', '-80', '-80', '-80', '-80', '-80', '-80', '-80', '-80', '-80', '-80', '-80', '-80', '-80', '-80', '-80', '-80', '-80', '-80', '-80', '-80', '-80', '-80', '-80', '-80', '-80', '-80', '-80', '-80', '-80', '-80', '-80', '-80', '-80', '-80', '-80', '-80', '-80', '-80', '-80', '-80', '-80', '-80', '-80', '-80', '-80', '-80', '-80', '-80', '-80', '-80', '-80', '-80', '-80', '-80', '-80', '-80', '-80', '-80', '-80', '-80', '-80', '-80', '-80', '-80', '-80', '-80', '-80', '-80', '-80', '-80', '-80', '-80', '-80', '-80', '-80', '-80', '-80', '-80', '-80', '-80', '-80', '-80', '-80', '-80', '-80', '-80', '-80', '-80', '-80', '-80', '-80', '-80', '-80', '-80', '-80', '-80', '-80', '-80', '-80', '-80', '-80', '-80', '-80', '-80', '-80', '-80', '-80', '-80', '-80', '-80', '-80', '-80', '-80', '-80', '-80', '-80', '-80', '-80', '-80', '-80', '-80', '-80', '-80', '-80', '-80', '-80', '-80', '-80', '-80', '-80', '-80', '-80', '-80', '-80', '-80', '-80', '-80', '-80', '-80', '-80', '-80', '-80', '-80', '-80', '-80', '-80', '-80', '-80', '-80', '-80', '-80', '-80', '-80', '-80', '-80', '-80', '-80', '-80', '-80', '-80', '-80', '-80', '-80', '-80', '-80', '-80', '-80', '-80', '-80', '-80', '-80', '-80', '-80', '-80', '-80', '-80', '-80', '-80', '-80', '-80', '-80', '-80', '-80', '-80', '-80', '-80', '-80', '-80', '-80', '-80', '-80', '-80', '-80', '-80', '-80', '-80', '-80', '-80', '-80', '-80', '-80', '-80', '-80', '-80', '-80', '-80', '-80', '-80', '-80', '-80', '-80', '-80', '-80', '-80', '-80', '-80', '-80', '-80', '-80', '-80', '-80', '-80', '-80', '-80', '-80', '-80', '-80', '-80', '-80', '-80', '-80', '-80', '-80', '-80', '-80', '-80', '-80', '-80', '-80', '-80', '-80', '-80', '-80', '-80', '-80', '-80', '-80', '-80', '-80', '-80', '-80', '-80', '-80', '-80', '-80', '-80', '-80', '-80', '-80', '-80', '-80', '-80', '-80', '-80', '-80', '-80', '-80', '-80', '-80', '-80', '-80', '-80', '-80', '-80', '-80', '-80', '-80', '-80', '-80', '-80', '-80', '-80', '-80', '-80', '-80', '-80', '-80', '-80', '-80', '-80', '-80', '-80', '-80', '-80', '-80', '-80', '-80', '-80', '-80', '-80', '-80', '-80', '-80', '-80', '-80', '-80', '-80', '-80', '-80', '-80', '-80', '-80', '-80', '-80', '-80', '-80', '-80', '-80', '-80', '-80', '-80', '-80', '-80', '-80', '-80', '-80', '-80', '-80', '-80', '-80', '-80', '-80', '-80', '-80', '-80', '-80', '-80', '-80', '-80', '-80', '-80', '-80', '-80', '-80', '-80', '-80', '-80', '-80', '-80', '-80', '-80', '-80', '-80', '-80', '-80', '-80', '-80', '-80', '-80', '-80', '-80', '-80', '-80', '-80', '-80', '-80', '-80', '-80', '-80', '-80', '-80', '-80', '-80', '-80', '-80', '-80', '-80', '-80', '-80', '-80', '-80', '-80', '-80', '-80', '-80', '-80', '-80', '-80', '-80', '-80', '-80', '-80', '-80', '-80', '-80', '-80', '-80', '-80', '-80', '-80', '-80', '-80', '-80', '-80', '-80', '-80', '-80', '-80', '-80', '-80', '-80', '-80', '-80', '-80', '-80', '-80', '-80', '-80', '-80', '-80', '-80', '-80', '-80', '-80', '-80', '-80', '-80', '-80', '-80', '-80', '-80', '-80', '-80', '-80', '-80', '-80', '-80', '-80', '-80', '-80', '-80', '-80', '-80', '-80', '-80', '-80', '-80', '-80', '-80', '-80', '-80', '-80', '-80', '-80', '-80', '-80', '-80', '-80', '-80', '-80', '-80', '-80', '-80', '-80', '-80', '-80', '-80', '-80', '-80', '-80', '-80', '-80', '-80', '-80', '-80', '-80', '-80', '-80', '-80', '-80', '-80', '-80', '-80', '-80', '-80', '-80', '-80', '-80', '-80', '-80', '-80', '-80', '-80', '-80', '-80', '-80', '-80', '-80', '-80', '-80', '-80', '-80', '-80', '-80', '-80', '-80', '-80', '-80', '-80', '-80', '-80', '-80', '-80', '-80', '-80', '-80', '-80', '-80', '-80', '-80', '-80', '-80', '-80', '-80', '-80', '-80', '-80', '-80', '-80', '-80', '-80', '-80', '-80', '-80', '-80', '-80', '-80', '-80', '-80', '-80', '-80', '-80', '-80', '-80', '-80', '-80', '-80', '-80', '-80', '-80', '-80', '-80', '-80', '-80', '-80', '-80', '-80', '-80', '-80', '-80', '-80', '-80', '-80', '-80', '-80', '-80', '-80', '-80', '-80', '-80', '-80', '-80', '-80', '-80', '-80', '-80', '-80', '-80', '-80', '-80', '-80', '-80', '-80', '-80', '-80', '-80', '-80', '-80', '-80', '-80', '-80', '-80', '-80', '-80', '-80', '-80', '-80', '-80', '-80', '-80', '-80', '-80', '-80', '-80', '-80', '-80', '-80', '-80', '-80', '-80', '-80', '-80', '-80', '-80', '-80', '-80', '-80', '-80', '-80', '-80', '-80', '-80', '-80', '-80', '-80', '-80', '-80', '-80', '-80', '-80', '-80', '-80', '-80', '-80', '-80', '-80', '-80', '-80', '-80', '-80', '-80', '-80', '-80', '-80', '-80', '-80', '-80', '-80', '-80', '-80', '-80', '-80', '-80', '-80', '-80', '-80', '-80', '-80', '-80', '-80', '-80', '-80', '-80', '-80', '-80', '-80', '-80', '-80', '-80', '-80', '-80', '-80', '-80', '-80', '-80', '-80', '-80', '-80', '-80', '-80', '-80', '-80', '-80', '-80', '-80', '-80', '-80', '-80', '-80', '-80', '-80', '-80', '-80', '-80', '-80', '-80', '-80', '-80', '-80', '-80', '-80', '-80', '-80', '-80', '-80', '-80', '-80', '-80', '-80', '-80', '-80', '-80', '-80', '-80', '-80', '-80', '-80', '-80', '-80', '-80', '-80', '-80', '-80', '-80', '-80', '-80', '-80', '-80', '-80', '-80', '-80', '-80', '-80', '-80', '-80', '-80', '-80', '-80', '-80', '-80', '-80', '-80', '-80', '-80', '-80', '-80', '-80', '-80', '-80', '-80', '-80', '-80', '-80', '-80', '-80', '-80', '-80', '-80', '-80', '-80', '-80', '-80', '-80', '-80', '-80', '-80', '-80', '-80', '-80', '-80', '-80', '-80', '-80', '-80', '-80', '-80', '-80', '-80', '-80', '-80', '-80', '-80', '-80', '-80', '-80', '-80', '-80', '-80', '-80', '-80', '-80', '-80', '-80', '-80', '-80', '-80', '-80', '-80', '-80', '-80', '-80', '-80', '-80', '-80', '-80', '-80', '-80', '-80', '-80', '-80', '-80', '-80', '-80', '-80', '-80', '-80', '-80', '-80', '-80', '-80', '-80', '-80', '-80', '-80', '-80', '-80', '-80', '-80', '-80', '-80', '-80', '-80', '-80', '-80', '-80', '-80', '-80', '-80', '-80', '-80', '-80', '-80', '-80', '-80', '-80', '-80', '-80', '-80', '-80', '-80', '-80', '-80', '-80', '-80', '-80', '-80', '-80', '-80', '-80', '-80', '-80', '-80', '-80', '-80', '-80', '-80', '-80', '-80', '-80', '-80', '-80', '-80', '-80', '-80', '-80', '-80', '-80', '-80', '-80', '-80', '-80', '-80', '-80', '-80', '-80', '-80', '-80', '-80', '-80', '-80', '-80', '-80', '-80', '-80', '-80', '-80', '-80', '-80', '-80', '-80', '-80', '-80', '-80', '-80', '-80', '-80', '-80', '-80', '-80', '-80', '-80', '-80', '-80', '-80', '-80', '-80', '-80', '-80', '-80', '-80', '-80', '-80', '-80', '-80', '-80', '-80', '-80', '-80', '-80', '-80', '-80', '-80', '-80', '-80', '-80', '-80', '-80', '-80', '-80', '-80', '-80', '-80', '-80', '-80', '-80', '-80', '-80', '-80', '-80', '-80', '-80', '-80', '-80', '-80', '-80', '-80', '-80', '-80', '-80', '-80', '-80', '-80', '-80', '-80', '-80', '-80', '-80', '-80', '-80', '-80', '-80', '-80', '-80', '-80', '-80', '-80', '-80', '-80', '-80', '-80', '-80', '-80', '-80', '-80', '-80', '-80', '-80', '-80', '-80', '-80', '-80', '-80', '-80', '-80', '-80', '-80', '-80', '-80', '-80', '-80', '-80', '-80', '-80', '-80', '-80', '-80', '-80', '-80', '-80', '-80', '-80', '-80', '-80', '-80', '-80', '-80', '-80', '-80', '-80', '-80', '-80', '-80', '-80', '-80', '-80', '-80', '-80', '-80', '-80', '-80', '-80', '-80', '-80', '-80', '-80', '-80', '-80', '-80', '-80', '-80', '-80', '-80', '-80', '-80', '-80', '-80', '-80', '-80', '-80', '-80', '-80', '-80', '-80', '-80', '-80', '-80', '-80', '-80', '-80', '-80', '-80', '-80', '-80', '-80', '-80', '-80', '-80', '-80', '-80', '-80', '-80', '-80', '-80', '-80', '-80', '-80', '-80', '-80', '-80', '-80', '-80', '-80', '-80', '-80', '-80', '-80', '-80', '-80', '-80', '-80', '-80', '-80', '-80', '-80', '-80', '-80', '-80', '-80', '-80', '-80', '-80', '-80', '-80', '-80', '-80', '-80', '-80', '-80', '-80', '-80', '-80', '-80', '-80', '-80', '-80', '-80', '-80', '-80', '-80', '-80', '-80', '-80', '-80', '-80', '-80', '-80', '-80', '-80', '-80', '-80', '-80', '-80', '-80', '-80', '-80', '-80', '-80', '-80', '-80', '-80', '-80', '-80', '-80', '-80', '-80', '-80', '-80', '-80', '-80', '-80', '-80', '-80', '-80', '-80', '-80', '-80', '-80', '-80', '-80', '-80', '-80', '-80', '-80', '-80', '-80', '-80', '-80', '-80', '-80', '-80', '-80', '-80', '-80', '-80', '-80', '-80', '-80', '-80', '-80', '-80', '-80', '-80', '-80', '-80', '-80', '-80', '-80', '-80', '-80', '-80', '-80', '-80', '-80', '-80', '-80', '-80', '-80', '-80', '-80', '-80', '-80', '-80', '-80', '-80', '-80', '-80', '-80', '-80', '-80', '-80', '-80', '-80', '-80', '-80', '-80', '-80', '-80', '-80', '-80', '-80', '-80', '-80', '-80', '-80', '-80', '-80', '-80', '-80', '-80', '-80', '-80', '-80', '-80', '-80', '-80', '-80', '-80', '-80', '-80', '-80', '-80', '-80', '-80', '-80', '-80', '-80', '-80', '-80', '-80', '-80', '-80', '-80', '-80', '-80', '-80', '-80', '-80', '-80', '-80', '-80', '-80', '-80', '-80', '-80', '-80', '-80', '-80', '-80', '-80', '-80', '-80', '-80', '-80', '-80', '-80', '-80', '-80', '-80', '-80', '-80', '-80', '-80', '-80', '-80', '-80', '-80', '-80', '-80', '-80', '-80', '-80', '-80', '-80', '-80', '-80', '-80', '-80', '-80', '-80', '-80', '-80', '-80', '-80', '-80', '-80', '-80', '-80', '-80', '-80', '-80', '-80', '-80', '-80', '-80', '-80', '-80', '-80', '-80', '-80', '-80', '-80', '-80', '-80', '-80', '-80', '-80', '-80', '-80', '-80', '-80', '-80', '-80', '-80', '-80', '-80', '-80', '-80', '-80', '-80', '-80', '-80', '-80', '-80', '-80', '-80', '-80', '-80', '-80', '-80', '-80', '-80', '-80', '-80', '-80', '-80', '-80', '-80', '-80', '-80', '-80', '-80', '-80', '-80', '-80', '-80', '-80', '-80', '-80', '-80', '-80', '-80', '-80', '-80', '-80', '-80', '-80', '-80', '-80', '-80', '-80', '-80', '-80', '-80', '-80', '-80', '-80', '-80', '-80', '-80', '-80', '-80', '-80', '-80', '-80', '-80', '-80', '-80', '-80', '-80', '-80', '-80', '-80', '-80', '-80', '-80', '-80', '-80', '-80', '-80', '-80', '-80', '-80', '-80', '-80', '-80', '-80', '-80', '-80', '-80', '-80', '-80', '-80', '-80', '-80', '-80', '-80', '-80', '-80', '-80', '-80', '-80', '-80', '-80', '-80', '-80', '-80', '-80', '-80', '-80', '-80', '-80', '-80', '-80', '-80', '-80', '-80', '-80', '-80', '-80', '-80', '-80', '-80', '-80', '-80', '-80', '-80', '-80', '-80', '-80', '-80', '-80', '-80', '-80', '-80', '-80', '-80', '-80', '-80', '-80', '-80', '-80', '-80', '-80', '-80', '-80', '-80', '-80', '-80', '-80', '-80', '-80', '-80', '-80', '-80', '-80', '-80', '-80', '-80', '-80', '-80', '-80', '-80', '-80', '-80', '-80', '-80', '-80', '-80', '-80', '-80', '-80', '-80', '-80', '-80', '-80', '-80', '-80', '-80', '-80', '-80', '-80', '-80', '-80', '-80', '-80', '-80', '-80', '-80', '-80', '-80', '-80', '-80', '-80', '-80', '-80', '-80', '-80', '-80', '-80', '-80', '-80', '-80', '-80', '-80', '-80', '-80', '-80', '-80', '-80', '-80', '-80', '-80', '-80', '-80', '-80', '-80', '-80', '-80', '-80', '-80', '-80', '-80', '-80', '-80', '-80', '-80', '-80', '-80', '-80', '-80', '-80', '-80', '-80', '-80', '-80', '-80', '-80', '-80', '-80', '-80', '-80', '-80', '-80', '-80', '-80', '-80', '-80', '-80', '-80', '-80', '-80', '-80', '-80', '-80', '-80', '-80', '-80', '-80', '-80', '-80', '-80', '-80', '-80', '-80', '-80', '-80', '-80', '-80', '-80', '-80', '-80', '-80', '-80', '-80', '-80', '-80', '-80', '-80', '-80', '-80', '-80', '-80', '-80', '-80', '-80', '-80', '-80', '-80', '-80', '-80', '-80', '-80', '-80', '-80', '-80', '-80', '-80', '-80', '-80', '-80', '-80', '-80', '-80', '-80', '-80', '-80', '-80', '-80', '-80', '-80', '-80', '-80', '-80', '-80', '-80', '-80', '-80', '-80', '-80', '-80', '-80', '-80', '-80', '-80', '-80', '-80', '-80', '-80', '-80', '-80', '-80', '-80', '-80', '-80', '-80', '-80', '-80', '-80', '-80', '-80', '-80', '-80', '-80', '-80', '-80', '-80', '-80', '-80', '-80', '-80', '-80', '-80', '-80', '-80', '-80', '-80', '-80', '-80', '-80', '-80', '-80', '-80', '-80', '-80', '-80', '-80', '-80', '-80', '-80', '-80', '-80', '-80', '-80', '-80', '-80', '-80', '-80', '-80', '-80', '-80', '-80', '-80', '-80', '-80', '-80', '-80', '-80', '-80', '-80', '-80', '-80', '-80', '-80', '-80', '-80', '-80', '-80', '-80', '-80', '-80', '-80', '-80', '-80', '-80', '-80', '-80', '-80', '-80', '-80', '-80', '-80', '-80', '-80', '-80', '-80', '-80', '-80', '-80', '-80', '-80', '-80', '-80', '-80', '-80', '-80', '-80', '-80', '-80', '-80', '-80', '-80', '-80', '-80', '-80', '-80', '-80', '-80', '-80', '-80', '-80', '-80', '-80', '-80', '-80', '-80', '-80', '-80', '-80', '-80', '-80', '-80', '-80', '-80', '-80', '-80', '-80', '-80', '-80', '-80', '-80', '-80', '-80', '-80', '-80', '-80', '-80', '-80', '-80', '-80', '-80', '-80', '-80', '-80', '-80', '-80', '-80', '-80', '-80', '-80', '-80', '-80', '-80', '-80', '-80', '-80', '-80', '-80', '-80', '-80', '-80', '-80', '-80', '-80', '-80', '-80', '-80', '-80', '-80', '-80', '-80', '-80', '-80', '-80', '-80', '-80', '-80', '-80', '-80', '-80', '-80', '-80', '-80', '-80', '-80', '-80', '-80', '-80', '-80', '-80', '-80', '-80', '-80', '-80', '-80', '-80', '-80', '-80', '-80', '-80', '-80', '-80', '-80', '-80', '-80', '-80', '-80', '-80', '-80', '-80', '-80', '-80', '-80', '-80', '-80', '-80', '-80', '-80', '-80', '-80', '-80', '-80', '-80', '-80', '-80', '-80', '-80', '-80', '-80', '-80', '-80', '-80', '-80', '-80', '-80', '-80', '-80', '-80', '-80', '-80', '-80', '-80', '-80', '-80', '-80', '-80', '-80', '-80', '-80', '-80', '-80', '-80', '-80', '-80', '-80', '-80', '-80', '-80', '-80', '-80', '-80', '-80', '-80', '-80', '-80', '-80', '-80', '-80', '-80', '-80', '-80', '-80', '-80', '-80', '-80', '-80', '-80', '-80', '-80', '-80', '-80', '-80', '-80', '-80', '-80', '-80', '-80', '-80', '-80', '-80', '-80', '-80', '-80', '-80', '-80', '-85', '-85', '-85', '-85', '-85', '-85', '-85', '-85', '-85', '-85', '-85', '-85', '-85', '-85', '-85', '-85', '-85', '-85', '-85', '-85', '-85', '-85', '-90', '-90', '-90', '-90', '-90', '-90', '-90', '-90', '-90', '-90', '-90', '-90', '-90', '-90', '-90', '-90', '-90', '-90', '-90', '-90', '-90', '-90', '-90', '-90', '-90', '-95', '-95', '-95', '-95', '-95', '-95', '-95', '-95', '-95', '-95', '-95', '-95', '-95', '-95', '-95', '-95', '-95', '-95', '-95', '-95', '-95', '-95', '-95', '-95', '-95', '-95', '-95', '-95', '-95', '-95', '-95', '-95', '-95', '-95', '-95', '-95', '-95', '-95', '-95', '-95', '-95', '-95', '-95', '-95', '-100', '-100', '-100', '-100', '-100', '-100', '-100', '-100', '-100', '-100', '-100', '-100', '-100', '-100', '-100', '-100', '-100', '-100', '-100', '-100', '-100', '-100', '-100', '-100', '-100', '-100', '-100', '-100', '-100', '-100', '-100', '-100', '-100', '-100', '-100', '-100', '-100', '-100', '-100', '-100', '-100', '-100', '-100', '-100', '-100', '-100', '-100', '-100', '-100', '-100', '-100', '-100', '-100', '-100', '-100', '-100', '-100', '-100', '-100', '-100', '-100', '-100', '-100', '-100', '-100', '-100', '-100', '-100', '-100', '-100', '-100', '-100', '-100', '-100', '-100', '-100', '-100', '-100', '-100', '-100', '-100', '-100', '-100', '-100', '-100', '-100', '-100', '-100', '-100', '-100', '-100', '-100', '-100', '-100', '-100', '-100', '-100', '-100', '-100', '-100', '-100', '-100', '-100', '-100', '-100', '-100', '-100', '-100', '-100', '-100', '-100', '-100', '-100', '-100', '-100', '-100', '-100', '-100', '-100', '-100', '-100', '-100', '-100', '-100', '-100', '-100', '-100', '-100', '-100', '-100', '-100', '-100', '-100', '-100', '-100', '-100', '-100', '-100', '-100', '-100', '-100', '-100', '-100', '-100', '-100', '-100', '-100', '-100', '-100', '-100', '-100', '-100', '-100', '-100', '-100', '-100', '-100', '-100', '-100', '-100', '-100', '-100', '-100', '-100', '-100', '-100', '-100', '-100', '-100', '-100', '-100', '-100', '-100', '-100', '-100', '-100', '-100', '-100', '-100', '-100', '-100', '-100', '-100', '-100', '-100', '-100', '-100', '-100', '-100', '-100', '-100', '-100', '-100', '-100', '-100', '-100', '-100', '-100', '-100', '-100', '-100', '-100', '-100', '-100', '-100', '-100', '-100', '-100', '-100', '-100', '-100', '-100', '-100', '-100', '-100', '-100', '-100', '-100', '-100', '-100', '-100', '-100', '-100', '-100', '-100', '-100', '-100', '-100', '-100', '-100', '-100', '-100', '-100', '-100', '-100', '-100', '-100', '-100', '-100', '-100', '-100', '-100', '-100', '-100', '-100', '-100', '-100', '-100', '-100', '-100', '-100', '-100', '-100', '-100', '-100', '-100', '-100', '-100', '-100', '-100', '-100', '-100', '-100', '-100', '-100', '-100', '-100', '-100', '-100', '-100', '-100', '-100', '-100', '-100', '-100', '-100', '-100', '-100', '-100', '-100', '-100', '-100', '-100', '-100', '-100', '-100', '-100', '-100', '-100', '-100', '-100', '-100', '-100', '-100', '-100', '-100', '-100', '-100', '-100', '-100', '-100', '-100', '-100', '-100', '-100', '-100', '-100', '-100', '-100', '-100', '-100', '-100', '-100', '-100', '-100', '-100', '-100', '-100', '-100', '-100', '-100', '-100', '-100', '-100', '-100', '-100', '-100', '-100', '-100', '-100', '-100', '-100', '-100', '-100', '-100', '-100', '-100', '-100', '-100', '-100', '-100', '-100', '-100', '-100', '-100', '-100', '-100', '-100', '-100', '-100', '-100', '-100', '-100', '-100', '-100', '-100', '-100', '-100', '-100', '-100', '-100', '-100', '-100', '-100', '-100', '-100', '-100', '-100', '-100', '-100', '-100', '-100', '-100', '-100', '-100', '-100', '-100', '-100', '-100', '-100', '-100', '-100', '-100', '-100', '-100', '-100', '-100', '-100', '-100', '-100', '-100', '-100', '-100', '-100', '-100', '-100', '-100', '-100', '-100', '-100', '-100', '-100', '-100', '-100', '-100', '-100', '-100', '-100', '-100', '-100', '-100', '-100', '-100', '-100', '-100', '-100', '-100', '-100', '-100', '-100', '-100', '-100', '-100', '-100', '-100', '-100', '-100', '-100', '-100', '-100', '-100', '-100', '-100', '-100', '-100', '-100', '-100', '-100', '-100', '-100', '-100', '-100', '-100', '-100', '-100', '-100', '-100', '-100', '-100', '-100', '-100', '-100', '-100', '-100', '-100', '-100', '-100', '-100', '-100', '-100', '-100', '-100', '-100', '-100', '-100', '-100', '-100', '-100', '-100', '-100', '-100', '-100', '-100', '-100', '-100', '-100', '-100', '-100', '-100', '-100', '-100', '-100', '-100', '-100', '-100', '-100', '-100', '-100', '-100', '-100', '-100', '-100', '-100', '-100', '-100', '-100', '-100', '-100', '-100', '-100', '-100', '-100', '-100', '-100', '-100', '-100', '-100', '-100', '-100', '-100', '-100', '-100', '-100', '-100', '-100', '-100', '-100', '-100', '-100', '-100', '-100', '-100', '-100', '-100', '-100', '-100', '-100', '-100', '-100', '-100', '-100', '-100', '-100', '-100', '-100', '-100', '-100', '-100', '-100', '-100', '-100', '-100', '-100', '-100', '-100', '-100', '-100', '-100', '-100', '-100', '-100', '-100', '-100', '-100', '-100', '-100', '-100', '-100', '-100', '-100', '-100', '-100', '-100', '-100', '-100', '-100', '-100', '-100', '-100', '-100', '-100', '-100', '-100', '-100', '-100', '-100', '-100', '-100', '-100', '-100', '-100', '-100', '-100', '-100', '-100', '-100', '-100', '-100', '-100', '-100', '-100', '-100', '-100', '-100', '-100', '-100', '-100', '-100', '-100', '-100', '-100', '-100', '-100', '-100', '-100', '-100', '-100', '-100', '-100', '-100', '-100', '-100', '-100', '-100', '-100', '-100', '-100', '-100', '-100', '-100', '-100', '-100', '-100', '-100', '-100', '-100', '-100', '-100', '-100', '-100', '-100', '-100', '-100', '-100', '-100', '-100', '-100', '-100', '-100', '-100', '-100', '-100', '-100', '-100', '-100', '-100', '-100', '-100', '-100', '-100', '-100', '-100', '-100', '-100', '-100', '-100', '-100', '-100', '-100', '-100', '-100', '-100', '-100', '-100', '-100', '-100', '-100', '-100', '-100', '-100', '-100', '-100', '-100', '-100', '-100', '-100', '-100', '-100', '-100', '-100', '-100', '-100', '-100', '-100', '-100', '-100', '-100', '-100', '-100', '-100', '-100', '-100', '-100', '-100', '-100', '-100', '-100', '-100', '-100', '-100', '-100', '-100', '-100', '-100', '-100', '-100', '-100', '-100', '-100', '-100', '-100', '-100', '-100', '-100', '-100', '-100', '-100', '-100', '-100', '-100', '-100', '-100', '-100', '-100', '-100', '-100', '-100', '-100', '-100', '-100', '-100', '-100', '-100', '-100', '-100', '-100', '-100', '-100', '-100', '-100', '-100', '-100', '-100', '-100', '-100', '-100', '-100', '-100', '-100', '-100', '-100', '-100', '-100', '-100', '-100', '-100', '-100', '-100', '-100', '-100', '-100', '-100', '-100', '-100', '-100', '-100', '-100', '-100', '-100', '-100', '-100', '-100', '-100', '-100', '-100', '-100', '-100', '-100', '-100', '-100', '-100', '-100', '-100', '-100', '-100', '-100', '-100', '-100', '-100', '-100', '-100', '-100', '-100', '-100', '-100', '-100', '-100', '-100', '-100', '-100', '-100', '-100', '-100', '-100', '-100', '-100', '-100', '-100', '-100', '-100', '-100', '-100', '-100', '-100', '-100', '-100', '-100', '-100', '-100', '-100', '-100', '-100', '-100', '-100', '-100', '-100', '-100', '-100', '-100', '-100', '-100', '-100', '-100', '-100', '-100', '-100', '-100', '-100', '-100', '-100', '-100', '-100', '-100', '-100', '-100', '-100', '-100', '-100', '-100', '-100', '-100', '-100', '-100', '-100', '-100', '-100', '-100', '-100', '-100', '-100', '-100', '-100', '-100', '-100', '-100', '-100', '-100', '-100', '-100', '-100', '-100', '-100', '-100', '-100', '-100', '-100', '-100', '-100', '-100', '-100', '-100', '-100', '-100', '-100', '-100', '-100', '-100', '-100', '-100', '-100', '-100', '-100', '-100', '-100', '-100', '-100', '-100', '-100', '-100', '-100', '-100', '-100', '-100', '-100', '-100', '-100', '-100', '-100', '-100', '-100', '-100', '-100', '-100', '-100', '-100', '-100', '-100', '-100', '-100', '-100', '-100', '-100', '-100', '-100', '-100', '-100', '-100', '-100', '-100', '-100', '-100', '-100', '-100', '-100', '-100', '-100', '-100', '-100', '-100', '-100', '-100', '-100', '-100', '-100', '-100', '-100', '-100', '-100', '-100', '-100', '-100', '-100', '-100', '-100', '-100', '-100', '-100', '-100', '-100', '-100', '-100', '-100', '-100', '-100', '-100', '-100', '-100', '-100', '-100', '-100', '-100', '-100', '-100', '-100', '-100', '-100', '-100', '-100', '-100', '-100', '-100', '-100', '-100', '-100', '-100', '-100', '-100', '-100', '-100', '-100', '-100', '-100', '-100', '-100', '-100', '-100', '-100', '-100', '-100', '-100', '-100', '-100', '-100', '-100', '-100', '-100', '-100', '-100', '-100', '-100', '-100', '-100', '-100', '-100', '-100', '-100', '-100', '-100', '-100', '-100', '-100', '-100', '-100', '-100', '-100', '-100', '-100', '-100', '-100', '-100', '-100', '-100', '-100', '-100', '-100', '-100', '-100', '-100', '-100', '-100', '-100', '-100', '-100', '-100', '-100', '-100', '-100', '-100', '-100', '-100', '-100', '-100', '-100', '-100', '-100', '-100', '-100', '-100', '-100', '-100', '-100', '-100', '-100', '-100', '-100', '-100', '-100', '-100', '-100', '-100', '-100', '-100', '-100', '-100', '-100', '-100', '-100', '-100', '-100', '-100', '-100', '-100', '-100', '-100', '-100', '-100', '-100', '-100', '-100', '-100', '-100', '-100', '-100', '-100', '-100', '-100', '-100', '-100', '-100', '-100', '-100', '-100', '-100', '-100', '-100', '-100', '-100', '-100', '-100', '-100', '-100', '-100', '-100', '-100', '-100', '-100', '-100', '-100', '-100', '-100', '-100', '-100', '-100', '-100', '-100', '-100', '-100', '-100', '-100', '-100', '-100', '-100', '-100', '-100', '-100', '-100', '-100', '-100', '-100', '-100', '-100', '-100', '-100', '-100', '-100', '-100', '-100', '-100', '-100', '-100', '-100', '-100', '-100', '-100', '-100', '-100', '-100', '-100', '-100', '-100', '-100', '-100', '-100', '-100', '-100', '-100', '-100', '-100', '-100', '-100', '-100', '-100', '-100', '-100', '-100', '-100', '-100', '-100', '-100', '-100', '-100', '-100', '-100', '-100', '-100', '-100', '-100', '-100', '-100', '-100', '-100', '-100', '-100', '-100', '-100', '-100', '-100', '-100', '-100', '-100', '-100', '-100', '-100', '-100', '-100', '-100', '-100', '-100', '-100', '-100', '-100', '-100', '-100', '-100', '-100', '-100', '-100', '-100', '-100', '-100', '-100', '-100', '-100', '-100', '-100', '-100', '-100', '-100', '-100', '-100', '-100', '-100', '-100', '-100', '-100', '-100', '-100', '-100', '-100', '-100', '-100', '-100', '-100', '-100', '-100', '-100', '-100', '-100', '-100', '-100', '-100', '-100', '-100', '-100', '-100', '-100', '-100', '-100', '-100', '-100', '-100', '-100', '-100', '-100', '-100', '-100', '-100', '-100', '-100', '-100', '-100', '-100', '-100', '-100', '-100', '-100', '-100', '-100', '-100', '-100', '-100', '-100', '-100', '-100', '-100', '-100', '-100', '-100', '-100', '-100', '-100', '-100', '-100', '-100', '-100', '-100', '-100', '-100', '-100', '-100', '-100', '-100', '-100', '-100', '-100', '-100', '-100', '-100', '-100', '-100', '-100', '-100', '-100', '-100', '-100', '-100', '-100', '-100', '-100', '-100', '-100', '-100', '-100', '-100', '-100', '-100', '-100', '-100', '-100', '-100', '-100', '-100', '-100', '-100', '-100', '-100', '-100', '-100', '-100', '-100', '-100', '-100', '-100', '-100', '-100', '-100', '-100', '-100', '-100', '-100', '-100', '-100', '-100', '-100', '-100', '-100', '-100', '-100', '-100', '-100', '-100', '-100', '-100', '-100', '-100', '-100', '-100', '-100', '-100', '-100', '-100', '-100', '-100', '-100', '-100', '-100', '-100', '-100', '-100', '-100', '-100', '-100', '-100', '-100', '-100', '-100', '-100', '-100', '-100', '-100', '-100', '-100', '-100', '-100', '-100', '-100', '-100', '-100', '-100', '-100', '-100', '-100', '-100', '-100', '-100', '-100', '-100', '-100', '-100', '-100', '-100', '-100', '-100', '-100', '-100', '-100', '-100', '-100', '-100', '-100', '-100', '-100', '-100', '-100', '-100', '-100', '-100', '-100', '-100', '-100', '-100', '-100', '-100', '-100', '-100', '-100', '-100', '-100', '-100', '-100', '-100', '-100', '-100', '-100', '-100', '-100', '-100', '-100', '-100', '-100', '-100', '-100', '-100', '-100', '-100', '-100', '-100', '-100', '-100', '-100', '-100', '-100', '-100', '-100', '-100', '-100', '-100', '-100', '-100', '-100', '-100', '-100', '-100', '-100', '-100', '-100', '-100', '-100', '-100', '-100', '-100', '-100', '-100', '-100', '-100', '-100', '-100', '-100', '-100', '-100', '-100', '-100', '-100', '-100', '-100', '-100', '-100', '-100', '-100', '-100', '-100', '-100', '-100', '-100', '-100', '-100', '-100', '-100', '-100', '-100', '-100', '-100', '-100', '-100', '-100', '-100', '-100', '-100', '-100', '-100', '-100', '-100', '-100', '-100', '-100', '-100', '-100', '-100', '-100', '-100', '-100', '-100', '-100', '-100', '-100', '-100', '-100', '-100', '-100', '-100', '-100', '-100', '-100', '-100', '-100', '-100', '-100', '-100', '-100', '-100', '-100', '-100', '-100', '-100', '-100', '-100', '-100', '-100', '-100', '-100', '-100', '-100', '-100', '-100', '-100', '-100', '-100', '-100', '-100', '-100', '-100', '-100', '-100', '-100', '-100', '-100', '-100', '-100', '-100', '-100', '-100', '-100', '-100', '-100', '-100', '-100', '-100', '-100', '-100', '-100', '-100', '-100', '-100', '-100', '-100', '-100', '-100', '-100', '-100', '-100', '-100', '-100', '-100', '-100', '-100', '-100', '-100', '-100', '-100', '-100', '-100', '-100', '-100', '-100', '-100', '-100', '-100', '-100', '-100', '-100', '-100', '-100', '-100', '-100', '-100', '-100', '-100', '-100', '-100', '-100', '-100', '-100', '-100', '-100', '-100', '-100', '-100', '-100', '-100', '-100', '-100', '-100', '-100', '-100', '-100', '-100', '-100', '-100', '-100', '-100', '-100', '-100', '-100', '-100', '-100', '-100', '-100', '-100', '-100', '-100', '-100', '-100', '-100', '-100', '-100', '-100', '-100', '-100', '-100', '-100', '-100', '-100', '-100', '-100', '-100', '-100', '-100', '-100', '-100', '-100', '-100', '-100', '-100', '-100', '-100', '-100', '-100', '-100', '-100', '-100', '-100', '-100', '-100', '-100', '-100', '-100', '-100', '-100', '-100', '-100', '-100', '-100', '-100', '-100', '-100', '-100', '-100', '-100', '-100', '-100', '-100', '-100', '-100', '-100', '-100', '-100', '-100', '-100', '-100', '-100', '-100', '-100', '-100', '-100', '-100', '-100', '-100', '-100', '-100', '-100', '-100', '-100', '-100', '-100', '-100', '-100', '-100', '-100', '-100', '-100', '-100', '-100', '-100', '-100', '-100', '-100', '-100', '-100', '-100', '-100', '-100', '-100', '-100', '-100', '-100', '-100', '-100', '-100', '-100', '-100', '-100', '-100', '-100', '-100', '-100', '-100', '-100', '-100', '-100', '-100', '-100', '-100', '-100', '-100', '-100', '-100', '-100', '-100', '-100', '-100', '-100', '-100', '-100', '-100', '-100', '-100', '-100', '-100', '-100', '-100', '-100', '-100', '-100', '-100', '-100', '-100', '-100', '-100', '-100', '-100', '-100', '-100', '-100', '-100', '-100', '-100', '-100', '-100', '-100', '-100', '-100', '-100', '-100', '-100', '-100', '-100', '-100', '-100', '-100', '-100', '-100', '-100', '-100', '-100', '-100', '-100', '-100', '-100', '-100', '-100', '-100', '-100', '-100', '-100', '-100', '-100', '-100', '-100', '-100', '-100', '-100', '-100', '-100', '-100', '-100', '-100', '-100', '-100', '-100', '-100', '-100', '-100', '-100', '-100', '-100', '-100', '-100', '-100', '-100', '-100', '-100', '-100', '-100', '-100', '-100', '-100', '-100', '-100', '-100', '-100', '-100', '-100', '-100', '-100', '-100', '-100', '-100', '-100', '-100', '-100', '-100', '-100', '-100', '-100', '-100', '-100', '-100', '-100', '-100', '-100', '-100', '-100', '-100', '-100', '-100', '-100', '-100', '-100', '-100', '-100', '-100', '-100', '-100', '-100', '-100', '-100', '-100', '-100', '-100', '-100', '-100', '-100', '-100', '-100', '-100', '-100', '-100', '-100', '-100', '-100', '-100', '-100', '-100', '-100', '-100', '-100', '-100', '-100', '-100', '-100', '-100', '-100', '-100', '-100', '-100', '-100', '-100', '-100', '-100', '-100', '-100', '-100', '-100', '-100', '-100', '-100', '-100', '-100', '-100', '-100', '-100', '-100', '-100', '-100', '-100', '-100', '-100', '-100', '-100', '-100', '-100', '-100', '-100', '-100', '-100', '-100', '-100', '-100', '-100', '-100', '-100', '-100', '-100', '-100', '-100', '-100', '-100', '-100', '-100', '-100', '-100', '-100', '-100', '-100', '-100', '-100', '-100', '-100', '-100', '-100', '-100', '-100', '-100', '-100', '-100', '-100', '-100', '-100', '-100', '-100', '-100', '-100', '-100', '-100', '-100', '-100', '-100', '-100', '-100', '-100', '-100', '-100', '-100', '-100', '-100', '-100', '-100', '-100', '-100', '-100', '-100', '-100', '-100', '-100', '-100', '-100', '-100', '-100', '-100', '-100', '-100', '-100', '-100', '-100', '-100', '-100', '-100', '-100', '-100', '-100', '-100', '-100', '-100', '-100', '-100', '-100', '-100', '-100', '-100', '-100', '-100', '-100', '-100', '-100', '-100', '-100', '-100', '-100', '-100', '-100', '-100', '-100', '-100', '-100', '-100', '-100', '-100', '-100', '-100', '-100', '-100', '-100', '-100', '-100', '-100', '-100', '-100', '-100', '-100', '-100', '-100', '-100', '-100', '-100', '-100', '-100', '-100', '-100', '-100', '-100', '-100', '-100', '-100', '-100', '-100', '-100', '-100', '-100', '-100', '-100', '-100', '-100', '-100', '-100', '-100', '-100', '-100', '-100', '-100', '-100', '-100', '-100', '-100', '-100', '-100', '-100', '-100', '-100', '-100', '-100', '-100', '-100', '-100', '-100', '-100', '-100', '-100', '-100', '-100', '-100', '-100', '-100', '-100', '-100', '-100', '-100', '-100', '-100', '-100', '-100', '-100', '-100', '-100', '-100', '-100', '-100', '-100', '-100', '-100', '-100', '-100', '-100', '-100', '-100', '-100', '-100', '-100', '-100', '-100', '-100', '-100', '-100', '-100', '-100', '-100', '-100', '-100', '-100', '-100', '-100', '-100', '-100', '-100', '-100', '-100', '-100', '-100', '-100', '-100', '-100', '-100', '-100', '-100', '-100', '-100', '-100', '-100', '-100', '-100', '-100', '-100', '-100', '-100', '-100', '-100', '-100', '-100', '-100', '-100', '-100', '-100', '-100', '-100', '-100', '-100', '-100', '-100', '-100', '-100', '-100', '-100', '-100', '-100', '-100', '-100', '-100', '-100', '-100', '-100', '-100', '-100', '-100', '-100', '-100', '-100', '-100', '-100', '-100', '-100', '-100', '-100', '-100', '-100', '-100', '-100', '-100', '-100', '-100', '-100', '-100', '-100', '-100', '-100', '-100', '-100', '-100', '-100', '-100', '-100', '-100', '-100', '-100', '-100', '-100', '-100', '-100', '-100', '-100', '-100', '-100', '-100', '-100', '-100', '-100', '-100', '-100', '-100', '-100', '-100', '-100', '-100', '-100', '-100', '-100', '-100', '-100', '-100', '-100', '-100', '-100', '-100', '-100', '-100', '-100', '-100', '-100', '-100', '-100', '-100', '-100', '-100', '-100', '-100', '-100', '-100', '-100', '-100', '-100', '-100', '-100', '-100', '-100', '-100', '-100', '-100', '-100', '-100', '-100', '-100', '-100', '-100', '-100', '-100', '-100', '-100', '-100', '-100', '-100', '-100', '-100', '-100', '-100', '-100', '-100', '-100', '-100', '-100', '-100', '-100', '-100', '-100', '-100', '-100', '-100', '-100', '-100', '-100', '-100', '-100', '-100', '-100', '-100', '-100', '-100', '-100', '-100', '-100', '-100', '-100', '-100', '-100', '-100', '-100', '-100', '-100', '-100', '-100', '-100', '-100', '-100', '-100', '-100', '-100', '-100', '-100', '-100', '-100', '-100', '-100', '-100', '-100', '-100', '-100', '-100', '-100', '-100', '-100', '-100', '-100', '-100', '-100', '-100', '-100', '-100', '-100', '-100', '-100', '-100', '-100', '-100', '-100', '-100', '-100', '-100', '-100', '-100', '-100', '-100', '-100', '-100', '-100', '-100', '-100', '-100', '-100', '-100', '-100', '-100', '-100', '-100', '-100', '-100', '-100', '-100', '-100', '-100', '-100', '-100', '-100', '-100', '-100', '-100', '-100', '-100', '-100', '-100', '-100', '-100', '-100', '-100', '-100', '-100', '-100', '-100', '-100', '-100', '-100', '-100', '-100', '-100', '-100', '-100', '-100', '-100', '-100', '-100', '-100', '-100', '-100', '-100', '-100', '-100', '-100', '-100', '-100', '-100', '-100', '-100', '-100', '-100', '-100', '-100', '-100', '-100', '-100', '-100', '-100', '-100', '-100', '-100', '-100', '-100', '-100', '-100', '-100', '-100', '-100', '-100', '-100', '-100', '-100', '-100', '-100', '-100', '-100', '-100', '-100', '-100', '-100', '-100', '-100', '-100', '-100', '-100', '-100', '-100', '-100', '-100', '-100', '-100', '-100', '-100', '-100', '-100', '-100', '-100', '-100', '-100', '-100', '-100', '-100', '-100', '-100', '-100', '-100', '-100', '-100', '-100', '-100', '-100', '-100', '-100', '-100', '-100', '-100', '-100', '-100', '-100', '-100', '-100', '-100', '-100', '-100', '-100', '-100', '-100', '-100', '-100', '-100', '-100', '-100', '-100', '-100', '-100', '-100', '-100', '-100', '-100', '-100', '-100', '-100', '-100', '-100', '-100', '-100', '-100', '-100', '-100', '-100', '-100', '-100', '-100', '-100', '-100', '-100', '-100', '-100', '-100', '-100', '-100', '-100', '-100', '-100', '-100', '-100', '-100', '-100', '-100', '-100', '-100', '-100', '-100', '-100', '-100', '-100', '-100', '-100', '-100', '-100', '-100', '-100', '-100', '-100', '-100', '-100', '-100', '-100', '-100', '-100', '-100', '-100', '-100', '-100', '-100', '-100', '-100', '-100', '-100', '-100', '-100', '-100', '-100', '-100', '-100', '-100', '-100', '-100', '-100', '-100', '-100', '-100', '-100', '-100', '-100', '-100', '-100', '-100', '-100', '-100', '-100', '-100', '-100', '-100', '-100', '-100', '-100', '-100', '-100', '-100', '-100', '-100', '-100', '-100', '-100', '-100', '-100', '-100', '-100', '-100', '-100', '-100', '-100', '-100', '-100', '-100', '-100', '-100', '-100', '-100', '-100', '-100', '-100', '-100', '-100', '-100', '-100', '-100', '-100', '-100', '-100', '-100', '-100', '-100', '-100', '-100', '-100', '-100', '-100', '-100', '-100', '-100', '-100', '-100', '-100', '-100', '-100', '-100', '-100', '-100', '-100', '-100', '-100', '-100', '-100', '-100', '-100', '-100', '-100', '-100', '-100', '-100', '-100', '-100', '-100', '-100', '-100', '-100', '-100', '-100', '-100', '-100', '-100', '-100', '-100', '-100', '-100', '-100', '-100', '-100', '-100', '-100', '-100', '-100', '-100', '-100', '-100', '-100', '-100', '-100', '-100', '-100', '-100', '-100', '-100', '-100', '-100', '-100', '-100', '-100', '-100', '-100', '-100', '-100', '-100', '-100', '-100', '-100', '-100', '-100', '-100', '-100', '-100', '-100', '-100', '-100', '-100', '-100', '-100', '-100', '-100', '-100', '-100', '-100', '-100', '-100', '-100', '-100', '-100', '-100', '-100', '-100', '-100', '-100', '-100', '-100', '-100', '-100', '-100', '-100', '-100', '-100', '-100', '-100', '-100', '-100', '-100', '-100', '-100', '-100', '-100', '-100', '-100', '-100', '-100', '-100', '-100', '-100', '-100', '-100', '-100', '-100', '-100', '-100', '-100', '-100', '-100', '-100', '-100', '-100', '-100', '-100', '-100', '-100', '-100', '-100', '-100', '-100', '-100', '-100', '-100', '-100', '-100', '-100', '-100', '-100', '-100', '-100', '-100', '-100', '-100', '-100', '-100', '-100', '-100', '-100', '-100', '-100', '-100', '-100', '-100', '-100', '-100', '-100', '-100', '-100', '-100', '-100', '-100', '-100', '-100', '-100', '-100', '-100', '-100', '-100', '-100', '-100', '-100', '-100', '-100', '-100', '-100', '-100', '-100', '-100', '-100', '-100', '-100', '-100', '-100', '-100', '-100', '-100', '-100', '-100', '-100', '-100', '-100', '-100', '-100', '-100', '-100', '-100', '-100', '-100', '-100', '-100', '-100', '-100', '-100', '-100', '-100', '-100', '-100', '-100', '-100', '-100', '-100', '-100', '-100', '-100', '-100', '-100', '-100', '-100', '-100', '-100', '-100', '-100', '-100', '-100', '-100', '-100', '-100', '-100', '-100', '-100', '-100', '-100', '-100', '-100', '-100', '-100', '-100', '-100', '-100', '-100', '-100', '-100', '-100', '-100', '-100', '-100', '-100', '-100', '-100', '-100', '-100', '-100', '-100', '-100', '-100', '-100', '-100', '-100', '-100', '-100', '-100', '-100', '-100', '-100', '-100', '-100', '-100', '-100', '-100', '-100', '-100', '-100', '-100', '-100', '-100', '-100', '-100', '-100', '-100', '-100', '-100', '-100', '-100', '-100', '-100', '-100', '-100', '-100', '-100', '-100', '-100', '-100', '-100', '-100', '-100', '-100', '-100', '-100', '-100', '-100', '-100', '-100', '-100', '-100', '-100', '-100', '-100', '-100', '-100', '-100', '-100', '-100', '-100', '-100', '-100', '-100', '-100', '-100', '-100', '-100', '-100', '-100', '-100', '-100', '-100', '-100', '-100', '-100', '-100', '-100', '-100', '-100', '-100', '-100', '-100', '-100', '-100', '-100', '-100', '-100', '-100', '-100', '-100', '-100', '-100', '-100', '-100', '-100', '-100', '-100', '-100', '-100', '-100', '-100', '-100', '-100', '-100', '-100', '-100', '-100', '-100', '-100', '-100', '-100', '-100', '-100', '-100', '-100', '-100', '-100', '-100', '-100', '-100', '-100', '-100', '-100', '-100', '-100', '-100', '-100', '-100', '-100', '-100', '-100', '-100', '-100', '-100', '-100', '-100', '-100', '-100', '-100', '-100', '-100', '-100', '-100', '-100', '-100', '-100', '-100', '-100', '-100', '-100', '-100', '-100', '-100', '-100', '-100', '-100', '-100', '-100', '-100', '-100', '-100', '-100', '-100', '-100', '-100', '-100', '-100', '-100', '-100', '-100', '-100', '-100', '-100', '-100', '-100', '-100', '-100', '-100', '-100', '-100', '-100', '-100', '-100', '-100', '-100', '-100', '-100', '-100', '-100', '-100', '-100', '-100', '-100', '-100', '-100', '-100', '-100', '-100', '-100', '-100', '-100', '-100', '-100', '-100', '-100', '-100', '-100', '-100', '-100', '-100', '-100', '-100', '-100', '-100', '-100', '-100', '-100', '-100', '-100', '-100', '-100', '-100', '-100', '-100', '-100', '-100', '-100', '-100', '-100', '-100', '-100', '-100', '-100', '-100', '-100', '-100', '-100', '-100', '-100', '-100', '-100', '-100', '-100', '-100', '-100', '-100', '-100', '-100', '-100', '-100', '-100', '-100', '-100', '-100', '-100', '-100', '-100', '-100', '-100', '-100', '-100', '-100', '-100', '-100', '-100', '-100', '-100', '-100', '-100', '-100', '-100', '-100', '-100', '-100', '-100', '-100', '-100', '-100', '-100', '-100', '-100', '-100', '-100', '-100', '-100', '-100', '-100', '-100', '-100', '-100', '-100', '-100', '-100', '-100', '-100', '-100', '-100', '-100', '-100', '-100', '-100', '-100', '-100', '-100', '-100', '-100', '-100', '-100', '-100', '-100', '-100', '-100', '-100', '-100', '-100', '-100', '-100', '-100', '-100', '-100', '-100', '-100', '-100', '-100', '-100', '-100', '-100', '-100', '-100', '-100', '-100', '-100', '-100', '-100', '-100', '-100', '-100', '-100', '-100', '-100', '-100', '-100', '-100', '-100', '-100', '-100', '-100', '-100', '-100', '-100', '-100', '-100', '-100', '-100', '-100', '-100', '-100', '-100', '-100', '-100', '-100', '-100', '-100', '-100', '-100', '-100', '-100', '-100', '-100', '-100', '-100', '-100', '-100', '-100', '-100', '-100', '-100', '-100', '-100', '-100', '-100', '-100', '-100', '-100', '-100', '-100', '-100', '-100', '-100', '-100', '-100', '-100', '-100', '-100', '-100', '-100', '-100', '-100', '-100', '-100', '-100', '-100', '-100', '-100', '-100', '-100', '-100', '-100', '-100', '-100', '-100', '-100', '-100', '-100', '-100', '-100', '-100', '-100', '-100', '-100', '-100', '-100', '-100', '-100', '-100', '-100', '-100', '-100', '-100', '-100', '-100', '-100', '-100', '-100', '-100', '-100', '-100', '-100', '-100', '-100', '-100', '-100', '-100', '-100', '-100', '-100', '-100', '-100', '-100', '-100', '-100', '-100', '-100', '-100', '-100', '-100', '-100', '-100', '-100', '-100', '-100', '-100', '-100', '-100', '-100', '-100', '-100', '-100', '-100', '-100', '-100', '-100', '-100', '-100', '-100', '-100', '-100', '-100', '-100', '-100', '-100', '-100', '-100', '-100', '-100', '-100', '-100', '-100', '-100', '-100', '-100', '-100', '-100', '-100', '-100', '-100', '-100', '-100', '-100', '-100', '-100', '-100', '-100', '-100', '-100', '-100', '-100', '-100', '-100', '-100', '-100', '-100', '-100', '-100', '-100', '-100', '-100', '-100', '-100', '-100', '-100', '-100', '-100', '-100', '-100', '-100', '-100', '-100', '-100', '-100', '-100', '-100', '-100', '-100', '-100', '-100', '-100', '-100', '-100', '-100', '-100', '-100', '-100', '-100', '-100', '-100', '-100', '-100', '-100', '-100', '-100', '-100', '-100', '-100', '-100', '-100', '-100', '-100', '-100', '-100', '-100', '-100', '-100', '-100', '-100', '-100', '-100', '-100', '-100', '-100', '-100', '-100', '-100', '-100', '-100', '-100', '-100', '-100', '-100', '-100', '-100', '-100', '-100', '-100', '-100', '-100', '-100', '-100', '-100', '-100', '-100', '-100', '-100', '-100', '-100', '-100', '-100', '-100', '-100', '-100', '-100', '-100', '-100', '-100', '-100', '-100', '-100', '-100', '-100', '-100', '-100', '-100', '-100', '-100', '-100', '-100', '-100', '-100', '-100', '-100', '-100', '-100', '-100', '-100', '-100', '-100', '-100', '-100', '-100', '-100', '-100', '-100', '-100', '-100', '-100', '-100', '-100', '-100', '-100', '-100', '-100', '-100', '-100', '-100', '-100', '-100', '-100', '-100', '-100', '-100', '-100', '-100', '-100', '-100', '-100', '-100', '-100', '-100', '-100', '-100', '-100', '-100', '-100', '-100', '-100', '-100', '-100', '-100', '-100', '-100', '-100', '-100', '-100', '-100', '-100', '-100', '-100', '-100', '-100', '-100', '-100', '-100', '-100', '-100', '-100', '-100', '-100', '-100', '-100', '-100', '-100', '-100', '-100', '-100', '-100', '-100', '-100', '-100', '-100', '-100', '-100', '-100', '-100', '-100', '-100', '-100', '-100', '-100', '-100', '-100', '-100', '-100', '-100', '-100', '-100', '-100', '-100', '-100', '-100', '-100', '-100', '-100', '-100', '-100', '-100', '-100', '-100', '-100', '-100', '-100', '-100', '-100', '-100', '-100', '-100', '-100', '-100', '-100', '-100', '-100', '-100', '-100', '-100', '-100', '-100', '-100', '-100', '-100', '-100', '-100', '-100', '-100', '-100', '-100', '-100', '-100', '-100', '-100', '-100', '-100', '-100', '-100', '-100', '-100', '-100', '-100', '-100', '-100', '-100', '-100', '-100', '-100', '-100', '-100', '-100', '-100', '-100', '-100', '-100', '-100', '-100', '-100', '-100', '-100', '-100', '-100', '-100', '-100', '-100', '-100', '-100', '-100', '-100', '-100', '-100', '-100', '-100', '-100', '-100', '-100', '-100', '-100', '-100', '-100', '-100', '-100', '-100', '-100', '-100', '-100', '-100', '-100', '-100', '-100', '-100', '-100', '-100', '-100', '-100', '-100', '-100', '-100', '-100', '-100', '-100', '-100', '-100', '-100', '-100', '-100', '-100', '-100', '-100', '-100', '-100', '-100', '-100', '-100', '-100', '-100', '-100', '-100', '-100', '-100', '-100', '-100', '-100', '-100', '-100', '-100', '-100', '-100', '-100', '-100', '-100', '-100', '-100', '-100', '-100', '-100', '-100', '-100', '-100', '-100', '-100', '-100', '-100', '-100', '-100', '-100', '-100', '-100', '-100', '-100', '-100', '-100', '-100', '-100', '-100', '-100', '-100', '-100', '-100', '-100', '-100', '-100', '-100', '-100', '-100', '-100', '-100', '-100', '-100', '-100', '-100', '-100', '-100', '-100', '-100', '-100', '-100', '-100', '-100', '-100', '-100', '-100', '-100', '-100', '-100', '-100', '-100', '-100', '-100', '-100', '-100', '-100', '-100', '-100', '-100', '-100', '-100', '-100', '-100', '-100', '-100', '-100', '-100', '-100', '-100', '-100', '-100', '-100', '-100', '-100', '-100', '-100', '-100', '-100', '-100', '-100', '-100', '-100', '-100', '-100', '-100', '-100', '-100', '-100', '-100', '-100', '-100', '-100', '-100', '-100', '-100', '-100', '-100', '-100', '-100', '-100', '-100', '-100', '-100', '-100', '-100', '-100', '-100', '-100', '-100', '-100', '-100', '-100', '-100', '-100', '-100', '-100', '-100', '-100', '-100', '-100', '-100', '-100', '-100', '-100', '-100', '-100', '-100', '-100', '-100', '-100', '-100', '-100', '-100', '-100', '-100', '-100', '-100', '-100', '-100', '-100', '-100', '-100', '-100', '-100', '-100', '-100', '-100', '-100', '-100', '-100', '-100', '-100', '-100', '-100', '-100', '-100', '-100', '-100', '-100', '-100', '-100', '-100', '-100', '-100', '-100', '-100', '-100', '-100', '-100', '-100', '-100', '-100', '-100', '-100', '-100', '-100', '-100', '-100', '-100', '-100', '-100', '-100', '-100', '-100', '-100', '-100', '-100', '-100', '-100', '-100', '-100', '-100', '-100', '-100', '-100', '-100', '-100', '-100', '-100', '-100', '-100', '-100', '-100', '-100', '-100', '-100', '-100', '-100', '-100', '-100', '-100', '-100', '-100', '-100', '-100', '-100', '-100', '-100', '-100', '-100', '-100', '-100', '-100', '-100', '-100', '-100', '-100', '-100', '-100', '-100', '-100', '-100', '-100', '-100', '-100', '-100', '-100', '-100', '-100', '-100', '-100', '-100', '-100', '-100', '-100', '-100', '-100', '-100', '-100', '-100', '-100', '-100', '-100', '-100', '-100', '-100', '-100', '-100', '-100', '-100', '-100', '-100', '-100', '-100', '-100', '-100', '-100', '-100', '-100', '-100', '-100', '-100', '-100', '-100', '-100', '-100', '-100', '-100', '-100', '-100', '-100', '-100', '-100', '-100', '-100', '-100', '-100', '-100', '-100', '-100', '-100', '-100', '-100', '-100', '-100', '-100', '-100', '-100', '-100', '-100', '-100', '-100', '-100', '-100', '-100', '-100', '-100', '-100', '-100', '-100', '-100', '-100', '-100', '-100', '-100', '-100', '-100', '-100', '-100', '-100', '-100', '-100', '-100', '-100', '-100', '-100', '-100', '-100', '-100', '-100', '-100', '-100', '-100', '-100', '-100', '-100', '-100', '-100', '-100', '-100', '-100', '-100', '-100', '-100', '-100', '-100', '-100', '-100', '-100', '-100', '-100', '-100', '-100', '-100', '-100', '-100', '-100', '-100', '-100', '-100', '-100', '-100', '-100', '-100', '-100', '-100', '-100', '-100', '-100', '-100', '-100', '-100', '-100', '-100', '-100', '-100', '-100', '-100', '-100', '-100', '-100', '-100', '-100', '-100', '-100', '-100', '-100', '-100', '-100', '-100', '-100', '-100', '-100', '-100', '-100', '-100', '-100', '-100', '-100', '-100', '-100', '-100', '-100', '-100', '-100', '-100', '-100', '-100', '-100', '-100', '-100', '-100', '-100', '-100', '-100', '-100', '-100', '-100', '-100', '-100', '-100', '-100', '-100', '-100', '-100', '-100', '-100', '-100', '-100', '-100', '-100', '-100', '-100', '-100', '-100', '-100', '-100', '-100', '-100', '-100', '-100', '-100', '-100', '-100', '-100', '-100', '-100', '-100', '-100', '-100', '-100', '-100', '-100', '-100', '-100', '-100', '-100', '-100', '-100', '-100', '-100', '-100', '-100', '-100', '-100', '-100', '-100', '-100', '-100', '-100', '-100', '-100', '-100', '-100', '-100', '-100', '-100', '-100', '-100', '-100', '-100', '-100', '-100', '-100', '-100', '-100', '-100', '-100', '-100', '-100', '-100', '-100', '-100', '-100', '-100', '-100', '-100', '-100', '-100', '-100', '-100', '-100', '-100', '-100', '-100', '-100', '-100', '-100', '-100', '-100', '-100', '-100', '-100', '-100', '-100', '-100', '-100', '-100', '-100', '-100', '-100', '-100', '-100', '-100', '-100', '-100', '-100', '-100', '-100', '-100', '-100', '-100', '-100', '-100', '-100', '-100', '-100', '-100', '-100', '-100', '-100', '-100', '-100', '-100', '-100', '-100', '-100', '-100', '-100', '-100', '-100', '-100', '-100', '-100', '-100', '-100', '-100', '-100', '-100', '-100', '-100', '-100', '-100', '-100', '-100', '-100', '-100', '-100', '-100', '-100', '-100', '-100', '-100', '-100', '-100', '-100', '-100', '-100', '-100', '-100', '-100', '-100', '-100', '-100', '-100', '-100', '-100', '-100', '-100', '-100', '-100', '-100', '-100', '-100', '-100', '-100', '-100', '-100', '-100', '-100', '-100', '-100', '-100', '-100', '-100', '-100', '-100', '-100', '-100', '-100', '-100', '-100', '-100', '-100', '-100', '-100', '-100', '-100', '-100', '-100', '-100', '-100', '-100', '-100', '-100', '-100', '-100', '-100', '-100', '-100', '-100', '-100', '-100', '-100', '-100', '-100', '-100', '-100', '-100', '-100', '-100', '-100', '-100', '-100', '-100', '-100', '-100', '-100', '-100', '-100', '-100', '-100', '-100', '-100', '-100', '-100', '-100', '-100', '-100', '-100', '-100', '-100', '-100', '-100', '-100', '-100', '-100', '-100', '-100', '-100', '-100', '-100', '-100', '-100', '-100', '-100', '-100', '-100', '-100', '-100', '-100', '-100', '-100', '-100', '-100', '-100', '-100', '-100', '-100', '-100', '-100', '-100', '-100', '-100', '-100', '-100', '-100', '-100', '-100', '-100', '-100', '-100', '-100', '-100', '-100', '-100', '-100', '-100', '-100', '-100', '-100', '-100', '-100', '-100', '-100', '-100', '-100', '-100', '-100', '-100', '-100', '-100', '-100', '-100', '-100', '-100', '-100', '-100', '-100', '-100', '-100', '-100', '-100', '-100', '-100', '-100', '-100', '-100', '-100', '-100', '-100', '-100', '-100', '-100', '-100', '-100', '-100', '-100', '-100', '-100', '-100', '-100', '-100', '-100', '-100', '-100', '-100', '-100', '-100', '-100', '-100', '-100', '-100', '-100', '-100', '-100', '-100', '-100', '-100', '-100', '-100', '-100', '-100', '-100', '-100', '-100', '-100', '-100', '-100', '-100', '-100', '-100', '-100', '-100', '-100', '-100', '-100', '-100', '-100', '-100', '-100', '-100', '-100', '-100', '-100', '-100', '-100', '-100', '-100', '-100', '-100', '-100', '-100', '-100', '-100', '-100', '-100', '-100', '-100', '-100', '-100', '-100', '-100', '-100', '-100', '-100', '-100', '-100', '-100', '-100', '-100', '-100', '-100', '-100', '-100', '-100', '-100', '-100', '-100', '-100', '-100', '-100', '-100', '-100', '-100', '-100', '-100', '-100', '-100', '-100', '-100', '-100', '-100', '-100', '-100', '-100', '-100', '-100', '-100', '-100', '-100', '-100', '-100', '-100', '-100', '-100', '-100', '-100', '-100', '-100', '-100', '-100', '-100', '-100', '-100', '-100', '-100', '-100', '-100', '-100', '-100', '-100', '-100', '-100', '-100', '-100', '-100', '-100', '-100', '-100', '-100', '-100', '-100', '-100', '-100', '-100', '-100', '-100', '-100', '-100', '-100', '-100', '-100', '-100', '-100', '-100', '-100', '-100', '-100', '-100', '-100', '-100', '-100', '-100', '-100', '-100', '-100', '-100', '-100', '-100', '-100', '-100', '-100', '-100', '-100', '-100', '-100', '-100', '-100', '-100', '-100', '-100', '-100', '-100', '-100', '-100', '-100', '-100', '-100', '-100', '-100', '-100', '-100', '-100', '-100', '-100', '-100', '-100', '-100', '-100', '-100', '-100', '-100', '-100', '-100', '-100', '-100', '-100', '-100', '-100', '-100', '-100', '-100', '-100', '-100', '-100', '-100', '-100', '-100', '-100', '-100', '-100', '-100', '-100', '-100', '-100', '-100', '-100', '-100', '-100', '-100', '-100', '-100', '-100', '-100', '-100', '-100', '-100', '-100', '-100', '-100', '-100', '-100', '-100', '-100', '-100', '-100', '-100', '-100', '-100', '-100', '-100', '-100', '-100', '-100', '-100', '-100', '-100', '-100', '-100', '-100', '-100', '-100', '-100', '-100', '-100', '-100', '-100', '-100', '-100', '-100', '-100', '-100', '-100', '-100', '-100', '-100', '-100', '-100', '-100', '-100', '-100', '-100', '-100', '-100', '-100', '-100', '-100', '-100', '-100', '-100', '-100', '-100', '-100', '-100', '-100', '-100', '-100', '-100', '-100', '-100', '-100', '-100', '-100', '-100', '-100', '-100', '-100', '-100', '-100', '-100', '-100', '-100', '-100', '-100', '-100', '-100', '-100', '-100', '-100', '-100', '-100', '-100', '-100', '-100', '-100', '-100', '-100', '-100', '-100', '-100', '-100', '-100', '-100', '-100', '-100', '-100', '-100', '-100', '-100', '-100', '-100', '-100', '-100', '-100', '-100', '-100', '-100', '-100', '-100', '-100', '-100', '-100', '-100', '-100', '-100', '-100', '-100', '-100', '-100', '-100', '-100', '-100', '-100', '-100', '-100', '-100', '-100', '-100', '-100', '-100', '-100', '-100', '-100', '-100', '-100', '-100', '-100', '-100', '-100', '-100', '-100', '-100', '-100', '-100', '-100', '-100', '-100', '-100', '-100', '-100', '-100', '-100', '-100', '-100', '-100', '-100', '-100', '-100', '-100', '-100', '-100', '-100', '-100', '-100', '-100', '-100', '-100', '-100', '-100', '-100', '-100', '-100', '-100', '-100', '-100', '-100', '-100', '-100', '-100', '-100', '-100', '-100', '-100', '-100', '-100', '-100', '-100', '-100', '-100', '-100', '-100', '-100', '-100', '-100', '-100', '-100', '-100', '-100', '-100', '-100', '-100', '-100', '-100', '-100', '-100', '-100', '-100', '-100', '-100', '-100', '-100', '-100', '-100', '-100', '-100', '-100', '-100', '-100', '-100', '-100', '-100', '-100', '-100', '-100', '-100', '-100', '-100', '-100', '-100', '-100', '-100', '-100', '-100', '-100', '-100', '-100', '-100', '-100', '-100', '-100', '-100', '-100', '-100', '-100', '-100', '-100', '-100', '-100', '-100', '-100', '-100', '-100', '-100', '-100', '-100', '-100', '-100', '-100', '-100', '-100', '-100', '-100', '-100', '-100', '-100', '-100', '-100', '-100', '-100', '-100', '-100', '-100', '-100', '-100', '-100', '-100', '-100', '-100', '-100', '-100', '-100', '-100', '-100', '-100', '-100', '-100', '-100', '-100', '-100', '-100', '-100', '-100', '-100', '-100', '-100', '-100', '-100', '-100', '-100', '-100', '-100', '-100', '-100', '-100', '-100', '-100', '-100', '-100', '-100', '-100', '-100', '-100', '-100', '-100', '-100', '-100', '-100', '-100', '-100', '-100', '-100', '-100', '-100', '-100', '-100', '-100', '-100', '-100', '-100', '-100', '-100', '-100', '-100', '-100', '-100', '-100', '-100', '-100', '-100', '-100', '-100', '-100', '-100', '-100', '-100', '-100', '-100', '-100', '-100', '-100', '-100', '-100', '-100', '-100', '-100', '-100', '-100', '-100', '-100', '-100', '-100', '-100', '-100', '-100', '-100', '-100', '-100', '-100', '-100', '-100', '-100', '-100', '-100', '-100', '-100', '-100', '-100', '-100', '-100', '-100', '-100', '-100', '-95', '-95', '-95', '-95', '-95', '-95', '-95', '-95', '-95', '-95', '-95', '-95', '-95', '-95', '-95', '-95', '-95', '-95', '-95', '-95', '-95', '-95', '-95', '-95', '-95', '-95', '-95', '-95', '-95', '-95', '-95', '-95', '-95', '-95', '-95', '-95', '-95', '-95', '-95', '-95', '-95', '-95', '-95', '-95', '-95', '-95', '-95', '-95', '-95', '-95', '-95', '-95', '-95', '-95', '-95', '-95', '-95', '-95', '-95', '-95', '-95', '-95', '-95', '-95', '-95', '-95', '-95', '-95', '-95', '-95', '-95', '-95', '-95', '-95', '-95', '-95', '-95', '-95', '-95', '-95', '-95', '-95', '-95', '-95', '-95', '-95', '-95', '-95', '-95', '-95', '-95', '-100', '-100', '-100', '-100', '-100', '-100', '-100', '-100', '-100', '-100', '-100', '-100', '-100', '-100', '-100', '-100', '-100', '-100', '-100', '-100', '-100', '-100', '-100', '-100', '-100', '-100', '-100', '-100', '-100', '-100', '-100', '-100', '-100', '-100', '-100', '-100', '-100', '-100', '-100', '-100', '-100', '-100', '-100', '-100', '-100', '-100', '-100', '-100', '-100', '-100', '-100', '-100', '-100', '-100', '-100', '-100', '-100', '-100', '-100', '-100', '-100', '-100', '-100', '-100', '-100', '-100', '-100', '-100', '-100', '-100', '-100', '-100', '-100', '-100', '-100', '-100', '-100', '-100', '-100', '-100', '-100', '-100', '-100', '-100', '-100', '-100', '-100', '-100', '-100', '-100', '-100', '-100', '-100', '-100', '-100', '-100', '-100', '-100', '-100', '-100', '-100', '-100', '-100', '-100', '-100', '-100', '-100', '-100', '-100', '-100', '-100', '-100', '-100', '-100', '-100', '-100', '-100', '-100', '-100', '-100', '-100', '-100', '-100', '-100', '-100', '-100', '-100', '-100', '-100', '-100', '-100', '-100', '-100', '-100', '-100', '-100', '-100', '-100', '-100', '-100', '-100', '-100', '-100', '-100', '-100', '-100', '-100', '-100', '-100', '-100', '-100', '-100', '-100', '-100', '-100', '-100', '-100', '-100', '-100', '-100', '-100', '-100', '-100', '-100', '-100', '-100', '-100', '-100', '-100', '-100', '-100', '-100', '-100', '-100', '-100', '-100', '-100', '-100', '-100', '-100', '-100', '-100', '-100', '-100', '-100', '-100', '-100', '-100', '-100', '-100', '-100', '-100', '-100', '-100', '-100', '-100', '-100', '-100', '-100', '-100', '-100', '-100', '-100', '-100', '-100', '-100', '-100', '-100', '-100', '-100', '-100', '-100', '-100', '-100', '-100', '-100', '-100', '-100', '-100', '-100', '-100', '-100', '-100', '-100', '-100', '-100', '-100', '-100', '-100', '-100', '-100', '-100', '-100', '-100', '-100', '-100', '-100', '-100', '-100', '-100', '-100', '-100', '-100', '-100', '-100', '-100', '-100', '-100', '-100', '-100', '-100', '-100', '-100', '-100', '-100', '-100', '-100', '-100', '-100', '-100', '-100', '-100', '-100', '-100', '-100', '-100', '-100', '-100', '-100', '-100', '-100', '-100', '-100', '-100', '-100', '-100', '-100', '-100', '-100', '-100', '-100', '-100', '-100', '-100', '-100', '-100', '-100', '-100', '-100', '-100', '-100', '-100', '-100', '-100', '-100', '-100', '-100', '-100', '-100', '-100', '-100', '-100', '-100', '-100', '-100', '-100', '-100', '-100', '-100', '-100', '-100', '-100', '-100', '-100', '-100', '-100', '-100', '-100', '-100', '-100', '-100', '-100', '-100', '-100', '-100', '-100', '-100', '-100', '-100', '-100', '-100', '-100', '-100', '-100', '-100', '-100', '-100', '-100', '-100', '-100', '-100', '-100', '-100', '-100', '-100', '-100', '-100', '-100', '-100', '-100', '-100', '-100', '-100', '-100', '-100', '-100', '-100', '-100', '-100', '-100', '-100', '-100', '-100', '-100', '-100', '-100', '-100', '-100', '-100', '-100', '-100', '-100', '-100', '-100', '-100', '-100', '-100', '-100', '-100', '-100', '-100', '-100', '-100', '-100', '-100', '-100', '-100', '-100', '-100', '-100', '-100', '-100', '-100', '-100', '-100', '-100', '-100', '-100', '-100', '-100', '-100', '-100', '-100', '-100', '-100', '-100', '-100', '-100', '-100', '-100', '-100', '-100', '-100', '-100', '-100', '-100', '-100', '-100', '-100', '-100', '-100', '-100', '-100', '-100', '-100', '-100', '-100', '-100', '-100', '-100', '-100', '-100', '-100', '-100', '-100', '-100', '-100', '-100', '-100', '-100', '-100', '-100', '-100', '-100', '-100', '-100', '-100', '-100', '-100', '-100', '-100', '-100', '-100', '-100', '-100', '-100', '-100', '-100', '-100', '-100', '-100', '-100', '-100', '-100', '-100', '-100', '-100', '-100', '-100', '-100', '-100', '-100', '-100', '-100', '-100', '-100', '-100', '-100', '-100', '-100', '-100', '-100', '-100', '-100', '-100', '-100', '-100', '-100', '-100', '-100', '-100', '-100', '-100', '-100', '-100', '-100', '-100', '-100', '-100', '-100', '-100', '-100', '-100', '-100', '-100', '-100', '-100', '-100', '-100', '-100', '-100', '-100', '-100', '-100', '-100', '-100', '-100', '-100', '-100', '-100', '-100', '-100', '-100', '-100', '-100', '-100', '-100', '-100', '-100', '-100', '-100', '-100', '-100', '-100', '-100', '-100', '-100', '-100', '-100', '-100', '-100', '-100', '-100', '-100', '-100', '-100', '-100', '-100', '-100', '-100', '-100', '-100', '-100', '-100', '-100', '-100', '-100', '-100', '-100', '-100', '-100', '-100', '-100', '-100', '-100', '-100', '-100', '-100', '-100', '-100', '-100', '-100', '-100', '-100', '-100', '-100', '-100', '-100', '-100', '-100', '-100', '-100', '-100', '-100', '-100', '-100', '-100', '-100', '-100', '-100', '-100', '-100', '-100', '-100', '-100', '-100', '-100', '-100', '-100', '-100', '-100', '-100', '-100', '-100', '-100', '-100', '-100', '-100', '-100', '-100', '-100', '-100', '-100', '-100', '-100', '-100', '-100', '-100', '-100', '-100', '-100', '-100', '-100', '-100', '-100', '-100', '-100', '-100', '-100', '-100', '-100', '-100', '-100', '-100', '-100', '-100', '-100', '-100', '-100', '-100', '-100', '-100', '-100', '-100', '-100', '-100', '-100', '-100', '-100', '-100', '-100', '-100', '-100', '-100', '-100', '-100', '-100', '-100', '-100', '-100', '-100', '-100', '-100', '-100', '-100', '-100', '-100', '-100', '-100', '-100', '-100', '-100', '-100', '-100', '-100', '-100', '-100', '-100', '-100', '-100', '-100', '-100', '-100', '-100', '-100', '-100', '-100', '-100', '-100', '-100', '-100', '-100', '-100', '-100', '-100', '-100', '-100', '-100', '-100', '-100', '-100', '-100', '-100', '-100', '-100', '-100', '-100', '-100', '-100', '-100', '-100', '-100', '-100', '-100', '-100', '-100', '-100', '-100', '-100', '-100', '-100', '-100', '-100', '-100', '-100', '-100', '-100', '-100', '-100', '-100', '-100', '-100', '-100', '-100', '-100', '-100', '-100', '-100', '-100', '-100', '-100', '-100', '-100', '-100', '-100', '-100', '-100', '-100', '-100', '-100', '-100', '-100', '-100', '-100', '-100', '-100', '-100', '-100', '-100', '-100', '-100', '-100', '-100', '-100', '-100', '-100', '-100', '-100', '-100', '-100', '-100', '-100', '-100', '-100', '-100', '-100', '-100', '-100', '-100', '-100', '-100', '-100', '-100', '-100', '-100', '-100', '-100', '-100', '-100', '-100', '-100', '-100', '-100', '-100', '-100', '-100', '-100', '-100', '-100', '-100', '-100', '-100', '-100', '-100', '-100', '-100', '-100', '-100', '-100', '-100', '-100', '-100', '-100', '-100', '-100', '-100', '-100', '-100', '-100', '-100', '-100', '-100', '-100', '-100', '-100', '-100', '-100', '-100', '-100', '-100', '-100', '-100', '-100', '-100', '-100', '-100', '-100', '-100', '-100', '-100', '-100', '-100', '-100', '-100', '-100', '-100', '-100', '-100', '-100', '-100', '-100', '-100', '-100', '-100', '-100', '-100', '-100', '-100', '-100', '-100', '-100', '-100', '-100', '-100', '-100', '-100', '-100', '-100', '-100', '-100', '-100', '-100', '-100', '-100', '-100', '-100', '-100', '-100', '-100', '-100', '-100', '-100', '-100', '-100', '-100', '-100', '-100', '-100', '-100', '-100', '-100', '-100', '-100', '-100', '-100', '-100', '-100', '-100', '-100', '-100', '-100', '-100', '-100', '-100', '-100', '-100', '-100', '-100', '-100', '-100', '-100', '-100', '-100', '-100', '-100', '-100', '-100', '-100', '-100', '-100', '-100', '-100', '-100', '-100', '-100', '-100', '-100', '-100', '-100', '-100', '-100', '-100', '-100', '-100', '-100', '-100', '-100', '-100', '-100', '-100', '-100', '-100', '-100', '-100', '-100', '-100', '-100', '-100', '-100', '-100', '-100', '-100', '-100', '-100', '-100', '-100', '-100', '-100', '-100', '-100', '-100', '-100', '-100', '-100', '-100', '-100', '-100', '-100', '-100', '-100', '-100', '-100', '-100', '-100', '-100', '-100', '-100', '-100', '-100', '-100', '-100', '-100', '-100', '-100', '-100', '-100', '-100', '-100', '-100', '-100', '-100', '-100', '-100', '-100', '-100', '-100', '-100', '-100', '-100', '-100', '-100', '-100', '-100', '-100', '-100', '-100', '-100', '-100', '-100', '-100', '-100', '-100', '-100', '-100', '-100', '-100', '-100', '-100', '-100', '-100', '-100', '-100', '-100', '-100', '-100', '-100', '-100', '-100', '-100', '-100', '-100', '-100', '-100', '-100', '-100', '-100', '-100', '-100', '-100', '-100', '-100', '-100', '-100', '-100', '-100', '-100', '-100', '-100', '-100', '-100', '-100', '-100', '-100', '-100', '-100', '-100', '-100', '-100', '-100', '-100', '-100', '-100', '-100', '-100', '-100', '-100', '-100', '-100', '-100', '-100', '-100', '-100', '-100', '-100', '-100', '-100', '-100', '-100', '-100', '-100', '-100', '-100', '-100', '-100', '-100', '-100', '-100', '-100', '-100', '-100', '-100', '-100', '-100', '-100', '-100', '-100', '-100', '-100', '-100', '-100', '-100', '-100', '-100', '-100', '-100', '-100', '-100', '-100', '-100', '-100', '-100', '-100', '-100', '-100', '-100', '-100', '-100', '-100', '-100', '-100', '-100', '-100', '-100', '-100', '-100', '-100', '-100', '-100', '-100', '-100', '-100', '-100', '-100', '-100', '-100', '-100', '-100', '-100', '-100', '-100', '-100', '-100', '-100', '-100', '-100', '-100', '-100', '-100', '-100', '-100', '-100', '-100', '-100', '-100', '-100', '-100', '-100', '-100', '-100', '-100', '-100', '-100', '-100', '-100', '-100', '-100', '-100', '-100', '-100', '-100', '-100', '-100', '-100', '-100', '-100', '-100', '-100', '-100', '-100', '-100', '-100', '-100', '-100', '-100', '-100', '-100', '-100', '-100', '-100', '-100', '-100', '-100', '-100', '-100', '-100', '-100', '-100', '-100', '-100', '-100', '-100', '-100', '-100', '-100', '-100', '-100', '-100', '-100', '-100', '-100', '-100', '-100', '-100', '-100', '-100', '-100', '-100', '-100', '-100', '-100', '-100', '-100', '-100', '-100', '-100', '-100', '-100', '-100', '-100', '-100', '-100', '-100', '-100', '-100', '-100', '-100', '-100', '-100', '-100', '-100', '-100', '-100', '-100', '-100', '-100', '-100', '-100', '-100', '-100', '-100', '-100', '-100', '-100', '-100', '-100', '-100', '-100', '-100', '-100', '-100', '-100', '-100', '-100', '-100', '-100', '-100', '-100', '-100', '-100', '-100', '-100', '-100', '-100', '-100', '-100', '-100', '-100', '-100', '-100', '-100', '-100', '-100', '-100', '-100', '-100', '-100', '-100', '-100', '-100', '-100', '-100', '-100', '-100', '-100', '-100', '-100', '-100', '-100', '-100', '-100', '-100', '-100', '-100', '-100', '-100', '-100', '-100', '-100', '-100', '-100', '-100', '-100', '-100', '-100', '-100', '-100', '-100', '-100', '-100', '-100', '-100', '-100', '-100', '-100', '-100', '-100', '-100', '-100', '-100', '-100', '-100', '-100', '-100', '-100', '-100', '-100', '-100', '-100', '-100', '-100', '-100', '-100', '-100', '-100', '-100', '-100', '-100', '-100', '-100', '-100', '-100', '-100', '-100', '-100', '-100', '-100', '-100', '-100', '-100', '-100', '-100', '-100', '-100', '-100', '-100', '-100', '-100', '-100', '-100', '-100', '-100', '-100', '-100', '-100', '-100', '-100', '-100', '-100', '-100', '-100', '-100', '-100', '-100', '-100', '-100', '-100', '-100', '-100', '-100', '-100', '-100', '-100', '-100', '-100', '-100', '-100', '-100', '-100', '-100', '-100', '-100', '-100', '-100', '-100', '-100', '-100', '-100', '-100', '-100', '-100', '-100', '-100', '-100', '-100', '-100', '-100', '-100', '-100', '-100', '-100', '-100', '-100', '-100', '-100', '-100', '-100', '-100', '-100', '-100', '-100', '-100', '-100', '-100', '-100', '-100', '-100', '-100', '-100', '-100', '-100', '-100', '-100', '-100', '-100', '-100', '-100', '-100', '-100', '-100', '-100', '-100', '-100', '-100', '-100', '-100', '-100', '-100', '-100', '-100', '-100', '-100', '-100', '-100', '-100', '-100', '-100', '-100', '-100', '-100', '-100', '-100', '-100', '-100', '-100', '-100', '-100', '-100', '-100', '-100', '-100', '-100', '-100', '-100', '-100', '-100', '-100', '-100', '-100', '-100', '-100', '-100', '-100', '-100', '-100', '-100', '-100', '-100', '-100', '-100', '-100', '-100', '-100', '-100', '-100', '-100', '-100', '-100', '-100', '-100', '-100', '-100', '-100', '-100', '-100', '-100', '-100', '-100', '-100', '-100', '-100', '-100', '-100', '-100', '-100', '-100', '-100', '-100', '-100', '-100', '-100', '-100', '-100', '-100', '-100', '-100', '-100', '-100', '-100', '-100', '-100', '-100', '-100', '-100', '-100', '-100', '-100', '-100', '-100', '-100', '-100', '-100', '-100', '-100', '-100', '-100', '-100', '-100', '-100', '-100', '-100', '-100', '-100', '-100', '-100', '-100', '-100', '-100', '-100', '-100', '-100', '-100', '-100', '-100', '-100', '-100', '-100', '-100', '-100', '-100', '-100', '-100', '-100', '-100', '-100', '-100', '-100', '-100', '-100', '-100', '-100', '-100', '-100', '-100', '-100', '-100', '-100', '-100', '-100', '-100', '-100', '-100', '-100', '-100', '-100', '-100', '-100', '-100', '-100', '-100', '-100', '-100', '-100', '-100', '-100', '-100', '-100', '-100', '-100', '-100', '-100', '-100', '-100', '-100', '-100', '-100', '-100', '-100', '-100', '-100', '-100', '-100', '-100', '-100', '-100', '-100', '-100', '-100', '-100', '-100', '-100', '-100', '-100', '-100', '-100', '-100', '-100', '-100', '-100', '-100', '-100', '-100', '-100', '-100', '-100', '-100', '-100', '-100', '-100', '-100', '-100', '-100', '-100', '-100', '-100', '-100', '-100', '-100', '-100', '-100', '-100', '-100', '-100', '-100', '-100', '-100', '-100', '-100', '-100', '-100', '-100', '-100', '-100', '-100', '-100', '-100', '-100', '-100', '-100', '-100', '-100', '-100', '-100', '-100', '-100', '-100', '-100', '-100', '-100', '-100', '-100', '-100', '-100', '-100', '-100', '-100', '-100', '-100', '-100', '-100', '-100', '-100', '-100', '-100', '-100', '-100', '-100', '-100', '-100', '-100', '-100', '-100', '-100', '-100', '-100', '-100', '-100', '-100', '-100', '-100', '-100', '-100', '-100', '-100', '-100', '-100', '-100', '-100', '-100', '-100', '-100', '-100', '-100', '-100', '-100', '-100', '-100', '-100', '-100', '-100', '-100', '-100', '-100', '-100', '-100', '-100', '-100', '-100', '-100', '-100', '-100', '-100', '-100', '-100', '-100', '-100', '-100', '-100', '-100', '-100', '-100', '-100', '-100', '-100', '-100', '-100', '-100', '-100', '-100', '-100', '-100', '-100', '-100', '-100', '-100', '-100', '-100', '-100', '-100', '-100', '-100', '-100', '-100', '-100', '-100', '-100', '-100', '-100', '-100', '-100', '-100', '-100', '-100', '-100', '-100', '-100', '-100', '-100', '-100', '-100', '-100', '-100', '-100', '-100', '-100', '-100', '-100', '-100', '-100', '-100', '-100', '-100', '-100', '-100', '-100', '-100', '-100', '-100', '-100', '-100', '-100', '-100', '-100', '-100', '-100', '-100', '-100', '-100', '-100', '-100', '-100', '-100', '-100', '-100', '-100', '-100', '-100', '-100', '-100', '-100', '-100', '-100', '-100', '-100', '-100', '-100', '-100', '-100', '-100', '-100', '-100', '-100', '-100', '-100', '-100', '-100', '-100', '-100', '-100', '-100', '-100', '-100', '-100', '-100', '-100', '-100', '-100', '-100', '-100', '-100', '-100', '-100', '-100', '-100', '-100', '-100', '-100', '-100', '-100', '-100', '-100', '-100', '-100', '-100', '-100', '-100', '-100', '-100', '-100', '-100', '-100', '-100', '-100', '-100', '-100', '-100', '-100', '-100', '-100', '-100', '-100', '-100', '-100', '-100', '-100', '-100', '-100', '-100', '-100', '-100', '-100', '-100', '-100', '-100', '-100', '-100', '-100', '-100', '-100', '-100', '-100', '-100', '-100', '-100', '-100', '-100', '-100', '-100', '-100', '-100', '-100', '-100', '-100', '-100', '-100', '-100', '-100', '-100', '-100', '-100', '-100', '-100', '-100', '-100', '-100', '-100', '-100', '-100', '-100', '-100', '-100', '-100', '-100', '-100', '-100', '-100', '-100', '-100', '-100', '-100', '-100', '-100', '-100', '-100', '-100', '-100', '-100', '-100', '-100', '-100', '-100', '-100', '-100', '-100', '-100', '-100', '-100', '-100', '-100', '-100', '-100', '-100', '-100', '-100', '-100', '-100', '-100', '-100', '-100', '-100', '-100', '-100', '-100', '-100', '-100', '-100', '-100', '-100', '-100', '-100', '-100', '-100', '-100', '-100', '-100', '-100', '-100', '-100', '-100', '-100', '-100', '-100', '-100', '-100', '-100', '-100', '-100', '-100', '-100', '-100', '-100', '-100', '-100', '-100', '-100', '-100', '-100', '-100', '-100', '-100', '-100', '-100', '-100', '-100', '-100', '-100', '-100', '-100', '-100', '-100', '-100', '-100', '-100', '-100', '-100', '-100', '-100', '-100', '-100', '-100', '-100', '-100', '-100', '-100', '-100', '-100', '-100', '-100', '-100', '-100', '-100', '-100', '-100', '-100', '-100', '-100', '-100', '-100', '-100', '-100', '-100', '-100', '-100', '-100', '-100', '-100', '-100', '-100', '-100', '-100', '-100', '-100', '-100', '-100', '-100', '-100', '-100', '-100', '-100', '-100', '-100', '-100', '-100', '-100', '-100', '-100', '-100', '-100', '-100', '-100', '-100', '-100', '-100', '-100', '-100', '-100', '-100', '-100', '-100', '-100', '-100', '-100', '-100', '-100', '-100', '-100', '-100', '-100', '-100', '-100', '-100', '-100', '-100', '-100', '-100', '-100', '-100', '-100', '-100', '-100', '-100', '-100', '-100', '-100', '-100', '-100', '-100', '-100', '-100', '-100', '-100', '-100', '-100', '-100', '-100', '-100', '-100', '-100', '-100', '-100', '-100', '-100', '-100', '-100', '-100', '-100', '-100', '-100', '-100', '-100', '-100', '-100', '-100', '-100', '-100', '-100', '-100', '-100', '-100', '-100', '-100', '-100', '-100', '-100', '-100', '-100', '-100', '-100', '-100', '-100', '-100', '-100', '-100', '-100', '-100', '-100', '-100', '-100', '-100', '-100', '-100', '-100', '-100', '-100', '-100', '-100', '-100', '-100', '-100', '-100', '-100', '-100', '-100', '-100', '-100', '-100', '-100', '-100', '-100', '-100', '-100', '-100', '-100', '-100', '-100', '-100', '-100', '-100', '-100', '-100', '-100', '-100', '-100', '-100', '-100', '-100', '-100', '-100', '-100', '-100', '-100', '-100', '-100', '-100', '-100', '-100', '-100', '-100', '-100', '-100', '-100', '-100', '-100', '-100', '-100', '-100', '-100', '-100', '-100', '-100', '-100', '-100', '-100', '-100', '-100', '-100', '-100', '-100', '-100', '-100', '-100', '-100', '-100', '-100', '-100', '-100', '-100', '-100', '-100', '-100', '-100', '-100', '-100', '-100', '-100', '-100', '-100', '-100', '-100', '-100', '-100', '-100', '-100', '-100', '-100', '-100', '-100', '-100', '-100', '-100', '-100', '-100', '-100', '-100', '-100', '-100', '-100', '-100', '-100', '-100', '-100', '-100', '-100', '-100', '-100', '-100', '-100', '-100', '-100', '-100', '-100', '-100', '-100', '-100', '-100', '-100', '-100', '-100', '-100', '-100', '-100', '-100', '-100', '-100', '-100', '-100', '-100', '-100', '-100', '-100', '-100', '-100', '-100', '-100', '-100', '-100', '-100', '-100', '-100', '-100', '-100', '-100', '-100', '-100', '-100', '-100', '-100', '-100', '-100', '-100', '-100', '-100', '-100', '-100', '-100', '-100', '-100', '-100', '-100', '-100', '-100', '-100', '-100', '-100', '-100', '-100', '-100', '-100', '-100', '-100', '-100', '-100', '-100', '-100', '-100', '-100', '-100', '-100', '-100', '-100', '-100', '-100', '-100', '-100', '-100', '-100', '-100', '-100', '-100', '-100', '-100', '-100', '-100', '-100', '-100', '-100', '-100', '-100', '-100', '-100', '-100', '-100', '-100', '-100', '-100', '-100', '-100', '-100', '-100', '-100', '-100', '-100', '-100', '-100', '-100', '-100', '-100', '-100', '-100', '-100', '-100', '-100', '-100', '-100', '-100', '-100', '-100', '-100', '-100', '-100', '-100', '-100', '-100', '-100', '-100', '-100', '-100', '-100', '-100', '-100', '-100', '-100', '-100', '-100', '-100', '-100', '-100', '-100', '-100', '-100', '-100', '-100', '-100', '-100', '-100', '-100', '-100', '-100', '-100', '-100', '-100', '-100', '-100', '-100', '-100', '-100', '-100', '-100', '-100', '-100', '-100', '-100', '-100', '-100', '-100', '-100', '-100', '-100', '-100', '-100', '-100', '-100', '-100', '-100', '-100', '-100', '-100', '-100', '-100', '-100', '-100', '-100', '-100', '-100', '-100', '-100', '-100', '-100', '-100', '-100', '-100', '-100', '-100', '-100', '-100', '-100', '-100', '-100', '-100', '-100', '-100', '-100', '-100', '-100', '-100', '-100', '-100', '-100', '-100', '-100', '-100', '-100', '-100', '-100', '-100', '-100', '-100', '-100', '-100', '-100', '-100', '-100', '-100', '-100', '-100', '-100', '-100', '-100', '-100', '-100', '-100', '-100', '-100', '-100', '-100', '-100', '-100', '-100', '-100', '-100', '-100', '-100', '-100', '-100', '-100', '-100', '-100', '-100', '-100', '-100', '-100', '-100', '-100', '-100', '-100', '-100', '-100', '-100', '-100', '-100', '-100', '-100', '-100', '-100', '-100', '-100', '-100', '-100', '-100', '-100', '-100', '-100', '-100', '-100', '-100', '-100', '-100', '-100', '-100', '-100', '-100', '-100', '-100', '-100', '-100', '-100', '-100', '-100', '-100', '-100', '-100', '-100', '-100', '-100', '-100', '-100', '-100', '-100', '-100', '-100', '-100', '-100', '-100', '-100', '-100', '-100', '-100', '-100', '-100', '-100', '-100', '-100', '-100', '-100', '-100', '-100', '-100', '-100', '-100', '-100', '-100', '-100', '-100', '-100', '-100', '-100', '-100', '-100', '-100', '-100', '-100', '-100', '-100', '-100', '-100', '-100', '-100', '-100', '-100', '-100', '-100', '-100', '-100', '-100', '-100', '-100', '-100', '-100', '-100', '-100', '-100', '-100', '-100', '-100', '-100', '-100', '-100', '-100', '-100', '-100', '-100', '-100', '-100', '-100', '-100', '-100', '-100', '-100', '-100', '-100', '-100', '-100', '-100', '-100', '-100', '-100', '-100', '-100', '-100', '-100', '-100', '-100', '-100', '-100', '-100', '-100', '-100', '-100', '-100', '-100', '-100', '-100', '-100', '-100', '-100', '-100', '-100', '-100', '-100', '-100', '-100', '-100', '-100', '-100', '-100', '-100', '-100', '-100', '-100', '-100', '-100', '-100', '-100', '-100', '-100', '-100', '-100', '-100', '-100', '-100', '-100', '-100', '-100', '-100', '-100', '-100', '-100', '-100', '-100', '-100', '-100', '-100', '-100', '-100', '-100', '-100', '-100', '-100', '-100', '-100', '-100', '-100', '-100', '-100', '-100', '-100', '-100', '-100', '-100', '-100', '-100', '-100', '-100', '-100', '-100', '-100', '-100', '-100', '-100', '-100', '-100', '-100', '-100', '-100', '-100', '-100', '-100', '-100', '-100', '-100', '-100', '-100', '-100', '-100', '-100', '-100', '-100', '-100', '-100', '-100', '-100', '-100', '-100', '-100', '-100', '-100', '-100', '-100', '-100', '-100', '-100', '-100', '-100', '-100', '-100', '-100', '-100', '-100', '-100', '-100', '-100', '-100', '-100', '-100', '-100', '-100', '-100', '-100', '-100', '-100', '-100', '-100', '-100', '-100', '-100', '-100', '-100', '-100', '-100', '-100', '-100', '-100', '-100', '-100', '-100', '-100', '-100', '-100', '-100', '-100', '-100', '-100', '-100', '-100', '-100', '-100', '-100', '-100', '-100', '-100', '-100', '-100', '-100', '-100', '-100', '-100', '-100', '-100', '-100', '-100', '-100', '-100', '-100', '-100', '-100', '-100', '-100', '-100', '-100', '-100', '-100', '-100', '-100', '-100', '-100', '-100', '-100', '-100', '-100', '-100', '-100', '-100', '-100', '-100', '-100', '-100', '-100', '-100', '-100', '-100', '-100', '-100', '-100', '-100', '-100', '-100', '-100', '-100', '-100', '-100', '-100', '-100', '-100', '-100', '-100', '-100', '-100', '-100', '-100', '-100', '-100', '-100', '-100', '-100', '-100', '-100', '-100', '-100', '-100', '-100', '-100', '-100', '-100', '-100', '-100', '-100', '-100', '-100', '-100', '-100', '-100', '-100', '-100', '-100', '-100', '-100', '-100', '-100', '-100', '-100', '-100', '-100', '-100', '-100', '-100', '-100', '-100', '-100', '-100', '-100', '-100', '-100', '-100', '-100', '-100', '-100', '-100', '-100', '-100', '-100', '-100', '-100', '-100', '-100', '-100', '-100', '-100', '-100', '-100', '-100', '-100', '-100', '-100', '-100', '-100', '-100', '-100', '-100', '-100', '-100', '-100', '-100', '-100', '-100', '-100', '-100', '-100', '-100', '-100', '-100', '-100', '-100', '-100', '-100', '-100', '-100', '-100', '-100', '-100', '-100', '-100', '-100', '-100', '-100', '-100', '-100', '-100', '-100', '-100', '-100', '-100', '-100', '-100', '-100', '-100', '-100', '-100', '-100', '-100', '-100', '-100', '-100', '-100', '-100', '-100', '-100', '-100', '-100', '-100', '-100', '-100', '-100', '-100', '-100', '-100', '-100', '-100', '-100', '-100', '-100', '-100', '-100', '-100', '-100', '-100', '-100', '-100', '-100', '-100', '-100', '-100', '-100', '-100', '-100', '-100', '-100', '-100', '-100', '-100', '-100', '-100', '-100', '-100', '-100', '-100', '-100', '-100', '-100', '-100', '-100', '-100', '-100', '-100', '-100', '-100', '-100', '-100', '-100', '-100', '-100', '-100', '-100', '-100', '-100', '-100', '-100', '-100', '-100', '-100', '-100', '-100', '-100', '-100', '-100', '-100', '-100', '-100', '-100', '-100', '-100', '-100', '-100', '-100', '-100', '-100', '-100', '-100', '-100', '-100', '-100', '-100', '-100', '-100', '-100', '-100', '-100', '-100', '-100', '-100', '-100', '-100', '-100', '-100', '-100', '-100', '-100', '-100', '-100', '-100', '-100', '-100', '-100', '-100', '-100', '-100', '-100', '-100', '-100', '-100', '-100', '-100', '-100', '-100', '-100', '-100', '-100', '-100', '-100', '-100', '-100', '-100', '-100', '-100', '-100', '-100', '-100', '-100', '-100', '-100', '-100', '-100', '-100', '-100', '-100', '-100', '-100', '-100', '-100', '-100', '-100', '-100', '-100', '-100', '-100', '-100', '-100', '-100', '-100', '-100', '-100', '-100', '-100', '-100', '-100', '-100', '-100', '-100', '-100', '-100', '-100', '-100', '-100', '-100', '-100', '-100', '-100', '-100', '-100', '-100', '-100', '-100', '-100', '-100', '-100', '-100', '-100', '-100', '-100', '-100', '-100', '-100', '-100', '-100', '-100', '-100', '-100', '-100', '-100', '-100', '-100', '-100', '-100', '-100', '-100', '-100', '-100', '-100', '-100', '-100', '-100', '-100', '-100', '-100', '-100', '-100', '-100', '-100', '-100', '-100', '-100', '-100', '-100', '-100', '-100', '-100', '-100', '-100', '-100', '-100', '-100', '-100', '-100', '-100', '-100', '-100', '-100', '-100', '-100', '-100', '-100', '-100', '-100', '-100', '-100', '-100', '-100', '-100', '-100', '-100', '-100', '-100', '-100', '-100', '-100', '-100', '-100', '-100', '-100', '-100', '-100', '-100', '-100', '-100', '-100', '-100', '-100', '-100', '-100', '-100', '-100', '-100', '-100', '-100', '-100', '-100', '-100', '-100', '-100', '-100', '-100', '-100', '-100', '-100', '-100', '-100', '-100', '-100', '-100', '-100', '-100', '-100', '-100', '-100', '-100', '-100', '-100', '-100', '-100', '-100', '-100', '-100', '-100', '-100', '-100', '-100', '-100', '-100', '-100', '-100', '-100', '-100', '-100', '-100', '-100', '-100', '-100', '-100', '-100', '-100', '-100', '-100', '-100', '-100', '-100', '-100', '-100', '-100', '-100', '-100', '-100', '-100', '-100', '-100', '-100', '-100', '-100', '-100', '-100', '-100', '-100', '-100', '-100', '-100', '-100', '-100', '-100', '-100', '-100', '-100', '-100', '-100', '-100', '-100', '-100', '-100', '-100', '-100', '-100', '-100', '-100', '-100', '-100', '-100', '-100', '-100', '-100', '-100', '-100', '-100', '-100', '-100', '-100', '-100', '-100', '-100', '-100', '-100', '-100', '-100', '-100', '-100', '-100', '-100', '-100', '-100', '-100', '-100', '-100', '-100', '-100', '-100', '-100', '-100', '-100', '-100', '-100', '-100', '-100', '-100', '-100', '-100', '-100', '-100', '-100', '-100', '-100', '-100', '-100', '-100', '-100', '-100', '-100', '-100', '-100', '-100', '-100', '-100', '-100', '-100', '-100', '-100', '-100', '-100', '-100', '-100', '-100', '-100', '-100', '-100', '-100', '-100', '-100', '-100', '-100', '-100', '-100', '-100', '-100', '-100', '-100', '-100', '-100', '-100', '-100', '-100', '-100', '-100', '-100', '-100', '-100', '-100', '-100', '-100', '-100', '-100', '-100', '-100', '-100', '-100', '-100', '-100', '-100', '-100', '-100', '-100', '-100', '-100', '-100', '-100', '-100', '-100', '-100', '-100', '-100', '-100', '-100', '-100', '-100', '-100', '-100', '-100', '-100', '-100', '-100', '-100', '-100', '-100', '-100', '-100', '-100', '-100', '-100', '-100', '-100', '-100', '-100', '-100', '-100', '-100', '-100', '-100', '-100', '-100', '-100', '-100', '-100', '-100', '-100', '-100', '-100', '-100', '-100', '-100', '-100', '-100', '-100', '-100', '-100', '-100', '-100', '-100', '-100', '-100', '-100', '-100', '-100', '-100', '-100', '-100', '-100', '-100', '-100', '-100', '-100', '-100', '-100', '-100', '-100', '-100', '-100', '-100', '-100', '-100', '-100', '-100', '-100', '-100', '-100', '-100', '-100', '-100', '-100', '-100', '-100', '-100', '-100', '-100', '-100', '-100', '-100', '-100', '-100', '-100', '-100', '-100', '-100', '-100', '-100', '-100', '-100', '-100', '-100', '-100', '-100', '-100', '-100', '-100', '-100', '-100', '-100', '-100', '-100', '-100', '-100', '-100', '-100', '-100', '-100', '-100', '-100', '-100', '-100', '-100', '-100', '-100', '-100', '-100', '-100', '-100', '-100', '-100', '-100', '-100', '-100', '-100', '-100', '-100', '-100', '-100', '-100', '-100', '-100', '-100', '-100', '-100', '-100', '-100', '-100', '-100', '-100', '-100', '-100', '-100', '-100', '-100', '-100', '-100', '-100', '-100', '-100', '-100', '-100', '-100', '-100', '-100', '-100', '-100', '-100', '-100', '-100', '-100', '-100', '-100', '-100', '-100', '-100', '-100', '-100', '-100', '-100', '-100', '-100', '-100', '-100', '-100', '-100', '-100', '-100', '-100', '-100', '-100', '-100', '-100', '-100', '-100', '-100', '-100', '-100', '-100', '-100', '-100', '-100', '-100', '-100', '-100', '-100', '-100', '-100', '-100', '-100', '-100', '-100', '-100', '-100', '-100', '-100', '-100', '-100', '-100', '-100', '-100', '-100', '-100', '-100', '-100', '-100', '-100', '-100', '-100', '-100', '-100', '-100', '-100', '-100', '-100', '-100', '-100', '-100', '-100', '-100', '-100', '-100', '-100', '-100', '-100', '-100', '-100', '-100', '-100', '-100', '-100', '-100', '-100', '-100', '-100', '-100', '-100', '-100', '-100', '-100', '-100', '-100', '-100', '-100', '-100', '-100', '-100', '-100', '-100', '-100', '-100', '-100', '-100', '-100', '-100', '-100', '-100', '-100', '-100', '-100', '-100', '-100', '-100', '-100', '-100', '-100', '-100', '-100', '-100', '-100', '-100', '-100', '-100', '-100', '-100', '-100', '-100', '-100', '-100', '-100', '-100', '-100', '-100', '-100', '-100', '-100', '-100', '-100', '-100', '-100', '-100', '-100', '-100', '-100', '-100', '-100', '-100', '-100', '-100', '-100', '-100', '-100', '-100', '-100', '-100', '-100', '-100', '-100', '-100', '-100', '-100', '-100', '-100', '-100', '-100', '-100', '-100', '-100', '-100', '-100', '-100', '-100', '-100', '-100', '-100', '-100', '-100', '-100', '-100', '-100', '-100', '-100', '-100', '-100', '-100', '-100', '-100', '-100', '-100', '-100', '-100', '-100', '-100', '-100', '-100', '-100', '-100', '-100', '-100', '-100', '-100', '-100', '-100', '-100', '-100', '-100', '-100', '-100', '-100', '-100', '-100', '-100', '-100', '-100', '-100', '-100', '-100', '-100', '-100', '-100', '-100', '-100', '-100', '-100', '-100', '-100', '-100', '-100', '-100', '-100', '-100', '-100', '-100', '-100', '-100', '-100', '-100', '-100', '-100', '-100', '-100', '-100', '-100', '-100', '-100', '-100', '-100', '-100', '-100', '-100', '-100', '-100', '-100', '-100', '-100', '-100', '-100', '-100', '-100', '-100', '-100', '-100', '-100', '-100', '-100', '-100', '-100', '-100', '-100', '-100', '-100', '-100', '-100', '-100', '-100', '-100', '-100', '-100', '-100', '-100', '-100', '-100', '-100', '-100', '-100', '-100', '-100', '-100', '-100', '-100', '-100', '-100', '-100', '-100', '-100', '-100', '-100', '-100', '-100', '-100', '-100', '-100', '-100', '-100', '-100', '-100', '-100', '-100', '-100', '-100', '-100', '-100', '-100', '-100', '-100', '-100', '-100', '-100', '-100', '-100', '-100', '-100', '-100', '-100', '-100', '-100', '-100', '-100', '-100', '-100', '-100', '-100', '-100', '-100', '-100', '-100', '-100', '-100', '-100', '-100', '-100', '-100', '-100', '-100', '-100', '-100', '-100', '-100', '-100', '-100', '-100', '-100', '-100', '-100', '-100', '-100', '-100', '-100', '-100', '-100', '-100', '-100', '-100', '-100', '-100', '-100', '-100', '-100', '-100', '-100', '-100', '-100', '-100', '-100', '-100', '-100', '-100', '-100', '-100', '-100', '-100', '-100', '-100', '-100', '-100', '-100', '-100', '-100', '-100', '-100', '-100', '-100', '-100', '-100', '-100', '-100', '-100', '-100', '-100', '-100', '-100', '-100', '-100', '-100', '-100', '-100', '-100', '-100', '-100', '-100', '-100', '-100', '-100', '-100', '-100', '-100', '-100', '-100', '-100', '-100', '-100', '-100', '-100', '-100', '-100', '-100', '-100', '-100', '-100', '-100', '-100', '-100', '-100', '-100', '-100', '-100', '-100', '-100', '-100', '-100', '-100', '-100', '-100', '-100', '-100', '-100', '-100', '-100', '-100', '-100', '-100', '-100', '-100', '-100', '-100', '-100', '-100', '-100', '-100', '-100', '-100', '-100', '-100', '-100', '-100', '-100', '-100', '-100', '-100', '-100', '-100', '-100', '-100', '-100', '-100', '-100', '-100', '-100', '-100', '-100', '-100', '-100', '-100', '-100', '-100', '-100', '-100', '-100', '-100', '-100', '-100', '-100', '-100', '-100', '-100', '-100', '-100', '-100', '-100', '-100', '-100', '-100', '-100', '-100', '-100', '-100', '-100', '-100', '-100', '-100', '-100', '-100', '-100', '-100', '-100', '-100', '-100', '-100', '-100', '-100', '-100', '-100', '-100', '-100', '-100', '-100', '-100', '-100', '-100', '-100', '-100', '-100', '-100', '-100', '-100', '-100', '-100', '-100', '-100', '-100', '-100', '-100', '-100', '-100', '-100', '-100', '-100', '-100', '-100', '-100', '-100', '-100', '-100', '-100', '-100', '-100', '-100', '-100', '-100', '-100', '-100', '-100', '-100', '-100', '-100', '-100', '-100', '-100', '-100', '-100', '-100', '-100', '-100', '-100', '-100', '-100', '-100', '-100', '-100', '-100', '-100', '-100', '-100', '-100', '-100', '-100', '-100', '-100', '-100', '-100', '-100', '-100', '-100', '-100', '-100', '-100', '-100', '-100', '-100', '-100', '-100', '-100', '-100', '-100', '-100', '-100', '-100', '-100', '-100', '-100', '-100', '-100', '-100', '-100', '-100', '-100', '-100', '-100', '-100', '-100', '-100', '-100', '-100', '-100', '-100', '-100', '-100', '-100', '-100', '-100', '-100', '-100', '-100', '-100', '-100', '-100', '-100', '-100', '-100', '-100', '-100', '-100', '-100', '-100', '-100', '-100', '-100', '-100', '-100', '-100', '-100', '-100', '-100', '-100', '-100', '-100', '-100', '-100', '-100', '-100', '-100', '-100', '-100', '-100', '-100', '-100', '-100', '-100', '-100', '-100', '-100', '-100', '-100', '-100', '-100', '-100', '-100', '-100', '-100', '-100', '-100', '-100', '-100', '-100', '-100', '-100', '-100', '-100', '-100', '-100', '-100', '-100', '-100', '-100', '-100', '-100', '-100', '-100', '-100', '-100', '-100', '-100', '-100', '-100', '-100', '-100', '-100', '-100', '-100', '-100', '-100', '-100', '-100', '-100', '-100', '-100', '-100', '-100', '-100', '-100', '-100', '-100', '-100', '-100', '-100', '-100', '-100', '-100', '-100', '-100', '-100', '-100', '-100', '-100', '-100', '-100', '-100', '-100', '-100', '-100', '-100', '-100', '-100', '-100', '-100', '-100', '-100', '-100', '-100', '-100', '-100', '-100', '-100', '-100', '-100', '-100', '-100', '-100', '-100', '-100', '-100', '-100', '-100', '-100', '-100', '-100', '-100', '-100', '-100', '-100', '-100', '-100', '-100', '-100', '-100', '-100', '-100', '-100', '-100', '-100', '-100', '-100', '-100', '-100', '-100', '-100', '-100', '-100', '-100', '-100', '-100', '-100', '-100', '-100', '-100', '-100', '-100', '-100', '-100', '-100', '-100', '-100', '-100', '-100', '-100', '-100', '-100', '-100', '-100', '-100', '-100', '-100', '-100', '-100', '-100', '-100', '-100', '-100', '-100', '-100', '-100', '-100', '-100', '-100', '-100', '-100', '-100', '-100', '-100', '-100', '-100', '-100', '-100', '-100', '-100', '-100', '-100', '-100', '-100', '-100', '-100', '-100', '-100', '-100', '-100', '-100', '-100', '-100', '-100', '-100', '-100', '-100', '-100', '-100', '-100', '-100', '-100', '-100', '-100', '-100', '-100', '-100', '-100', '-100', '-100', '-100', '-100', '-100', '-100', '-100', '-100', '-100', '-100', '-100', '-100', '-100', '-100', '-100', '-100', '-100', '-100', '-100', '-100', '-100', '-100', '-100', '-100', '-100', '-100', '-100', '-100', '-100', '-100', '-100', '-100', '-100', '-100', '-100', '-100', '-100', '-100', '-100', '-100', '-100', '-100', '-100', '-100', '-100', '-100', '-100', '-100', '-100', '-100', '-100', '-100', '-100', '-100', '-100', '-100', '-100', '-100', '-100', '-100', '-100', '-100', '-100', '-100', '-100', '-100', '-100', '-100', '-100', '-100', '-100', '-100', '-100', '-100', '-100', '-100', '-100', '-100', '-100', '-100', '-100', '-100', '-100', '-100', '-100', '-100', '-100', '-100', '-100', '-100', '-100', '-100', '-100', '-100', '-100', '-100', '-100', '-100', '-100', '-100', '-100', '-100', '-100', '-100', '-100', '-100', '-100', '-100', '-100', '-100', '-100', '-100', '-100', '-100', '-100', '-100', '-100', '-100', '-100', '-100', '-100', '-100', '-100', '-100', '-100', '-100', '-100', '-100', '-100', '-100', '-100', '-100', '-100', '-100', '-100', '-100', '-100', '-100', '-100', '-100', '-100', '-100', '-100', '-100', '-100', '-100', '-100', '-100', '-100', '-100', '-100', '-100', '-100', '-100', '-100', '-100', '-100', '-100', '-100', '-100', '-100', '-100', '-100', '-100', '-100', '-100', '-100', '-100', '-100', '-100', '-100', '-100', '-100', '-100', '-100', '-100', '-100', '-100', '-100', '-100', '-100', '-100', '-100', '-100', '-100', '-100', '-100', '-100', '-100', '-100', '-100', '-100', '-100', '-100', '-100', '-100', '-100', '-100', '-100', '-100', '-100', '-100', '-100', '-100', '-100', '-100', '-100', '-100', '-100', '-100', '-100', '-100', '-100', '-100', '-100', '-100', '-100', '-100', '-100', '-100', '-100', '-100', '-100', '-100', '-100', '-100', '-100', '-100', '-100', '-100', '-100', '-100', '-100', '-100', '-100', '-100', '-100', '-100', '-100', '-100', '-100', '-100', '-100', '-100', '-100', '-100', '-100', '-100', '-100', '-100', '-100', '-100', '-100', '-100', '-100', '-100', '-100', '-100', '-100', '-100', '-100', '-100', '-100', '-100', '-100', '-100', '-100', '-100', '-100', '-100', '-100', '-100', '-100', '-100', '-100', '-100', '-100', '-100', '-100', '-100', '-100', '-100', '-100', '-100', '-100', '-100', '-100', '-100', '-100', '-100', '-100', '-100', '-100', '-100', '-100', '-100', '-100', '-100', '-100', '-100', '-100', '-100', '-100', '-100', '-100', '-100', '-100', '-100', '-100', '-100', '-100', '-100', '-100', '-100', '-100', '-100', '-100', '-100', '-100', '-100', '-100', '-100', '-100', '-100', '-100', '-100', '-100', '-100', '-100', '-100', '-100', '-100', '-100', '-100', '-100', '-100', '-100', '-100', '-100', '-100', '-100', '-100', '-100', '-100', '-100', '-100', '-100', '-100', '-100', '-100', '-100', '-100', '-100', '-100', '-100', '-100', '-100', '-100', '-100', '-100', '-100', '-100', '-100', '-100', '-100', '-100', '-100', '-100', '-100', '-100', '-100', '-100', '-100', '-100', '-100', '-100', '-100', '-100', '-100', '-100', '-100', '-100', '-100', '-100', '-100', '-100', '-100', '-100', '-100', '-100', '-100', '-100', '-100', '-100', '-100', '-100', '-100', '-100', '-100', '-100', '-100', '-100', '-100', '-100', '-100', '-100', '-100', '-100', '-100', '-100', '-100', '-100', '-100', '-100', '-100', '-100', '-100', '-100', '-100', '-100', '-100', '-100', '-100', '-100', '-100', '-100', '-100', '-100', '-100', '-100', '-100', '-100', '-100', '-100', '-100', '-100', '-100', '-100', '-100', '-100', '-100', '-100', '-100', '-100', '-100', '-100', '-100', '-100', '-100', '-100', '-100', '-100', '-100', '-100', '-100', '-100', '-100', '-100', '-100', '-100', '-100', '-100', '-100', '-100', '-100', '-100', '-100', '-100', '-100', '-100', '-100', '-100', '-100', '-100', '-100', '-100', '-100', '-100', '-100', '-100', '-100', '-100', '-100', '-100', '-100', '-100', '-100', '-100', '-100', '-100', '-100', '-100', '-100', '-100', '-100', '-100', '-100', '-100', '-100', '-100', '-100', '-100', '-100', '-100', '-100', '-100', '-100', '-100', '-100', '-100', '-100', '-100', '-100', '-100', '-100', '-100', '-100', '-100', '-100', '-100', '-100', '-100', '-100', '-100', '-100', '-100', '-100', '-100', '-100', '-100', '-100', '-100', '-100', '-100', '-100', '-100', '-100', '-100', '-100', '-100', '-100', '-100', '-100', '-100', '-100', '-100', '-100', '-100', '-100', '-100', '-100', '-100', '-100', '-100', '-100', '-100', '-100', '-100', '-100', '-100', '-100', '-100', '-100', '-100', '-100', '-100', '-100', '-100', '-100', '-100', '-100', '-100', '-100', '-100', '-100', '-100', '-100', '-100', '-100', '-100', '-100', '-100', '-100', '-100', '-100', '-100', '-100', '-100', '-100', '-100', '-100', '-100', '-100', '-100', '-100', '-100', '-100', '-100', '-100', '-100', '-100', '-100', '-100', '-100', '-100', '-100', '-100', '-100', '-100', '-100', '-100', '-100', '-100', '-100', '-100', '-100', '-100', '-100', '-100', '-100', '-100', '-100', '-100', '-100', '-100', '-100', '-100', '-100', '-100', '-100', '-100']","['Brighter', 'Brighter', 'Brighter', 'Brighter', 'Brighter', 'Brighter', 'Brighter', 'Brighter', 'Brighter', 'Brighter', 'Brighter', 'Brighter', 'Brighter', 'Brighter', 'Brighter', 'Brighter', 'Brighter', 'Brighter', 'Brighter', 'Brighter', 'Brighter', 'Brighter', 'Brighter', 'Brighter', 'Brighter', 'Brighter', 'Brighter', 'Brighter', 'Brighter', 'Brighter', 'Brighter', 'Brighter', 'Brighter', 'Brighter', 'Brighter', 'Brighter', 'Brighter', 'Brighter', 'Brighter', 'Brighter', 'Brighter', 'Brighter', 'Brighter', 'Brighter', 'Brighter', 'Brighter', 'Brighter', 'Brighter', 'Brighter', 'Brighter', 'Brighter', 'Brighter', 'Brighter', 'Brighter', 'Brighter', 'Brighter', 'Brighter', 'Brighter', 'Brighter', 'Brighter', 'Brighter', 'Brighter', 'Brighter', 'Brighter', 'Brighter', 'Brighter', 'Brighter', 'Brighter', 'Brighter', 'Brighter', 'Brighter', 'Brighter', 'Brighter', 'Brighter', 'Brighter', 'Brighter', 'Brighter', 'Brighter', 'Brighter', 'Brighter', 'Brighter', 'Brighter', 'Brighter', 'Brighter', 'Brighter', 'Brighter', 'Brighter', 'Brighter', 'Brighter', 'Brighter', 'Brighter', 'Brighter', 'Brighter', 'Brighter', 'Brighter', 'Brighter', 'Brighter', 'Brighter', 'Brighter', 'Brighter', 'Brighter', 'Brighter', 'Brighter', 'Brighter', 'Brighter', 'Brighter', 'Brighter', 'Brighter', 'Brighter', 'Brighter', 'Brighter', 'Brighter', 'Brighter', 'Brighter', 'Brighter', 'Brighter', 'Brighter', 'Brighter', 'Brighter', 'Brighter', 'Brighter', 'Brighter', 'Brighter', 'Brighter', 'Brighter', 'Brighter', 'Brighter', 'Brighter', 'Brighter', 'Brighter', 'Brighter', 'Brighter', 'Brighter', 'Brighter', 'Brighter', 'Brighter', 'Brighter', 'Brighter', 'Brighter', 'Brighter', 'Brighter', 'Brighter', 'Brighter', 'Brighter', 'Brighter', 'Brighter', 'Brighter', 'Brighter', 'Brighter', 'Brighter', 'Brighter', 'Brighter', 'Brighter', 'Brighter', 'Brighter', 'Brighter', 'Brighter', 'Brighter', 'Brighter', 'Brighter', 'Brighter', 'Brighter', 'Brighter', 'Brighter', 'Brighter', 'Brighter', 'Brighter', 'Brighter', 'Brighter', 'Brighter', 'Brighter', 'Brighter', 'Brighter', 'Brighter', 'Brighter', 'Brighter', 'Brighter', 'Brighter', 'Brighter', 'Brighter', 'Brighter', 'Brighter', 'Brighter', 'Brighter', 'Brighter', 'Brighter', 'Brighter', 'Brighter', 'Brighter', 'Brighter', 'Brighter', 'Brighter', 'Brighter', 'Brighter', 'Brighter', 'Brighter', 'Brighter', 'Brighter', 'Brighter', 'Brighter', 'Brighter', 'Brighter', 'Brighter', 'Brighter', 'Brighter', 'Brighter', 'Brighter', 'Brighter', 'Brighter', 'Brighter', 'Brighter', 'Brighter', 'Brighter', 'Brighter', 'Brighter', 'Brighter', 'Brighter', 'Brighter', 'Brighter', 'Brighter', 'Brighter', 'Brighter', 'Brighter', 'Brighter', 'Brighter', 'Brighter', 'Brighter', 'Brighter', 'Brighter', 'Brighter', 'Brighter', 'Brighter', 'Brighter', 'Brighter', 'Brighter', 'Brighter', 'Brighter', 'Brighter', 'Brighter', 'Brighter', 'Brighter', 'Brighter', 'Brighter', 'Brighter', 'Brighter', 'Brighter', 'Brighter', 'Brighter', 'Brighter', 'Brighter', 'Brighter', 'Brighter', 'Brighter', 'Brighter', 'Brighter', 'Brighter', 'Brighter', 'Brighter', 'Brighter', 'Brighter', 'Brighter', 'Brighter', 'Brighter', 'Brighter', 'Brighter', 'Brighter', 'Brighter', 'Brighter', 'Brighter', 'Brighter', 'Brighter', 'Brighter', 'Brighter', 'Brighter', 'Brighter', 'Brighter', 'Brighter', 'Brighter', 'Brighter', 'Brighter', 'Brighter', 'Brighter', 'Brighter', 'Brighter', 'Brighter', 'Brighter', 'Brighter', 'Brighter', 'Brighter', 'Brighter', 'Brighter', 'Brighter', 'Brighter', 'Brighter', 'Brighter', 'Brighter', 'Brighter', 'Brighter', 'Brighter', 'Brighter', 'Brighter', 'Brighter', 'Brighter', 'Brighter', 'Brighter', 'Brighter', 'Brighter', 'Brighter', 'Brighter', 'Brighter', 'Brighter', 'Brighter', 'Brighter', 'Brighter', 'Brighter', 'Brighter', 'Brighter', 'Brighter', 'Brighter', 'Brighter', 'Brighter', 'Brighter', 'Brighter', 'Brighter', 'Brighter', 'Brighter', 'Brighter', 'Brighter', 'Brighter', 'Brighter', 'Brighter', 'Brighter', 'Brighter', 'Brighter', 'Brighter', 'Brighter', 'Brighter', 'Brighter', 'Brighter', 'Brighter', 'Brighter', 'Brighter', 'Brighter', 'Brighter', 'Brighter', 'Brighter', 'Brighter', 'Brighter', 'Brighter', 'Brighter', 'Brighter', 'Brighter', 'Brighter', 'Brighter', 'Brighter', 'Brighter', 'Brighter', 'Brighter', 'Brighter', 'Brighter', 'Brighter', 'Brighter', 'Brighter', 'Brighter', 'Brighter', 'Brighter', 'Brighter', 'Brighter', 'Brighter', 'Brighter', 'Brighter', 'Brighter', 'Brighter', 'Brighter', 'Brighter', 'Brighter', 'Brighter', 'Brighter', 'Brighter', 'Brighter', 'Brighter', 'Brighter', 'Brighter', 'Brighter', 'Brighter', 'Brighter', 'Brighter', 'Brighter', 'Brighter', 'Brighter', 'Brighter', 'Brighter', 'Brighter', 'Brighter', 'Brighter', 'Brighter', 'Brighter', 'Brighter', 'Brighter', 'Brighter', 'Brighter', 'Brighter', 'Brighter', 'Brighter', 'Brighter', 'Brighter', 'Brighter', 'Brighter', 'Brighter', 'Brighter', 'Brighter', 'Brighter', 'Brighter', 'Brighter', 'Brighter', 'Brighter', 'Brighter', 'Brighter', 'Brighter', 'Brighter', 'Brighter', 'Brighter', 'Brighter', 'Brighter', 'Brighter', 'Brighter', 'Brighter', 'Brighter', 'Brighter', 'Brighter', 'Brighter', 'Brighter', 'Brighter', 'Brighter', 'Brighter', 'Brighter', 'Brighter', 'Brighter', 'Darker', 'Darker', 'Darker', 'Darker', 'Darker', 'Darker', 'Darker', 'Darker', 'Darker', 'Darker', 'Darker', 'Darker', 'Darker', 'Darker', 'Darker', 'Darker', 'Darker', 'Darker', 'Darker', 'Darker', 'Darker', 'Darker', 'Darker', 'Darker', 'Darker', 'Darker', 'Darker', 'Darker', 'Darker', 'Darker', 'Darker', 'Darker', 'Darker', 'Darker', 'Darker', 'Darker', 'Darker', 'Darker', 'Darker', 'Darker', 'Darker', 'Darker', 'Darker', 'Darker', 'Darker', 'Darker', 'Darker', 'Darker', 'Darker', 'Darker', 'Darker', 'Darker', 'Darker', 'Darker', 'Darker', 'Darker', 'Darker', 'Darker', 'Darker', 'Darker', 'Darker', 'Darker', 'Darker', 'Darker', 'Darker', 'Darker', 'Darker', 'Darker', 'Darker', 'Darker', 'Darker', 'Darker', 'Darker', 'Darker', 'Darker', 'Darker', 'Darker', 'Darker', 'Darker', 'Darker', 'Darker', 'Darker', 'Darker', 'Darker', 'Darker', 'Darker', 'Darker', 'Darker', 'Darker', 'Darker', 'Darker', 'Darker', 'Darker', 'Darker', 'Darker', 'Darker', 'Darker', 'Darker', 'Darker', 'Darker', 'Darker', 'Darker', 'Darker', 'Darker', 'Darker', 'Darker', 'Darker', 'Darker', 'Darker', 'Darker', 'Darker', 'Darker', 'Darker', 'Darker', 'Darker', 'Darker', 'Darker', 'Darker', 'Darker', 'Darker', 'Darker', 'Darker', 'Darker', 'Darker', 'Darker', 'Darker', 'Darker', 'Darker', 'Darker', 'Darker', 'Darker', 'Darker', 'Darker', 'Darker', 'Darker', 'Darker', 'Darker', 'Darker', 'Darker', 'Darker', 'Darker', 'Darker', 'Darker', 'Darker', 'Darker', 'Darker', 'Darker', 'Darker', 'Darker', 'Darker', 'Darker', 'Darker', 'Darker', 'Darker', 'Darker', 'Darker', 'Darker', 'Darker', 'Darker', 'Darker', 'Darker', 'Darker', 'Darker', 'Darker', 'Darker', 'Darker', 'Darker', 'Darker', 'Darker', 'Darker', 'Darker', 'Darker', 'Darker', 'Darker', 'Darker', 'Darker', 'Darker', 'Darker', 'Darker', 'Darker', 'Darker', 'Darker', 'Darker', 'Darker', 'Darker', 'Darker', 'Darker', 'Darker', 'Darker', 'Darker', 'Darker', 'Darker', 'Darker', 'Darker', 'Darker', 'Darker', 'Darker', 'Darker', 'Darker', 'Darker', 'Darker', 'Darker', 'Darker', 'Darker', 'Darker', 'Darker', 'Darker', 'Darker', 'Darker', 'Darker', 'Darker', 'Darker', 'Darker', 'Darker', 'Darker', 'Darker', 'Darker', 'Darker', 'Darker', 'Darker', 'Darker', 'Darker', 'Darker', 'Darker', 'Darker', 'Darker', 'Darker', 'Darker', 'Darker', 'Darker', 'Darker', 'Darker', 'Darker', 'Darker', 'Darker', 'Darker', 'Darker', 'Darker', 'Darker', 'Darker', 'Darker', 'Darker', 'Darker', 'Darker', 'Darker', 'Darker', 'Darker', 'Darker', 'Darker', 'Darker', 'Darker', 'Darker', 'Darker', 'Darker', 'Darker', 'Darker', 'Darker', 'Darker', 'Darker', 'Darker', 'Darker', 'Darker', 'Darker', 'Darker', 'Darker', 'Darker', 'Darker', 'Darker', 'Darker', 'Darker', 'Darker', 'Darker', 'Darker', 'Darker', 'Darker', 'Darker', 'Darker', 'Darker', 'Darker', 'Darker', 'Darker', 'Darker', 'Darker', 'Darker', 'Darker', 'Darker', 'Darker', 'Darker', 'Darker', 'Darker', 'Darker', 'Darker', 'Darker', 'Darker', 'Darker', 'Darker', 'Darker', 'Darker', 'Darker', 'Darker', 'Darker', 'Darker', 'Darker', 'Darker', 'Darker', 'Darker', 'Darker', 'Darker', 'Darker', 'Darker', 'Darker', 'Darker', 'Darker', 'Darker', 'Darker', 'Darker', 'Darker', 'Darker', 'Darker', 'Darker', 'Darker', 'Darker', 'Darker', 'Darker', 'Darker', 'Darker', 'Darker', 'Darker', 'Darker', 'Darker', 'Darker', 'Darker', 'Darker', 'Darker', 'Darker', 'Darker', 'Darker', 'Darker', 'Darker', 'Darker', 'Darker', 'Darker', 'Darker', 'Darker', 'Darker', 'Darker', 'Darker', 'Darker', 'Darker', 'Darker', 'Darker', 'Darker', 'Darker', 'Darker', 'Darker', 'Darker', 'Darker', 'Darker', 'Darker', 'Darker', 'Darker', 'Darker', 'Darker', 'Darker', 'Darker', 'Darker', 'Darker', 'Darker', 'Darker', 'Darker', 'Darker', 'Darker', 'Darker', 'Darker', 'Darker', 'Darker', 'Darker', 'Darker', 'Darker', 'Darker', 'Darker', 'Darker', 'Darker', 'Darker', 'Darker', 'Darker', 'Darker', 'Darker', 'Darker', 'Darker', 'Darker', 'Darker', 'Darker', 'Darker', 'Darker', 'Darker', 'Darker', 'Darker', 'Darker', 'Darker', 'Darker', 'Darker', 'Darker', 'Darker', 'Darker', 'Darker', 'Darker', 'Darker', 'Darker', 'Darker', 'Darker', 'Darker', 'Darker', 'Darker', 'Darker', 'Darker', 'Darker', 'Darker', 'Darker', 'Darker', 'Darker', 'Darker', 'Darker', 'Darker', 'Darker', 'Darker', 'Darker', 'Darker', 'Darker', 'Darker', 'Darker', 'Darker', 'Darker', 'Darker', 'Darker', 'Darker', 'Darker', 'Darker', 'Darker', 'Darker', 'Darker', 'Darker', 'Darker', 'Darker', 'Darker', 'Darker', 'Darker', 'Darker', 'Darker', 'Darker', 'Darker', 'Darker', 'Darker', 'Darker', 'Darker', 'Darker', 'Darker', 'Darker', 'Darker', 'Darker', 'Darker', 'Darker', 'Darker', 'Darker', 'Darker', 'Darker', 'Darker', 'Darker', 'Darker', 'Darker', 'Darker', 'Darker', 'Darker', 'Darker', 'Darker', 'Darker', 'Darker', 'Darker', 'Darker', 'Darker', 'Darker', 'Darker', 'Darker', 'Darker', 'Darker', 'Darker', 'Darker', 'Darker', 'Darker', 'Darker', 'Darker', 'Darker', 'Darker', 'Darker', 'Darker', 'Darker', 'Darker', 'Darker', 'Darker', 'Darker', 'Darker', 'Darker', 'Darker', 'Darker', 'Darker', 'Darker', 'Darker', 'Darker', 'Darker', 'Darker', 'Darker', 'Darker', 'Darker', 'Darker', 'Darker', 'Darker', 'Darker', 'Darker', 'Darker', 'Darker', 'Darker', 'Darker', 'Darker', 'Darker', 'Darker', 'Darker', 'Darker', 'Darker', 'Darker', 'Darker', 'Darker', 'Darker', 'Darker', 'Darker', 'Darker', 'Darker', 'Darker', 'Darker', 'Darker', 'Darker', 'Darker', 'Darker', 'Darker', 'Darker', 'Darker', 'Darker', 'Darker', 'Darker', 'Darker', 'Darker', 'Darker', 'Darker', 'Darker', 'Darker', 'Darker', 'Darker', 'Darker', 'Darker', 'Darker', 'Darker', 'Darker', 'Darker', 'Darker', 'Darker', 'Darker', 'Darker', 'Darker', 'Darker', 'Darker', 'Darker', 'Darker', 'Darker', 'Darker', 'Darker', 'Darker', 'Darker', 'Darker', 'Darker', 'Darker', 'Darker', 'Darker', 'Darker', 'Darker', 'Darker', 'Darker', 'Darker', 'Darker', 'Darker', 'Darker', 'Darker', 'Darker', 'Darker', 'Darker', 'Darker', 'Darker', 'Darker', 'Darker', 'Darker', 'Darker', 'Darker', 'Darker', 'Darker', 'Darker', 'Darker', 'Darker', 'Darker', 'Darker', 'Darker', 'Darker', 'Darker', 'Darker', 'Darker', 'Darker', 'Darker', 'Darker', 'Darker', 'Darker', 'Darker', 'Darker', 'Darker', 'Darker', 'Darker', 'Darker', 'Darker', 'Darker', 'Darker', 'Darker', 'Darker', 'Darker', 'Darker', 'Darker', 'Darker', 'Darker', 'Darker', 'Darker', 'Darker', 'Darker', 'Darker', 'Darker', 'Darker', 'Darker', 'Darker', 'Darker', 'Darker', 'Darker', 'Darker', 'Darker', 'Darker', 'Darker', 'Darker', 'Darker', 'Darker', 'Darker', 'Darker', 'Darker', 'Darker', 'Darker', 'Darker', 'Darker', 'Darker', 'Darker', 'Darker', 'Darker', 'Darker', 'Darker', 'Darker', 'Darker', 'Darker', 'Darker', 'Darker', 'Darker', 'Darker', 'Darker', 'Darker', 'Darker', 'Darker', 'Darker', 'Darker', 'Darker', 'Darker', 'Darker', 'Darker', 'Darker', 'Darker', 'Darker', 'Darker', 'Darker', 'Darker', 'Darker', 'Darker', 'Darker', 'Darker', 'Darker', 'Darker', 'Darker', 'Darker', 'Darker', 'Darker', 'Darker', 'Darker', 'Darker', 'Darker', 'Darker', 'Darker', 'Darker', 'Darker', 'Darker', 'Darker', 'Darker', 'Darker', 'Darker', 'Darker', 'Darker', 'Darker', 'Darker', 'Darker', 'Darker', 'Darker', 'Darker', 'Darker', 'Darker', 'Darker', 'Darker', 'Darker', 'Darker', 'Darker', 'Darker', 'Darker', 'Darker', 'Darker', 'Darker', 'Darker', 'Darker', 'Darker', 'Darker', 'Darker', 'Darker', 'Darker', 'Darker', 'Darker', 'Darker', 'Darker', 'Darker', 'Darker', 'Darker', 'Darker', 'Darker', 'Darker', 'Darker', 'Darker', 'Darker', 'Darker', 'Darker', 'Darker', 'Darker', 'Darker', 'Darker', 'Darker', 'Darker', 'Darker', 'Darker', 'Darker', 'Darker', 'Darker', 'Darker', 'Darker', 'Darker', 'Darker', 'Darker', 'Darker', 'Darker', 'Darker', 'Darker', 'Darker', 'Darker', 'Darker', 'Darker', 'Darker', 'Darker', 'Darker', 'Darker', 'Darker', 'Darker', 'Darker', 'Darker', 'Darker', 'Darker', 'Darker', 'Darker', 'Darker', 'Darker', 'Darker', 'Darker', 'Darker', 'Darker', 'Darker', 'Darker', 'Darker', 'Darker', 'Darker', 'Darker', 'Darker', 'Darker', 'Darker', 'Darker', 'Darker', 'Darker', 'Darker', 'Darker', 'Darker', 'Darker', 'Darker', 'Darker', 'Darker', 'Darker', 'Darker', 'Darker', 'Darker', 'Darker', 'Darker', 'Darker', 'Darker', 'Darker', 'Darker', 'Darker', 'Darker', 'Darker', 'Darker', 'Darker', 'Darker', 'Darker', 'Darker', 'Darker', 'Darker', 'Darker', 'Darker', 'Darker', 'Darker', 'Darker', 'Darker', 'Darker', 'Darker', 'Darker', 'Darker', 'Darker', 'Darker', 'Darker', 'Darker', 'Darker', 'Darker', 'Darker', 'Darker', 'Darker', 'Darker', 'Darker', 'Darker', 'Darker', 'Darker', 'Darker', 'Darker', 'Darker', 'Darker', 'Darker', 'Darker', 'Darker', 'Darker', 'Darker', 'Darker', 'Darker', 'Darker', 'Darker', 'Darker', 'Darker', 'Darker', 'Darker', 'Darker', 'Darker', 'Darker', 'Darker', 'Darker', 'Darker', 'Darker', 'Darker', 'Darker', 'Darker', 'Darker', 'Darker', 'Darker', 'Darker', 'Darker', 'Darker', 'Darker', 'Darker', 'Darker', 'Darker', 'Darker', 'Darker', 'Darker', 'Darker', 'Darker', 'Darker', 'Darker', 'Darker', 'Darker', 'Darker', 'Darker', 'Darker', 'Darker', 'Darker', 'Darker', 'Darker', 'Darker', 'Darker', 'Darker', 'Darker', 'Darker', 'Darker', 'Darker', 'Darker', 'Darker', 'Darker', 'Darker', 'Darker', 'Darker', 'Darker', 'Darker', 'Darker', 'Darker', 'Darker', 'Darker', 'Darker', 'Darker', 'Darker', 'Darker', 'Darker', 'Darker', 'Darker', 'Darker', 'Darker', 'Darker', 'Darker', 'Darker', 'Darker', 'Darker', 'Darker', 'Darker', 'Darker', 'Darker', 'Darker', 'Darker', 'Darker', 'Darker', 'Darker', 'Darker', 'Darker', 'Darker', 'Darker', 'Darker', 'Darker', 'Darker', 'Darker', 'Darker', 'Darker', 'Darker', 'Darker', 'Darker', 'Darker', 'Darker', 'Darker', 'Darker', 'Darker', 'Darker', 'Darker', 'Darker', 'Darker', 'Darker', 'Darker', 'Darker', 'Darker', 'Darker', 'Darker', 'Darker', 'Darker', 'Darker', 'Darker', 'Darker', 'Darker', 'Darker', 'Darker', 'Darker', 'Darker', 'Darker', 'Darker', 'Darker', 'Darker', 'Darker', 'Darker', 'Darker', 'Darker', 'Darker', 'Darker', 'Darker', 'Darker', 'Darker', 'Darker', 'Darker', 'Darker', 'Darker', 'Darker', 'Darker', 'Darker', 'Darker', 'Darker', 'Darker', 'Darker', 'Darker', 'Darker', 'Darker', 'Darker', 'Darker', 'Darker', 'Darker', 'Darker', 'Darker', 'Darker', 'Darker', 'Darker', 'Darker', 'Darker', 'Darker', 'Darker', 'Darker', 'Darker', 'Darker', 'Darker', 'Darker', 'Darker', 'Darker', 'Darker', 'Darker', 'Darker', 'Darker', 'Darker', 'Darker', 'Darker', 'Darker', 'Darker', 'Darker', 'Darker', 'Darker', 'Darker', 'Darker', 'Darker', 'Darker', 'Darker', 'Darker', 'Darker', 'Darker', 'Darker', 'Darker', 'Darker', 'Darker', 'Darker', 'Darker', 'Darker', 'Darker', 'Darker', 'Darker', 'Darker', 'Darker', 'Darker', 'Darker', 'Darker', 'Darker', 'Darker', 'Darker', 'Darker', 'Darker', 'Darker', 'Darker', 'Darker', 'Darker', 'Darker', 'Darker', 'Darker', 'Darker', 'Darker', 'Darker', 'Darker', 'Darker', 'Darker', 'Darker', 'Darker', 'Darker', 'Darker', 'Darker', 'Darker', 'Darker', 'Darker', 'Darker', 'Darker', 'Darker', 'Darker', 'Darker', 'Darker', 'Darker', 'Darker', 'Darker', 'Darker', 'Darker', 'Darker', 'Darker', 'Darker', 'Darker', 'Darker', 'Darker', 'Darker', 'Darker', 'Darker', 'Darker', 'Darker', 'Darker', 'Darker', 'Darker', 'Darker', 'Darker', 'Darker', 'Darker', 'Darker', 'Darker', 'Darker', 'Darker', 'Darker', 'Darker', 'Darker', 'Darker', 'Darker', 'Darker', 'Darker', 'Darker', 'Darker', 'Darker', 'Darker', 'Darker', 'Darker', 'Darker', 'Darker', 'Darker', 'Darker', 'Darker', 'Darker', 'Darker', 'Darker', 'Darker', 'Darker', 'Darker', 'Darker', 'Darker', 'Darker', 'Darker', 'Darker', 'Darker', 'Darker', 'Darker', 'Darker', 'Darker', 'Darker', 'Darker', 'Darker', 'Darker', 'Darker', 'Darker', 'Darker', 'Darker', 'Darker', 'Darker', 'Darker', 'Darker', 'Darker', 'Darker', 'Darker', 'Darker', 'Darker', 'Darker', 'Darker', 'Darker', 'Darker', 'Darker', 'Darker', 'Darker', 'Darker', 'Darker', 'Darker', 'Darker', 'Darker', 'Darker', 'Darker', 'Darker', 'Darker', 'Darker', 'Darker', 'Darker', 'Darker', 'Darker', 'Darker', 'Darker', 'Darker', 'Darker', 'Darker', 'Darker', 'Darker', 'Darker', 'Darker', 'Darker', 'Darker', 'Darker', 'Darker', 'Darker', 'Darker', 'Darker', 'Darker', 'Darker', 'Darker', 'Darker', 'Darker', 'Darker', 'Darker', 'Darker', 'Darker', 'Darker', 'Darker', 'Darker', 'Darker', 'Darker', 'Darker', 'Darker', 'Darker', 'Darker', 'Darker', 'Darker', 'Darker', 'Darker', 'Darker', 'Darker', 'Darker', 'Darker', 'Darker', 'Darker', 'Darker', 'Darker', 'Darker', 'Darker', 'Darker', 'Darker', 'Darker', 'Darker', 'Darker', 'Darker', 'Darker', 'Darker', 'Darker', 'Darker', 'Darker', 'Darker', 'Darker', 'Darker', 'Darker', 'Darker', 'Darker', 'Darker', 'Darker', 'Darker', 'Darker', 'Darker', 'Darker', 'Darker', 'Darker', 'Darker', 'Darker', 'Darker', 'Darker', 'Darker', 'Darker', 'Darker', 'Darker', 'Darker', 'Darker', 'Darker', 'Darker', 'Darker', 'Darker', 'Darker', 'Darker', 'Darker', 'Darker', 'Darker', 'Darker', 'Darker', 'Darker', 'Darker', 'Darker', 'Darker', 'Darker', 'Darker', 'Darker', 'Darker', 'Darker', 'Darker', 'Darker', 'Darker', 'Darker', 'Darker', 'Darker', 'Darker', 'Darker', 'Darker', 'Darker', 'Darker', 'Darker', 'Darker', 'Darker', 'Darker', 'Darker', 'Darker', 'Darker', 'Darker', 'Darker', 'Darker', 'Darker', 'Darker', 'Darker', 'Darker', 'Darker', 'Darker', 'Darker', 'Darker', 'Darker', 'Darker', 'Darker', 'Darker', 'Darker', 'Darker', 'Darker', 'Darker', 'Darker', 'Darker', 'Darker', 'Darker', 'Darker', 'Darker', 'Darker', 'Darker', 'Darker', 'Darker', 'Darker', 'Darker', 'Darker', 'Darker', 'Darker', 'Darker', 'Darker', 'Darker', 'Darker', 'Darker', 'Darker', 'Darker', 'Darker', 'Darker', 'Darker', 'Darker', 'Darker', 'Darker', 'Darker', 'Darker', 'Darker', 'Darker', 'Darker', 'Darker', 'Darker', 'Darker', 'Darker', 'Darker', 'Darker', 'Darker', 'Darker', 'Darker', 'Darker', 'Darker', 'Darker', 'Darker', 'Darker', 'Darker', 'Darker', 'Darker', 'Darker', 'Darker', 'Darker', 'Darker', 'Darker', 'Darker', 'Darker', 'Darker', 'Darker', 'Darker', 'Darker', 'Darker', 'Darker', 'Darker', 'Darker', 'Darker', 'Darker', 'Darker', 'Darker', 'Darker', 'Darker', 'Darker', 'Darker', 'Darker', 'Darker', 'Darker', 'Darker', 'Darker', 'Darker', 'Darker', 'Darker', 'Darker', 'Darker', 'Darker', 'Darker', 'Darker', 'Darker', 'Darker', 'Darker', 'Darker', 'Darker', 'Darker', 'Darker', 'Darker', 'Darker', 'Darker', 'Darker', 'Darker', 'Darker', 'Darker', 'Darker', 'Darker', 'Darker', 'Darker', 'Darker', 'Darker', 'Darker', 'Darker', 'Darker', 'Darker', 'Darker', 'Darker', 'Darker', 'Darker', 'Darker', 'Darker', 'Darker', 'Darker', 'Darker', 'Darker', 'Darker', 'Darker', 'Darker', 'Darker', 'Darker', 'Darker', 'Darker', 'Darker', 'Darker', 'Darker', 'Darker', 'Darker', 'Darker', 'Darker', 'Darker', 'Darker', 'Darker', 'Darker', 'Darker', 'Darker', 'Darker', 'Darker', 'Darker', 'Darker', 'Darker', 'Darker', 'Darker', 'Darker', 'Darker', 'Darker', 'Darker', 'Darker', 'Darker', 'Darker', 'Darker', 'Darker', 'Darker', 'Darker', 'Darker', 'Darker', 'Darker', 'Darker', 'Darker', 'Darker', 'Darker', 'Darker', 'Darker', 'Darker', 'Darker', 'Darker', 'Darker', 'Darker', 'Darker', 'Darker', 'Darker', 'Darker', 'Darker', 'Darker', 'Darker', 'Darker', 'Darker', 'Darker', 'Darker', 'Darker', 'Darker', 'Darker', 'Darker', 'Darker', 'Darker', 'Darker', 'Darker', 'Darker', 'Darker', 'Darker', 'Darker', 'Darker', 'Darker', 'Darker', 'Darker', 'Darker', 'Darker', 'Darker', 'Darker', 'Darker', 'Darker', 'Darker', 'Darker', 'Darker', 'Darker', 'Darker', 'Darker', 'Darker', 'Darker', 'Darker', 'Darker', 'Darker', 'Darker', 'Darker', 'Darker', 'Darker', 'Darker', 'Darker', 'Darker', 'Darker', 'Darker', 'Darker', 'Darker', 'Darker', 'Darker', 'Darker', 'Darker', 'Darker', 'Darker', 'Darker', 'Darker', 'Darker', 'Darker', 'Darker', 'Darker', 'Darker', 'Darker', 'Darker', 'Darker', 'Darker', 'Darker', 'Darker', 'Darker', 'Darker', 'Darker', 'Darker', 'Darker', 'Darker', 'Darker', 'Darker', 'Darker', 'Darker', 'Darker', 'Darker', 'Darker', 'Darker', 'Darker', 'Darker', 'Darker', 'Darker', 'Darker', 'Darker', 'Darker', 'Darker', 'Darker', 'Darker', 'Darker', 'Darker', 'Darker', 'Darker', 'Darker', 'Darker', 'Darker', 'Darker', 'Darker', 'Darker', 'Darker', 'Darker', 'Darker', 'Darker', 'Darker', 'Darker', 'Darker', 'Darker', 'Darker', 'Darker', 'Darker', 'Darker', 'Darker', 'Darker', 'Darker', 'Darker', 'Darker', 'Darker', 'Darker', 'Darker', 'Darker', 'Darker', 'Darker', 'Darker', 'Darker', 'Darker', 'Darker', 'Darker', 'Darker', 'Darker', 'Darker', 'Darker', 'Darker', 'Darker', 'Darker', 'Darker', 'Darker', 'Darker', 'Darker', 'Darker', 'Darker', 'Darker', 'Darker', 'Darker', 'Darker', 'Darker', 'Darker', 'Darker', 'Darker', 'Darker', 'Darker', 'Darker', 'Darker', 'Darker', 'Darker', 'Darker', 'Darker', 'Darker', 'Darker', 'Darker', 'Darker', 'Darker', 'Darker', 'Darker', 'Darker', 'Darker', 'Darker', 'Darker', 'Darker', 'Darker', 'Darker', 'Darker', 'Darker', 'Darker', 'Darker', 'Darker', 'Darker', 'Darker', 'Darker', 'Darker', 'Darker', 'Darker', 'Darker', 'Darker', 'Darker', 'Darker', 'Darker', 'Darker', 'Darker', 'Darker', 'Darker', 'Darker', 'Darker', 'Darker', 'Darker', 'Darker', 'Darker', 'Darker', 'Darker', 'Darker', 'Darker', 'Darker', 'Darker', 'Darker', 'Darker', 'Darker', 'Darker', 'Darker', 'Darker', 'Darker', 'Darker', 'Darker', 'Darker', 'Darker', 'Darker', 'Darker', 'Darker', 'Darker', 'Darker', 'Darker', 'Darker', 'Darker', 'Darker', 'Darker', 'Darker', 'Darker', 'Darker', 'Darker', 'Darker', 'Darker', 'Darker', 'Darker', 'Darker', 'Darker', 'Darker', 'Darker', 'Darker', 'Darker', 'Darker', 'Darker', 'Darker', 'Darker', 'Darker', 'Darker', 'Darker', 'Darker', 'Darker', 'Darker', 'Darker', 'Darker', 'Darker', 'Darker', 'Darker', 'Darker', 'Darker', 'Darker', 'Darker', 'Darker', 'Darker', 'Darker', 'Darker', 'Darker', 'Darker', 'Darker', 'Darker', 'Darker', 'Darker', 'Darker', 'Darker', 'Darker', 'Darker', 'Darker', 'Darker', 'Darker', 'Darker', 'Darker', 'Darker', 'Darker', 'Darker', 'Darker', 'Darker', 'Darker', 'Darker', 'Darker', 'Darker', 'Darker', 'Darker', 'Darker', 'Darker', 'Darker', 'Darker', 'Darker', 'Darker', 'Darker', 'Darker', 'Darker', 'Darker', 'Darker', 'Darker', 'Darker', 'Darker', 'Darker', 'Darker', 'Darker', 'Darker', 'Darker', 'Darker', 'Darker', 'Darker', 'Darker', 'Darker', 'Darker', 'Darker', 'Darker', 'Darker', 'Darker', 'Darker', 'Darker', 'Darker', 'Darker', 'Darker', 'Darker', 'Darker', 'Darker', 'Darker', 'Darker', 'Darker', 'Darker', 'Darker', 'Darker', 'Darker', 'Darker', 'Darker', 'Darker', 'Darker', 'Darker', 'Darker', 'Darker', 'Darker', 'Darker', 'Darker', 'Darker', 'Darker', 'Darker', 'Darker', 'Darker', 'Darker', 'Darker', 'Darker', 'Darker', 'Darker', 'Darker', 'Darker', 'Darker', 'Darker', 'Darker', 'Darker', 'Darker', 'Darker', 'Darker', 'Darker', 'Darker', 'Darker', 'Darker', 'Darker', 'Darker', 'Darker', 'Darker', 'Darker', 'Darker', 'Darker', 'Darker', 'Darker', 'Darker', 'Darker', 'Darker', 'Darker', 'Darker', 'Darker', 'Darker', 'Darker', 'Darker', 'Darker', 'Darker', 'Darker', 'Darker', 'Darker', 'Darker', 'Darker', 'Darker', 'Darker', 'Darker', 'Darker', 'Darker', 'Darker', 'Darker', 'Darker', 'Darker', 'Darker', 'Darker', 'Darker', 'Darker', 'Darker', 'Darker', 'Darker', 'Darker', 'Darker', 'Darker', 'Darker', 'Darker', 'Darker', 'Darker', 'Darker', 'Darker', 'Darker', 'Darker', 'Darker', 'Darker', 'Darker', 'Darker', 'Darker', 'Darker', 'Darker', 'Darker', 'Darker', 'Darker', 'Darker', 'Darker', 'Darker', 'Darker', 'Darker', 'Darker', 'Darker', 'Darker', 'Darker', 'Darker', 'Darker', 'Darker', 'Darker', 'Darker', 'Darker', 'Darker', 'Darker', 'Darker', 'Darker', 'Darker', 'Darker', 'Darker', 'Darker', 'Darker', 'Darker', 'Darker', 'Darker', 'Darker', 'Darker', 'Darker', 'Darker', 'Darker', 'Darker', 'Darker', 'Darker', 'Darker', 'Darker', 'Darker', 'Darker', 'Darker', 'Darker', 'Darker', 'Darker', 'Darker', 'Darker', 'Darker', 'Darker', 'Darker', 'Darker', 'Darker', 'Darker', 'Darker', 'Darker', 'Darker', 'Darker', 'Darker', 'Darker', 'Darker', 'Darker', 'Darker', 'Darker', 'Darker', 'Darker', 'Darker', 'Darker', 'Darker', 'Darker', 'Darker', 'Darker', 'Darker', 'Darker', 'Darker', 'Darker', 'Darker', 'Darker', 'Darker', 'Darker', 'Darker', 'Darker', 'Darker', 'Darker', 'Darker', 'Darker', 'Darker', 'Darker', 'Darker', 'Darker', 'Darker', 'Darker', 'Darker', 'Darker', 'Darker', 'Darker', 'Darker', 'Darker', 'Darker', 'Darker', 'Darker', 'Darker', 'Darker', 'Darker', 'Darker', 'Darker', 'Darker', 'Darker', 'Darker', 'Darker', 'Darker', 'Darker', 'Darker', 'Darker', 'Darker', 'Darker', 'Darker', 'Darker', 'Darker', 'Darker', 'Darker', 'Darker', 'Darker', 'Darker', 'Darker', 'Darker', 'Darker', 'Darker', 'Darker', 'Darker', 'Darker', 'Darker', 'Darker', 'Darker', 'Darker', 'Darker', 'Darker', 'Darker', 'Darker', 'Darker', 'Darker', 'Darker', 'Darker', 'Darker', 'Darker', 'Darker', 'Darker', 'Darker', 'Darker', 'Darker', 'Darker', 'Darker', 'Darker', 'Darker', 'Darker', 'Darker', 'Darker', 'Darker', 'Darker', 'Darker', 'Darker', 'Darker', 'Darker', 'Darker', 'Darker', 'Darker', 'Darker', 'Darker', 'Darker', 'Darker', 'Darker', 'Darker', 'Darker', 'Darker', 'Darker', 'Darker', 'Darker', 'Darker', 'Darker', 'Darker', 'Darker', 'Darker', 'Darker', 'Darker', 'Darker', 'Darker', 'Darker', 'Darker', 'Darker', 'Darker', 'Darker', 'Darker', 'Darker', 'Darker', 'Darker', 'Darker', 'Darker', 'Darker', 'Darker', 'Darker', 'Darker', 'Darker', 'Darker', 'Darker', 'Darker', 'Darker', 'Darker', 'Darker', 'Darker', 'Darker', 'Darker', 'Darker', 'Darker', 'Darker', 'Darker', 'Darker', 'Darker', 'Darker', 'Darker', 'Darker', 'Darker', 'Darker', 'Darker', 'Darker', 'Darker', 'Darker', 'Darker', 'Darker', 'Darker', 'Darker', 'Darker', 'Darker', 'Darker', 'Darker', 'Darker', 'Darker', 'Darker', 'Darker', 'Darker', 'Darker', 'Darker', 'Darker', 'Darker', 'Darker', 'Darker', 'Darker', 'Darker', 'Darker', 'Darker', 'Darker', 'Darker', 'Darker', 'Darker', 'Darker', 'Darker', 'Darker', 'Darker', 'Darker', 'Darker', 'Darker', 'Darker', 'Darker', 'Darker', 'Darker', 'Darker', 'Darker', 'Darker', 'Darker', 'Darker', 'Darker', 'Darker', 'Darker', 'Darker', 'Darker', 'Darker', 'Darker', 'Darker', 'Darker', 'Darker', 'Darker', 'Darker', 'Darker', 'Darker', 'Darker', 'Darker', 'Darker', 'Darker', 'Darker', 'Darker', 'Darker', 'Darker', 'Darker', 'Darker', 'Darker', 'Darker', 'Darker', 'Darker', 'Darker', 'Darker', 'Darker', 'Darker', 'Darker', 'Darker', 'Darker', 'Darker', 'Darker', 'Darker', 'Darker', 'Darker', 'Darker', 'Darker', 'Darker', 'Darker', 'Darker', 'Darker', 'Darker', 'Darker', 'Darker', 'Darker', 'Darker', 'Darker', 'Darker', 'Darker', 'Darker', 'Darker', 'Darker', 'Darker', 'Darker', 'Darker', 'Darker', 'Darker', 'Darker', 'Darker', 'Darker', 'Darker', 'Darker', 'Darker', 'Darker', 'Darker', 'Darker', 'Darker', 'Darker', 'Darker', 'Darker', 'Darker', 'Darker', 'Darker', 'Darker', 'Darker', 'Darker', 'Darker', 'Darker', 'Darker', 'Darker', 'Darker', 'Darker', 'Darker', 'Darker', 'Darker', 'Darker', 'Darker', 'Darker', 'Darker', 'Darker', 'Darker', 'Darker', 'Darker', 'Darker', 'Darker', 'Darker', 'Darker', 'Darker', 'Darker', 'Darker', 'Darker', 'Darker', 'Darker', 'Darker', 'Darker', 'Darker', 'Darker', 'Darker', 'Darker', 'Darker', 'Darker', 'Darker', 'Darker', 'Darker', 'Darker', 'Darker', 'Darker', 'Darker', 'Darker', 'Darker', 'Darker', 'Darker', 'Darker', 'Darker', 'Darker', 'Darker', 'Darker', 'Darker', 'Darker', 'Darker', 'Darker', 'Darker', 'Darker', 'Darker', 'Darker', 'Darker', 'Darker', 'Darker', 'Darker', 'Darker', 'Darker', 'Darker', 'Darker', 'Darker', 'Darker', 'Darker', 'Darker', 'Darker', 'Darker', 'Darker', 'Darker', 'Darker', 'Darker', 'Darker', 'Darker', 'Darker', 'Darker', 'Darker', 'Darker', 'Darker', 'Darker', 'Darker', 'Darker', 'Darker', 'Darker', 'Darker', 'Darker', 'Darker', 'Darker', 'Darker', 'Darker', 'Darker', 'Darker', 'Darker', 'Darker', 'Darker', 'Darker', 'Darker', 'Darker', 'Darker', 'Darker', 'Darker', 'Darker', 'Darker', 'Darker', 'Darker', 'Darker', 'Darker', 'Darker', 'Darker', 'Darker', 'Darker', 'Darker', 'Darker', 'Darker', 'Darker', 'Darker', 'Darker', 'Darker', 'Darker', 'Darker', 'Darker', 'Darker', 'Darker', 'Darker', 'Darker', 'Darker', 'Darker', 'Darker', 'Darker', 'Darker', 'Darker', 'Darker', 'Darker', 'Darker', 'Darker', 'Darker', 'Darker', 'Darker', 'Darker', 'Darker', 'Darker', 'Darker', 'Darker', 'Darker', 'Darker', 'Darker', 'Darker', 'Darker', 'Darker', 'Darker', 'Darker', 'Darker', 'Darker', 'Darker', 'Darker', 'Darker', 'Darker', 'Darker', 'Darker', 'Darker', 'Darker', 'Darker', 'Darker', 'Darker', 'Darker', 'Darker', 'Darker', 'Darker', 'Darker', 'Darker', 'Darker', 'Darker', 'Darker', 'Darker', 'Darker', 'Darker', 'Darker', 'Darker', 'Darker', 'Darker', 'Darker', 'Darker', 'Darker', 'Darker', 'Darker', 'Darker', 'Darker', 'Darker', 'Darker', 'Darker', 'Darker', 'Darker', 'Darker', 'Darker', 'Darker', 'Darker', 'Darker', 'Darker', 'Darker', 'Darker', 'Darker', 'Darker', 'Darker', 'Darker', 'Darker', 'Darker', 'Darker', 'Darker', 'Darker', 'Darker', 'Darker', 'Darker', 'Darker', 'Darker', 'Darker', 'Darker', 'Darker', 'Darker', 'Darker', 'Darker', 'Darker', 'Darker', 'Darker', 'Darker', 'Darker', 'Darker', 'Darker', 'Darker', 'Darker', 'Darker', 'Darker', 'Darker', 'Darker', 'Darker', 'Darker', 'Darker', 'Darker', 'Darker', 'Darker', 'Darker', 'Darker', 'Darker', 'Darker', 'Darker', 'Darker', 'Darker', 'Darker', 'Darker', 'Darker', 'Darker', 'Darker', 'Darker', 'Darker', 'Darker', 'Darker', 'Darker', 'Darker', 'Darker', 'Darker', 'Darker', 'Darker', 'Darker', 'Darker', 'Darker', 'Darker', 'Darker', 'Darker', 'Darker', 'Darker', 'Darker', 'Darker', 'Darker', 'Darker', 'Darker', 'Darker', 'Darker', 'Darker', 'Darker', 'Darker', 'Darker', 'Darker', 'Darker', 'Darker', 'Darker', 'Darker', 'Darker', 'Darker', 'Darker', 'Darker', 'Darker', 'Darker', 'Darker', 'Darker', 'Darker', 'Darker', 'Darker', 'Darker', 'Darker', 'Darker', 'Darker', 'Darker', 'Darker', 'Darker', 'Darker', 'Darker', 'Darker', 'Darker', 'Darker', 'Darker', 'Darker', 'Darker', 'Darker', 'Darker', 'Darker', 'Darker', 'Darker', 'Darker', 'Darker', 'Darker', 'Darker', 'Darker', 'Darker', 'Darker', 'Darker', 'Darker', 'Darker', 'Darker', 'Darker', 'Darker', 'Darker', 'Darker', 'Darker', 'Darker', 'Darker', 'Darker', 'Darker', 'Darker', 'Darker', 'Darker', 'Darker', 'Darker', 'Darker', 'Darker', 'Darker', 'Darker', 'Darker', 'Darker', 'Darker', 'Darker', 'Darker', 'Darker', 'Darker', 'Darker', 'Darker', 'Darker', 'Darker', 'Darker', 'Darker', 'Darker', 'Darker', 'Darker', 'Darker', 'Darker', 'Darker', 'Darker', 'Darker', 'Darker', 'Darker', 'Darker', 'Darker', 'Darker', 'Darker', 'Darker', 'Darker', 'Darker', 'Darker', 'Darker', 'Darker', 'Darker', 'Darker', 'Darker', 'Darker', 'Darker', 'Darker', 'Darker', 'Darker', 'Darker', 'Darker', 'Darker', 'Darker', 'Darker', 'Darker', 'Darker', 'Darker', 'Darker', 'Darker', 'Darker', 'Darker', 'Darker', 'Darker', 'Darker', 'Darker', 'Darker', 'Darker', 'Darker', 'Darker', 'Darker', 'Darker', 'Darker', 'Darker', 'Darker', 'Darker', 'Darker', 'Darker', 'Darker', 'Darker', 'Darker', 'Darker', 'Darker', 'Darker', 'Darker', 'Darker', 'Darker', 'Darker', 'Darker', 'Darker', 'Darker', 'Darker', 'Darker', 'Darker', 'Darker', 'Darker', 'Darker', 'Darker', 'Darker', 'Darker', 'Darker', 'Darker', 'Darker', 'Darker', 'Darker', 'Darker', 'Darker', 'Darker', 'Darker', 'Darker', 'Darker', 'Darker', 'Darker', 'Darker', 'Darker', 'Darker', 'Darker', 'Darker', 'Darker', 'Darker', 'Darker', 'Darker', 'Darker', 'Darker', 'Darker', 'Darker', 'Darker', 'Darker', 'Darker', 'Darker', 'Darker', 'Darker', 'Darker', 'Darker', 'Darker', 'Darker', 'Darker', 'Darker', 'Darker', 'Darker', 'Darker', 'Darker', 'Darker', 'Darker', 'Darker', 'Darker', 'Darker', 'Darker', 'Darker', 'Darker', 'Darker', 'Darker', 'Darker', 'Darker', 'Darker', 'Darker', 'Darker', 'Darker', 'Darker', 'Darker', 'Darker', 'Darker', 'Darker', 'Darker', 'Darker', 'Darker', 'Darker', 'Darker', 'Darker', 'Darker', 'Darker', 'Darker', 'Darker', 'Darker', 'Darker', 'Darker', 'Darker', 'Darker', 'Darker', 'Darker', 'Darker', 'Darker', 'Darker', 'Darker', 'Darker', 'Darker', 'Darker', 'Darker', 'Darker', 'Darker', 'Darker', 'Darker', 'Darker', 'Darker', 'Darker', 'Darker', 'Darker', 'Darker', 'Darker', 'Darker', 'Darker', 'Darker', 'Darker', 'Darker', 'Darker', 'Darker', 'Darker', 'Darker', 'Darker', 'Darker', 'Darker', 'Darker', 'Darker', 'Darker', 'Darker', 'Darker', 'Darker', 'Darker', 'Darker', 'Darker', 'Darker', 'Darker', 'Darker', 'Darker', 'Darker', 'Darker', 'Darker', 'Darker', 'Darker', 'Darker', 'Darker', 'Darker', 'Darker', 'Darker', 'Darker', 'Darker', 'Darker', 'Darker', 'Darker', 'Darker', 'Darker', 'Darker', 'Darker', 'Darker', 'Darker', 'Darker', 'Darker', 'Darker', 'Darker', 'Darker', 'Darker', 'Darker', 'Darker', 'Darker', 'Darker', 'Darker', 'Darker', 'Darker', 'Darker', 'Darker', 'Darker', 'Darker', 'Darker', 'Darker', 'Darker', 'Darker', 'Darker', 'Darker', 'Darker', 'Darker', 'Darker', 'Darker', 'Darker', 'Darker', 'Darker', 'Darker', 'Darker', 'Darker', 'Darker', 'Darker', 'Darker', 'Darker', 'Darker', 'Darker', 'Darker', 'Darker', 'Darker', 'Darker', 'Darker', 'Darker', 'Darker', 'Darker', 'Darker', 'Darker', 'Darker', 'Darker', 'Darker', 'Darker', 'Darker', 'Darker', 'Darker', 'Darker', 'Darker', 'Darker', 'Darker', 'Darker', 'Darker', 'Darker', 'Darker', 'Darker', 'Darker', 'Darker', 'Darker', 'Darker', 'Darker', 'Darker', 'Darker', 'Darker', 'Darker', 'Darker', 'Darker', 'Darker', 'Darker', 'Darker', 'Darker', 'Darker', 'Darker', 'Darker', 'Darker', 'Darker', 'Darker', 'Darker', 'Darker', 'Darker', 'Darker', 'Darker', 'Darker', 'Darker', 'Darker', 'Darker', 'Darker', 'Darker', 'Darker', 'Darker', 'Darker', 'Darker', 'Darker', 'Darker', 'Darker', 'Darker', 'Darker', 'Darker', 'Darker', 'Darker', 'Darker', 'Darker', 'Darker', 'Darker', 'Darker', 'Darker', 'Darker', 'Darker', 'Darker', 'Darker', 'Darker', 'Darker', 'Darker', 'Darker', 'Darker', 'Darker', 'Darker', 'Darker', 'Darker', 'Darker', 'Darker', 'Darker', 'Darker', 'Darker', 'Darker', 'Darker', 'Darker', 'Darker', 'Darker', 'Darker', 'Darker', 'Darker', 'Darker', 'Darker', 'Darker', 'Darker', 'Darker', 'Darker', 'Darker', 'Darker', 'Darker', 'Darker', 'Darker', 'Darker', 'Darker', 'Darker', 'Darker', 'Darker', 'Darker', 'Darker', 'Darker', 'Darker', 'Darker', 'Darker', 'Darker', 'Darker', 'Darker', 'Darker', 'Darker', 'Darker', 'Darker', 'Darker', 'Darker', 'Darker', 'Darker', 'Darker', 'Darker', 'Darker', 'Darker', 'Darker', 'Darker', 'Darker', 'Darker', 'Darker', 'Darker', 'Darker', 'Darker', 'Darker', 'Darker', 'Darker', 'Darker', 'Darker', 'Darker', 'Darker', 'Darker', 'Darker', 'Darker', 'Darker', 'Darker', 'Darker', 'Darker', 'Darker', 'Darker', 'Darker', 'Darker', 'Darker', 'Darker', 'Darker', 'Darker', 'Darker', 'Darker', 'Darker', 'Darker', 'Darker', 'Darker', 'Darker', 'Darker', 'Darker', 'Darker', 'Darker', 'Darker', 'Darker', 'Darker', 'Darker', 'Darker', 'Darker', 'Darker', 'Darker', 'Darker', 'Darker', 'Darker', 'Darker', 'Darker', 'Darker', 'Darker', 'Darker', 'Darker', 'Darker', 'Darker', 'Darker', 'Darker', 'Darker', 'Darker', 'Darker', 'Darker', 'Darker', 'Darker', 'Darker', 'Darker', 'Darker', 'Darker', 'Darker', 'Darker', 'Darker', 'Darker', 'Darker', 'Darker', 'Darker', 'Darker', 'Darker', 'Darker', 'Darker', 'Darker', 'Darker', 'Darker', 'Darker', 'Darker', 'Darker', 'Darker', 'Darker', 'Darker', 'Darker', 'Darker', 'Darker', 'Darker', 'Darker', 'Darker', 'Darker', 'Darker', 'Darker', 'Darker', 'Darker', 'Darker', 'Darker', 'Darker', 'Darker', 'Darker', 'Darker', 'Darker', 'Darker', 'Darker', 'Darker', 'Darker', 'Darker', 'Darker', 'Darker', 'Darker', 'Darker', 'Darker', 'Darker', 'Darker', 'Darker', 'Darker', 'Darker', 'Darker', 'Darker', 'Darker', 'Darker', 'Darker', 'Darker', 'Darker', 'Darker', 'Darker', 'Darker', 'Darker', 'Darker', 'Darker', 'Darker', 'Darker', 'Darker', 'Darker', 'Darker', 'Darker', 'Darker', 'Darker', 'Darker', 'Darker', 'Darker', 'Darker', 'Darker', 'Darker', 'Darker', 'Darker', 'Darker', 'Darker', 'Darker', 'Darker', 'Darker', 'Darker', 'Darker', 'Darker', 'Darker', 'Darker', 'Darker', 'Darker', 'Darker', 'Darker', 'Darker', 'Darker', 'Darker', 'Darker', 'Darker', 'Darker', 'Darker', 'Darker', 'Darker', 'Darker', 'Darker', 'Darker', 'Darker', 'Darker', 'Darker', 'Darker', 'Darker', 'Darker', 'Darker', 'Darker', 'Darker', 'Darker', 'Darker', 'Darker', 'Darker', 'Darker', 'Darker', 'Darker', 'Darker', 'Darker', 'Darker', 'Darker', 'Darker', 'Darker', 'Darker', 'Darker', 'Darker', 'Darker', 'Darker', 'Darker', 'Darker', 'Darker', 'Darker', 'Darker', 'Darker', 'Darker', 'Darker', 'Darker', 'Darker', 'Darker', 'Darker', 'Darker', 'Darker', 'Darker', 'Darker', 'Darker', 'Darker', 'Darker', 'Darker', 'Darker', 'Darker', 'Darker', 'Darker', 'Darker', 'Darker', 'Darker', 'Darker', 'Darker', 'Darker', 'Darker', 'Darker', 'Darker', 'Darker', 'Darker', 'Darker', 'Darker', 'Darker', 'Darker', 'Darker', 'Darker', 'Darker', 'Darker', 'Darker', 'Darker', 'Darker', 'Darker', 'Darker', 'Darker', 'Darker', 'Darker', 'Darker', 'Darker', 'Darker', 'Darker', 'Darker', 'Darker', 'Darker', 'Darker', 'Darker', 'Darker', 'Darker', 'Darker', 'Darker', 'Darker', 'Darker', 'Darker', 'Darker', 'Darker', 'Darker', 'Darker', 'Darker', 'Darker', 'Darker', 'Darker', 'Darker', 'Darker', 'Darker', 'Darker', 'Darker', 'Darker', 'Darker', 'Darker', 'Darker', 'Darker', 'Darker', 'Darker', 'Darker', 'Darker', 'Darker', 'Darker', 'Darker', 'Darker', 'Darker', 'Darker', 'Darker', 'Darker', 'Darker', 'Darker', 'Darker', 'Darker', 'Darker', 'Darker', 'Darker', 'Darker', 'Darker', 'Darker', 'Darker', 'Darker', 'Darker', 'Darker', 'Darker', 'Darker', 'Darker', 'Darker', 'Darker', 'Darker', 'Darker', 'Darker', 'Darker', 'Darker', 'Darker', 'Darker', 'Darker', 'Darker', 'Darker', 'Darker', 'Darker', 'Darker', 'Darker', 'Darker', 'Darker', 'Darker', 'Darker', 'Darker', 'Darker', 'Darker', 'Darker', 'Darker', 'Darker', 'Darker', 'Darker', 'Darker', 'Darker', 'Darker', 'Darker', 'Darker', 'Darker', 'Darker', 'Darker', 'Darker', 'Darker', 'Darker', 'Darker', 'Darker', 'Darker', 'Darker', 'Darker', 'Darker', 'Darker', 'Darker', 'Darker', 'Darker', 'Darker', 'Darker', 'Darker', 'Darker', 'Darker', 'Darker', 'Darker', 'Darker', 'Darker', 'Darker', 'Darker', 'Darker', 'Darker', 'Darker', 'Darker', 'Darker', 'Darker', 'Darker', 'Darker', 'Darker', 'Darker', 'Darker', 'Darker', 'Darker', 'Darker', 'Darker', 'Darker', 'Darker', 'Darker', 'Darker', 'Darker', 'Darker', 'Darker', 'Darker', 'Darker', 'Darker', 'Darker', 'Darker', 'Darker', 'Darker', 'Darker', 'Darker', 'Darker', 'Darker', 'Darker', 'Darker', 'Darker', 'Darker', 'Darker', 'Darker', 'Darker', 'Darker', 'Darker', 'Darker', 'Darker', 'Darker', 'Darker', 'Darker', 'Darker', 'Darker', 'Darker', 'Darker', 'Darker', 'Darker', 'Darker', 'Darker', 'Darker', 'Darker', 'Darker', 'Darker', 'Darker', 'Darker', 'Darker', 'Darker', 'Darker', 'Darker', 'Darker', 'Darker', 'Darker', 'Darker', 'Darker', 'Darker', 'Darker', 'Darker', 'Darker', 'Darker', 'Darker', 'Darker', 'Darker', 'Darker', 'Darker', 'Darker', 'Darker', 'Darker', 'Darker', 'Darker', 'Darker', 'Darker', 'Darker', 'Darker', 'Darker', 'Darker', 'Darker', 'Darker', 'Darker', 'Darker', 'Darker', 'Darker', 'Darker', 'Darker', 'Darker', 'Darker', 'Darker', 'Darker', 'Darker', 'Darker', 'Darker', 'Darker', 'Darker', 'Darker', 'Darker', 'Darker', 'Darker', 'Darker', 'Darker', 'Darker', 'Darker', 'Darker', 'Darker', 'Darker', 'Darker', 'Darker', 'Darker', 'Darker', 'Darker', 'Darker', 'Darker', 'Darker', 'Darker', 'Darker', 'Darker', 'Darker', 'Darker', 'Darker', 'Darker', 'Darker', 'Darker', 'Darker', 'Darker', 'Darker', 'Darker', 'Darker', 'Darker', 'Darker', 'Darker', 'Darker', 'Darker', 'Darker', 'Darker', 'Darker', 'Darker', 'Darker', 'Darker', 'Darker', 'Darker', 'Darker', 'Darker', 'Darker', 'Darker', 'Darker', 'Darker', 'Darker', 'Darker', 'Darker', 'Darker', 'Darker', 'Darker', 'Darker', 'Darker', 'Darker', 'Darker', 'Darker', 'Darker', 'Darker', 'Darker', 'Darker', 'Darker', 'Darker', 'Darker', 'Darker', 'Darker', 'Darker', 'Darker', 'Darker', 'Darker', 'Darker', 'Darker', 'Darker', 'Darker', 'Darker', 'Darker', 'Darker', 'Darker', 'Darker', 'Darker', 'Darker', 'Darker', 'Darker', 'Darker', 'Darker', 'Darker', 'Darker', 'Darker', 'Darker', 'Darker', 'Darker', 'Darker', 'Darker', 'Darker', 'Darker', 'Darker', 'Darker', 'Darker', 'Darker', 'Darker', 'Darker', 'Darker', 'Darker', 'Darker', 'Darker', 'Darker', 'Darker', 'Darker', 'Darker', 'Darker', 'Darker', 'Darker', 'Darker', 'Darker', 'Darker', 'Darker', 'Darker', 'Darker', 'Darker', 'Darker', 'Darker', 'Darker', 'Darker', 'Darker', 'Darker', 'Darker', 'Darker', 'Darker', 'Darker', 'Darker', 'Darker', 'Darker', 'Darker', 'Darker', 'Darker', 'Darker', 'Darker', 'Darker', 'Darker', 'Darker', 'Darker', 'Darker', 'Darker', 'Darker', 'Darker', 'Darker', 'Darker', 'Darker', 'Darker', 'Darker', 'Darker', 'Darker', 'Darker', 'Darker', 'Darker', 'Darker', 'Darker', 'Darker', 'Darker', 'Darker', 'Darker', 'Darker', 'Darker', 'Darker', 'Darker', 'Darker', 'Darker', 'Darker', 'Darker', 'Darker', 'Darker', 'Darker', 'Darker', 'Darker', 'Darker', 'Darker', 'Darker', 'Darker', 'Darker', 'Darker', 'Darker', 'Darker', 'Darker', 'Darker', 'Darker', 'Darker', 'Darker', 'Darker', 'Darker', 'Darker', 'Darker', 'Darker', 'Darker', 'Darker', 'Darker', 'Darker', 'Darker', 'Darker', 'Darker', 'Darker', 'Darker', 'Darker', 'Darker', 'Darker', 'Darker', 'Darker', 'Darker', 'Darker', 'Darker', 'Darker', 'Darker', 'Darker', 'Darker', 'Darker', 'Darker', 'Darker', 'Darker', 'Darker', 'Darker', 'Darker', 'Darker', 'Darker', 'Darker', 'Darker', 'Darker', 'Darker', 'Darker', 'Darker', 'Darker', 'Darker', 'Darker', 'Darker', 'Darker', 'Darker', 'Darker', 'Darker', 'Darker', 'Darker', 'Darker', 'Darker', 'Darker', 'Darker', 'Darker', 'Darker', 'Darker', 'Darker', 'Darker', 'Darker', 'Darker', 'Darker', 'Darker', 'Darker', 'Darker', 'Darker', 'Darker', 'Darker', 'Darker', 'Darker', 'Darker', 'Darker', 'Darker', 'Darker', 'Darker', 'Darker', 'Darker', 'Darker', 'Darker', 'Darker', 'Darker', 'Darker', 'Darker', 'Darker', 'Darker', 'Darker', 'Darker', 'Darker', 'Darker', 'Darker', 'Darker', 'Darker', 'Darker', 'Darker', 'Darker', 'Darker', 'Darker', 'Darker', 'Darker', 'Darker', 'Darker', 'Darker', 'Darker', 'Darker', 'Darker', 'Darker', 'Darker', 'Darker', 'Darker', 'Darker', 'Darker', 'Darker', 'Darker', 'Darker', 'Darker', 'Darker', 'Darker', 'Darker', 'Darker', 'Darker', 'Darker', 'Darker', 'Darker', 'Darker', 'Darker', 'Darker', 'Darker', 'Darker', 'Darker', 'Darker', 'Darker', 'Darker', 'Darker', 'Darker', 'Darker', 'Darker', 'Darker', 'Darker', 'Darker', 'Darker', 'Darker', 'Darker', 'Darker', 'Darker', 'Darker', 'Darker', 'Darker', 'Darker', 'Darker', 'Darker', 'Darker', 'Darker', 'Darker', 'Darker', 'Darker', 'Darker', 'Darker', 'Darker', 'Darker', 'Darker', 'Darker', 'Darker', 'Darker', 'Darker', 'Darker', 'Darker', 'Darker', 'Darker', 'Darker', 'Darker', 'Darker', 'Darker', 'Darker', 'Darker', 'Darker', 'Darker', 'Darker', 'Darker', 'Darker', 'Darker', 'Darker', 'Darker', 'Darker', 'Darker', 'Darker', 'Darker', 'Darker', 'Darker', 'Darker', 'Darker', 'Darker', 'Darker', 'Darker', 'Darker', 'Darker', 'Darker', 'Darker', 'Darker', 'Darker', 'Darker', 'Darker', 'Darker', 'Darker', 'Darker', 'Darker', 'Darker', 'Darker', 'Darker', 'Darker', 'Darker', 'Darker', 'Darker', 'Darker', 'Darker', 'Darker', 'Darker', 'Darker', 'Darker', 'Darker', 'Darker', 'Darker', 'Darker', 'Darker', 'Darker', 'Darker', 'Darker', 'Darker', 'Darker', 'Darker', 'Darker', 'Darker', 'Darker', 'Darker', 'Darker', 'Darker', 'Darker', 'Darker', 'Darker', 'Darker', 'Darker', 'Darker', 'Darker', 'Darker', 'Darker', 'Darker', 'Darker', 'Darker', 'Darker', 'Darker', 'Darker', 'Darker', 'Darker', 'Darker', 'Darker', 'Darker', 'Darker', 'Darker', 'Darker', 'Darker', 'Darker', 'Darker', 'Darker', 'Darker', 'Darker', 'Darker', 'Darker', 'Darker', 'Darker', 'Darker', 'Darker', 'Darker', 'Darker', 'Darker', 'Darker', 'Darker', 'Darker', 'Darker', 'Darker', 'Darker', 'Darker', 'Darker', 'Darker', 'Darker', 'Darker', 'Darker', 'Darker', 'Darker', 'Darker', 'Darker', 'Darker', 'Darker', 'Darker', 'Darker', 'Darker', 'Darker', 'Darker', 'Darker', 'Darker', 'Darker', 'Darker', 'Darker', 'Darker', 'Darker', 'Darker', 'Darker', 'Darker', 'Darker', 'Darker', 'Darker', 'Darker', 'Darker', 'Darker', 'Darker', 'Darker', 'Darker', 'Darker', 'Darker', 'Darker', 'Darker', 'Darker', 'Darker', 'Darker', 'Darker', 'Darker', 'Darker', 'Darker', 'Darker', 'Darker', 'Darker', 'Darker', 'Darker', 'Darker', 'Darker', 'Darker', 'Darker', 'Darker', 'Darker', 'Darker', 'Darker', 'Darker', 'Darker', 'Darker', 'Darker', 'Darker', 'Darker', 'Darker', 'Darker', 'Darker', 'Darker', 'Darker', 'Darker', 'Darker', 'Darker', 'Darker', 'Darker', 'Darker', 'Darker', 'Darker', 'Darker', 'Darker', 'Darker', 'Darker', 'Darker', 'Darker', 'Darker', 'Darker', 'Darker', 'Darker', 'Darker', 'Darker', 'Darker', 'Darker', 'Darker', 'Darker', 'Darker', 'Darker', 'Darker', 'Darker', 'Darker', 'Darker', 'Darker', 'Darker', 'Darker', 'Darker', 'Darker', 'Darker', 'Darker', 'Darker', 'Darker', 'Darker', 'Darker', 'Darker', 'Darker', 'Darker', 'Darker', 'Darker', 'Darker', 'Darker', 'Darker', 'Darker', 'Darker', 'Darker', 'Darker', 'Darker', 'Darker', 'Darker', 'Darker', 'Darker', 'Darker', 'Darker', 'Darker', 'Darker', 'Darker', 'Darker', 'Darker', 'Darker', 'Darker', 'Darker', 'Darker', 'Darker', 'Darker', 'Darker', 'Darker', 'Darker', 'Darker', 'Darker', 'Darker', 'Darker', 'Darker', 'Darker', 'Darker', 'Darker', 'Darker', 'Darker', 'Darker', 'Darker', 'Darker', 'Darker', 'Darker', 'Darker', 'Darker', 'Darker', 'Darker', 'Darker', 'Darker', 'Darker', 'Darker', 'Darker', 'Darker', 'Darker', 'Darker', 'Darker', 'Darker', 'Darker', 'Darker', 'Darker', 'Darker', 'Darker', 'Darker', 'Darker', 'Darker', 'Darker', 'Darker', 'Darker', 'Darker', 'Darker', 'Darker', 'Darker', 'Darker', 'Darker', 'Darker', 'Darker', 'Darker', 'Darker', 'Darker', 'Darker', 'Darker', 'Darker', 'Darker', 'Darker', 'Darker', 'Darker', 'Darker', 'Darker', 'Darker', 'Darker', 'Darker', 'Darker', 'Darker', 'Darker', 'Darker', 'Darker', 'Darker', 'Darker', 'Darker', 'Darker', 'Darker', 'Darker', 'Darker', 'Darker', 'Darker', 'Darker', 'Darker', 'Darker', 'Darker', 'Darker', 'Darker', 'Darker', 'Darker', 'Darker', 'Darker', 'Darker', 'Darker', 'Darker', 'Darker', 'Darker', 'Darker', 'Darker', 'Darker', 'Darker', 'Darker', 'Darker', 'Darker', 'Darker', 'Darker', 'Darker', 'Darker', 'Darker', 'Darker', 'Darker', 'Darker', 'Darker', 'Darker', 'Darker', 'Darker', 'Darker', 'Darker', 'Darker', 'Darker', 'Darker', 'Darker', 'Darker', 'Darker', 'Darker', 'Darker', 'Darker', 'Darker', 'Darker', 'Darker', 'Darker', 'Darker', 'Darker', 'Darker', 'Darker', 'Darker', 'Darker', 'Darker', 'Darker', 'Darker', 'Darker', 'Darker', 'Darker', 'Darker', 'Darker', 'Darker', 'Darker', 'Darker', 'Darker', 'Darker', 'Darker', 'Darker', 'Darker', 'Darker', 'Darker', 'Darker', 'Darker', 'Darker', 'Darker', 'Darker', 'Darker', 'Darker', 'Darker', 'Darker', 'Darker', 'Darker', 'Darker', 'Darker', 'Darker', 'Darker', 'Darker', 'Darker', 'Darker', 'Darker', 'Darker', 'Darker', 'Darker', 'Darker', 'Darker', 'Darker', 'Darker', 'Darker', 'Darker', 'Darker', 'Darker', 'Darker', 'Darker', 'Darker', 'Darker', 'Darker', 'Darker', 'Darker', 'Darker', 'Darker', 'Darker', 'Darker', 'Darker', 'Darker', 'Darker', 'Darker', 'Darker', 'Darker', 'Darker', 'Darker', 'Darker', 'Darker', 'Darker', 'Darker', 'Darker', 'Darker', 'Darker', 'Darker', 'Darker', 'Darker', 'Darker', 'Darker', 'Darker', 'Darker', 'Darker', 'Darker', 'Darker', 'Darker', 'Darker', 'Darker', 'Darker', 'Darker', 'Darker', 'Darker', 'Darker', 'Darker', 'Darker', 'Darker', 'Darker', 'Darker', 'Darker', 'Darker', 'Darker', 'Darker', 'Darker', 'Darker', 'Darker', 'Darker', 'Darker', 'Darker', 'Darker', 'Darker', 'Darker', 'Darker', 'Darker', 'Darker', 'Darker', 'Darker', 'Darker', 'Darker', 'Darker', 'Darker', 'Darker', 'Darker', 'Darker', 'Darker', 'Darker', 'Darker', 'Darker', 'Darker', 'Darker', 'Darker', 'Darker', 'Darker', 'Darker', 'Darker', 'Darker', 'Darker', 'Darker', 'Darker', 'Darker', 'Darker', 'Darker', 'Darker', 'Darker', 'Darker', 'Darker', 'Darker', 'Darker', 'Darker', 'Darker', 'Darker', 'Darker', 'Darker', 'Darker', 'Darker', 'Darker', 'Darker', 'Darker', 'Darker', 'Darker', 'Darker', 'Darker', 'Darker', 'Darker', 'Darker', 'Darker', 'Darker', 'Darker', 'Darker', 'Darker', 'Darker', 'Darker', 'Darker', 'Darker', 'Darker', 'Darker', 'Darker', 'Darker', 'Darker', 'Darker', 'Darker', 'Darker', 'Darker', 'Darker', 'Darker', 'Darker', 'Darker', 'Darker', 'Darker', 'Darker', 'Darker', 'Darker', 'Darker', 'Darker', 'Darker', 'Darker', 'Darker', 'Darker', 'Darker', 'Darker', 'Darker', 'Darker', 'Darker', 'Darker', 'Darker', 'Darker', 'Darker', 'Darker', 'Darker', 'Darker', 'Darker', 'Darker', 'Darker', 'Darker', 'Darker', 'Darker', 'Darker', 'Darker', 'Darker', 'Darker', 'Darker', 'Darker', 'Darker', 'Darker', 'Darker', 'Darker', 'Darker', 'Darker', 'Darker', 'Darker', 'Darker', 'Darker', 'Darker', 'Darker', 'Darker', 'Darker', 'Darker', 'Darker', 'Darker', 'Darker', 'Darker', 'Darker', 'Darker', 'Darker', 'Darker', 'Darker', 'Darker', 'Darker', 'Darker', 'Darker', 'Darker', 'Darker', 'Darker', 'Darker', 'Darker', 'Darker', 'Darker', 'Darker', 'Darker', 'Darker', 'Darker', 'Darker', 'Darker', 'Darker', 'Darker', 'Darker', 'Darker', 'Darker', 'Darker', 'Darker', 'Darker', 'Darker', 'Darker', 'Darker', 'Darker', 'Darker', 'Darker', 'Darker', 'Darker', 'Darker', 'Darker', 'Darker', 'Darker', 'Darker', 'Darker', 'Darker', 'Darker', 'Darker', 'Darker', 'Darker', 'Darker', 'Darker', 'Darker', 'Darker', 'Darker', 'Darker', 'Darker', 'Darker', 'Darker', 'Darker', 'Darker', 'Darker', 'Darker', 'Darker', 'Darker', 'Darker', 'Darker', 'Darker', 'Darker', 'Darker', 'Darker', 'Darker', 'Darker', 'Darker', 'Darker', 'Darker', 'Darker', 'Darker', 'Darker', 'Darker', 'Darker', 'Darker', 'Darker', 'Darker', 'Darker', 'Darker', 'Darker', 'Darker', 'Darker', 'Darker', 'Darker', 'Darker', 'Darker', 'Darker', 'Darker', 'Darker', 'Darker', 'Darker', 'Darker', 'Darker', 'Darker', 'Darker', 'Darker', 'Darker', 'Darker', 'Darker', 'Darker', 'Darker', 'Darker', 'Darker', 'Darker', 'Darker', 'Darker', 'Darker', 'Darker', 'Darker', 'Darker', 'Darker', 'Darker', 'Darker', 'Darker', 'Darker', 'Darker', 'Darker', 'Darker', 'Darker', 'Darker', 'Darker', 'Darker', 'Darker', 'Darker', 'Darker', 'Darker', 'Darker', 'Darker', 'Darker', 'Darker', 'Darker', 'Darker', 'Darker', 'Darker', 'Darker', 'Darker', 'Darker', 'Darker', 'Darker', 'Darker', 'Darker', 'Darker', 'Darker', 'Darker', 'Darker', 'Darker', 'Darker', 'Darker', 'Darker', 'Darker', 'Darker', 'Darker', 'Darker', 'Darker', 'Darker', 'Darker', 'Darker', 'Darker', 'Darker', 'Darker', 'Darker', 'Darker', 'Darker', 'Darker', 'Darker', 'Darker', 'Darker', 'Darker', 'Darker', 'Darker', 'Darker', 'Darker', 'Darker', 'Darker', 'Darker', 'Darker', 'Darker', 'Darker', 'Darker', 'Darker', 'Darker', 'Darker', 'Darker', 'Darker', 'Darker', 'Darker', 'Darker', 'Darker', 'Darker', 'Darker', 'Darker', 'Darker', 'Darker', 'Darker', 'Darker', 'Darker', 'Darker', 'Darker', 'Darker', 'Darker', 'Darker', 'Darker', 'Darker', 'Darker', 'Darker', 'Darker', 'Darker', 'Darker', 'Darker', 'Darker', 'Darker', 'Darker', 'Darker', 'Darker', 'Darker', 'Darker', 'Darker', 'Darker', 'Darker', 'Darker', 'Darker', 'Darker', 'Darker', 'Darker', 'Darker', 'Darker', 'Darker', 'Darker', 'Darker', 'Darker', 'Darker', 'Darker', 'Darker', 'Darker', 'Darker', 'Darker', 'Darker', 'Darker', 'Darker', 'Darker', 'Darker', 'Darker', 'Darker', 'Darker', 'Darker', 'Darker', 'Darker', 'Darker', 'Darker', 'Darker', 'Darker', 'Darker', 'Darker', 'Darker', 'Darker', 'Darker', 'Darker', 'Darker', 'Darker', 'Darker', 'Darker', 'Darker', 'Darker', 'Darker', 'Darker', 'Darker', 'Darker', 'Darker', 'Darker', 'Darker', 'Darker', 'Darker', 'Darker', 'Darker', 'Darker', 'Darker', 'Darker', 'Darker', 'Darker', 'Darker', 'Darker', 'Darker', 'Darker', 'Darker', 'Darker', 'Darker', 'Darker', 'Darker', 'Darker', 'Darker', 'Darker', 'Darker', 'Darker', 'Darker', 'Darker', 'Darker', 'Darker', 'Darker', 'Darker', 'Darker', 'Darker', 'Darker', 'Darker', 'Darker', 'Darker', 'Darker', 'Darker', 'Darker', 'Darker', 'Darker', 'Darker', 'Darker', 'Darker', 'Darker', 'Darker', 'Darker', 'Darker', 'Darker', 'Darker', 'Darker', 'Darker', 'Darker', 'Darker', 'Darker', 'Darker', 'Darker', 'Darker', 'Darker', 'Darker', 'Darker', 'Darker', 'Darker', 'Darker', 'Darker', 'Darker', 'Darker', 'Darker', 'Darker', 'Darker', 'Darker', 'Darker', 'Darker', 'Darker', 'Darker', 'Darker', 'Darker', 'Darker', 'Darker', 'Darker', 'Darker', 'Darker', 'Darker', 'Darker', 'Darker', 'Darker', 'Darker', 'Darker', 'Darker', 'Darker', 'Darker', 'Darker', 'Darker', 'Darker', 'Darker', 'Darker', 'Darker', 'Darker', 'Darker', 'Darker', 'Darker', 'Darker', 'Darker', 'Darker', 'Darker', 'Darker', 'Darker', 'Darker', 'Darker', 'Darker', 'Darker', 'Darker', 'Darker', 'Darker', 'Darker', 'Darker', 'Darker', 'Darker', 'Darker', 'Darker', 'Darker', 'Darker', 'Darker', 'Darker', 'Darker', 'Darker', 'Darker', 'Darker', 'Darker', 'Darker', 'Darker', 'Darker', 'Darker', 'Darker', 'Darker', 'Darker', 'Darker', 'Darker', 'Darker', 'Darker', 'Darker', 'Darker', 'Darker', 'Darker', 'Darker', 'Darker', 'Darker', 'Darker', 'Darker', 'Darker', 'Darker', 'Darker', 'Darker', 'Darker', 'Darker', 'Darker', 'Darker', 'Darker', 'Darker', 'Darker', 'Darker', 'Darker', 'Darker', 'Darker', 'Darker', 'Darker', 'Darker', 'Darker', 'Darker', 'Darker', 'Darker', 'Darker', 'Darker', 'Darker', 'Darker', 'Darker', 'Darker', 'Darker', 'Darker', 'Darker', 'Darker', 'Darker', 'Darker', 'Darker', 'Darker', 'Darker', 'Darker', 'Darker', 'Darker', 'Darker', 'Darker', 'Darker', 'Darker', 'Darker', 'Darker', 'Darker', 'Darker', 'Darker', 'Darker', 'Darker', 'Darker', 'Darker', 'Darker', 'Darker', 'Darker', 'Darker', 'Darker', 'Darker', 'Darker', 'Darker', 'Darker', 'Darker', 'Darker', 'Darker', 'Darker', 'Darker', 'Darker', 'Darker', 'Darker', 'Darker', 'Darker', 'Darker', 'Darker', 'Darker', 'Darker', 'Darker', 'Darker', 'Darker', 'Darker', 'Darker', 'Darker', 'Darker', 'Darker', 'Darker', 'Darker', 'Darker', 'Darker', 'Darker', 'Darker', 'Darker', 'Darker', 'Darker', 'Darker', 'Darker', 'Darker', 'Darker', 'Darker', 'Darker', 'Darker', 'Darker', 'Darker', 'Darker', 'Darker', 'Darker', 'Darker', 'Darker', 'Darker', 'Darker', 'Darker', 'Darker', 'Darker', 'Darker', 'Darker', 'Darker', 'Darker', 'Darker', 'Darker', 'Darker', 'Darker', 'Darker', 'Darker', 'Darker', 'Darker', 'Darker', 'Darker', 'Darker', 'Darker', 'Darker', 'Darker', 'Darker', 'Darker', 'Darker', 'Darker', 'Darker', 'Darker', 'Darker', 'Darker', 'Darker', 'Darker', 'Darker', 'Darker', 'Darker', 'Darker', 'Darker', 'Darker', 'Darker', 'Darker', 'Darker', 'Darker', 'Darker', 'Darker', 'Darker', 'Darker', 'Darker', 'Darker', 'Darker', 'Darker', 'Darker', 'Darker', 'Darker', 'Darker', 'Darker', 'Darker', 'Darker', 'Darker', 'Darker', 'Darker', 'Darker', 'Darker', 'Darker', 'Darker', 'Darker', 'Darker', 'Darker', 'Darker', 'Darker', 'Darker', 'Darker', 'Darker', 'Darker', 'Darker', 'Darker', 'Darker', 'Darker', 'Darker', 'Darker', 'Darker', 'Darker', 'Darker', 'Darker', 'Darker', 'Darker', 'Darker', 'Darker', 'Darker', 'Darker', 'Darker', 'Darker', 'Darker', 'Darker', 'Darker', 'Darker', 'Darker', 'Darker', 'Darker', 'Darker', 'Darker', 'Darker', 'Darker', 'Darker', 'Darker', 'Darker', 'Darker', 'Darker', 'Darker', 'Darker', 'Darker', 'Darker', 'Darker', 'Darker', 'Darker', 'Darker', 'Darker', 'Darker', 'Darker', 'Darker', 'Darker', 'Darker', 'Darker', 'Darker', 'Darker', 'Darker', 'Darker', 'Darker', 'Darker', 'Darker', 'Darker', 'Darker', 'Darker', 'Darker', 'Darker', 'Darker', 'Darker', 'Darker', 'Darker', 'Darker', 'Darker', 'Darker', 'Darker', 'Darker', 'Darker', 'Darker', 'Darker', 'Darker', 'Darker', 'Darker', 'Darker', 'Darker', 'Darker', 'Darker', 'Darker', 'Darker', 'Darker', 'Darker', 'Darker', 'Darker', 'Darker', 'Darker', 'Darker', 'Darker', 'Darker', 'Darker', 'Darker', 'Darker', 'Darker', 'Darker', 'Darker', 'Darker', 'Darker', 'Darker', 'Darker', 'Darker', 'Darker', 'Darker', 'Darker', 'Darker', 'Darker', 'Darker', 'Darker', 'Darker', 'Darker', 'Darker', 'Darker', 'Darker', 'Darker', 'Darker', 'Darker', 'Darker', 'Darker', 'Darker', 'Darker', 'Darker', 'Darker', 'Darker', 'Darker', 'Darker', 'Darker', 'Darker', 'Darker', 'Darker', 'Darker', 'Darker', 'Darker', 'Darker', 'Darker', 'Darker', 'Darker', 'Darker', 'Darker', 'Darker', 'Darker', 'Darker', 'Darker', 'Darker', 'Darker', 'Darker', 'Darker', 'Darker', 'Darker', 'Darker', 'Darker', 'Darker', 'Darker', 'Darker', 'Darker', 'Darker', 'Darker', 'Darker', 'Darker', 'Darker', 'Darker', 'Darker', 'Darker', 'Darker', 'Darker', 'Darker', 'Darker', 'Darker', 'Darker', 'Darker', 'Darker', 'Darker', 'Darker', 'Darker', 'Darker', 'Darker', 'Darker', 'Darker', 'Darker', 'Darker', 'Darker', 'Darker', 'Darker', 'Darker', 'Darker', 'Darker', 'Darker', 'Darker', 'Darker', 'Darker', 'Darker', 'Darker', 'Darker', 'Darker', 'Darker', 'Darker', 'Darker', 'Darker', 'Darker', 'Darker', 'Darker', 'Darker', 'Darker', 'Darker', 'Darker', 'Darker', 'Darker', 'Darker', 'Darker', 'Darker', 'Darker', 'Darker', 'Darker', 'Darker', 'Darker', 'Darker', 'Darker', 'Darker', 'Darker', 'Darker', 'Darker', 'Darker', 'Darker', 'Darker', 'Darker', 'Darker', 'Darker', 'Darker', 'Darker', 'Darker', 'Darker', 'Darker', 'Darker', 'Darker', 'Darker', 'Darker', 'Darker', 'Darker', 'Darker', 'Darker', 'Darker', 'Darker', 'Darker', 'Darker', 'Darker', 'Darker', 'Darker', 'Darker', 'Darker', 'Darker', 'Darker', 'Darker', 'Darker', 'Darker', 'Darker', 'Darker', 'Darker', 'Darker', 'Darker', 'Darker', 'Darker', 'Darker', 'Darker', 'Darker', 'Darker', 'Darker', 'Darker', 'Darker', 'Darker', 'Darker', 'Darker', 'Darker', 'Darker', 'Darker', 'Darker', 'Darker', 'Darker', 'Darker', 'Darker', 'Darker', 'Darker', 'Darker', 'Darker', 'Darker', 'Darker', 'Darker', 'Darker', 'Darker', 'Darker', 'Darker', 'Darker', 'Darker', 'Darker', 'Darker', 'Darker', 'Darker', 'Darker', 'Darker', 'Darker', 'Darker', 'Darker', 'Darker', 'Darker', 'Darker', 'Darker', 'Darker', 'Darker', 'Darker', 'Darker', 'Darker', 'Darker', 'Darker', 'Darker', 'Darker', 'Darker', 'Darker', 'Darker', 'Darker', 'Darker', 'Darker', 'Darker', 'Darker', 'Darker', 'Darker', 'Darker', 'Darker', 'Darker', 'Darker', 'Darker', 'Darker', 'Darker', 'Darker', 'Darker', 'Darker', 'Darker', 'Darker', 'Darker', 'Darker', 'Darker', 'Darker', 'Darker', 'Darker', 'Darker', 'Darker', 'Darker', 'Darker', 'Darker', 'Darker', 'Darker', 'Darker', 'Darker', 'Darker', 'Darker', 'Darker', 'Darker', 'Darker', 'Darker', 'Darker', 'Darker', 'Darker', 'Darker', 'Darker', 'Darker', 'Darker', 'Darker', 'Darker', 'Darker', 'Darker', 'Darker', 'Darker', 'Darker', 'Darker', 'Darker', 'Darker', 'Darker', 'Darker', 'Darker', 'Darker', 'Darker', 'Darker', 'Darker', 'Darker', 'Darker', 'Darker', 'Darker', 'Darker', 'Darker', 'Darker', 'Darker', 'Darker', 'Darker', 'Darker', 'Darker', 'Darker', 'Darker', 'Darker', 'Darker', 'Darker', 'Darker', 'Darker', 'Darker', 'Darker', 'Darker', 'Darker', 'Darker', 'Darker', 'Darker', 'Darker', 'Darker', 'Darker', 'Darker', 'Darker', 'Darker', 'Darker', 'Darker', 'Darker', 'Darker', 'Darker', 'Darker', 'Darker', 'Darker', 'Darker', 'Darker', 'Darker', 'Darker', 'Darker', 'Darker', 'Darker', 'Darker', 'Darker', 'Darker', 'Darker', 'Darker', 'Darker', 'Darker', 'Darker', 'Darker', 'Darker', 'Darker', 'Darker', 'Darker', 'Darker', 'Darker', 'Darker', 'Darker', 'Darker', 'Darker', 'Darker', 'Darker', 'Darker', 'Darker', 'Darker', 'Darker', 'Darker', 'Darker', 'Darker', 'Darker', 'Darker', 'Darker', 'Darker', 'Darker', 'Darker', 'Darker', 'Darker', 'Darker', 'Darker', 'Darker', 'Darker', 'Darker', 'Darker', 'Darker', 'Darker', 'Darker', 'Darker', 'Darker', 'Darker', 'Darker', 'Darker', 'Darker', 'Darker', 'Darker', 'Darker', 'Darker', 'Darker', 'Darker', 'Darker', 'Darker', 'Darker', 'Darker', 'Darker', 'Darker', 'Darker', 'Darker', 'Darker', 'Darker', 'Darker', 'Darker', 'Darker', 'Darker', 'Darker', 'Darker', 'Darker', 'Darker', 'Darker', 'Darker', 'Darker', 'Darker', 'Darker', 'Darker', 'Darker', 'Darker', 'Darker', 'Darker', 'Darker', 'Darker', 'Darker', 'Darker', 'Darker', 'Darker', 'Darker', 'Darker', 'Darker', 'Darker', 'Darker', 'Darker', 'Darker', 'Darker', 'Darker', 'Darker', 'Darker', 'Darker', 'Darker', 'Darker', 'Darker', 'Darker', 'Darker', 'Darker', 'Darker', 'Darker', 'Darker', 'Darker', 'Darker', 'Darker', 'Darker', 'Darker', 'Darker', 'Darker', 'Darker', 'Darker', 'Darker', 'Darker', 'Darker', 'Darker', 'Darker', 'Darker', 'Darker', 'Darker', 'Darker', 'Darker', 'Darker', 'Darker', 'Darker', 'Darker', 'Darker', 'Darker', 'Darker', 'Darker', 'Darker', 'Darker', 'Darker', 'Darker', 'Darker', 'Darker', 'Darker', 'Darker', 'Darker', 'Darker', 'Darker', 'Darker', 'Darker', 'Darker', 'Darker', 'Darker', 'Darker', 'Darker', 'Darker', 'Darker', 'Darker', 'Darker', 'Darker', 'Darker', 'Darker', 'Darker', 'Darker', 'Darker', 'Darker', 'Darker', 'Darker', 'Darker', 'Darker', 'Darker', 'Darker', 'Darker', 'Darker', 'Darker', 'Darker', 'Darker', 'Darker', 'Darker', 'Darker', 'Darker', 'Darker', 'Darker', 'Darker', 'Darker', 'Darker', 'Darker', 'Darker', 'Darker', 'Darker', 'Darker', 'Darker', 'Darker', 'Darker', 'Darker', 'Darker', 'Darker', 'Darker', 'Darker', 'Darker', 'Darker', 'Darker', 'Darker', 'Darker', 'Darker', 'Darker', 'Darker', 'Darker', 'Darker', 'Darker', 'Darker', 'Darker', 'Darker', 'Darker', 'Darker', 'Darker', 'Darker', 'Darker', 'Darker', 'Darker', 'Darker', 'Darker', 'Darker', 'Darker', 'Darker', 'Darker', 'Darker', 'Darker', 'Darker', 'Darker', 'Darker', 'Darker', 'Darker', 'Darker', 'Darker', 'Darker', 'Darker', 'Darker', 'Darker', 'Darker', 'Darker', 'Darker', 'Darker', 'Darker', 'Darker', 'Darker', 'Darker', 'Darker', 'Darker', 'Darker', 'Darker', 'Darker', 'Darker', 'Darker', 'Darker', 'Darker', 'Darker', 'Darker', 'Darker', 'Darker', 'Darker', 'Darker', 'Darker', 'Darker', 'Darker', 'Darker', 'Darker', 'Darker', 'Darker', 'Darker', 'Darker', 'Darker', 'Darker', 'Darker', 'Darker', 'Darker', 'Darker', 'Darker', 'Darker', 'Darker', 'Darker', 'Darker', 'Darker', 'Darker', 'Darker', 'Darker', 'Darker', 'Darker', 'Darker', 'Darker', 'Darker', 'Darker', 'Darker', 'Darker', 'Darker', 'Darker', 'Darker', 'Darker', 'Darker', 'Darker', 'Darker', 'Darker', 'Darker', 'Darker', 'Darker', 'Darker', 'Darker', 'Darker', 'Darker', 'Darker', 'Darker', 'Darker', 'Darker', 'Darker', 'Darker', 'Darker', 'Darker', 'Darker', 'Darker', 'Darker', 'Darker', 'Darker', 'Darker', 'Darker', 'Darker', 'Darker', 'Darker', 'Darker', 'Darker', 'Darker', 'Darker', 'Darker', 'Darker', 'Darker', 'Darker', 'Darker', 'Darker', 'Darker', 'Darker', 'Darker', 'Darker', 'Darker', 'Darker', 'Darker', 'Darker', 'Darker', 'Darker', 'Darker', 'Darker', 'Darker', 'Darker', 'Darker', 'Darker', 'Darker', 'Darker', 'Darker', 'Darker', 'Darker', 'Darker', 'Darker', 'Darker', 'Darker', 'Darker', 'Darker', 'Darker', 'Darker', 'Darker', 'Darker', 'Darker', 'Darker', 'Darker', 'Darker', 'Darker', 'Darker', 'Darker', 'Darker', 'Darker', 'Darker', 'Darker', 'Darker', 'Darker', 'Darker', 'Darker', 'Darker', 'Darker', 'Darker', 'Darker', 'Darker', 'Darker', 'Darker', 'Darker', 'Darker', 'Darker', 'Darker', 'Darker', 'Darker', 'Darker', 'Darker', 'Darker', 'Darker', 'Darker', 'Darker', 'Darker', 'Darker', 'Darker', 'Darker', 'Darker', 'Darker', 'Darker', 'Darker', 'Darker', 'Darker', 'Darker', 'Darker', 'Darker', 'Darker', 'Darker', 'Darker', 'Darker', 'Darker', 'Darker', 'Darker', 'Darker', 'Darker', 'Darker', 'Darker', 'Darker', 'Darker', 'Darker', 'Darker', 'Darker', 'Darker', 'Darker', 'Darker', 'Darker', 'Darker', 'Darker', 'Darker', 'Darker', 'Darker', 'Darker', 'Darker', 'Darker', 'Darker', 'Darker', 'Darker', 'Darker', 'Darker', 'Darker', 'Darker', 'Darker', 'Darker', 'Darker', 'Darker', 'Darker', 'Darker', 'Darker', 'Darker', 'Darker', 'Darker', 'Darker', 'Darker', 'Darker', 'Darker', 'Darker', 'Darker', 'Darker', 'Darker', 'Darker', 'Darker', 'Darker', 'Darker', 'Darker', 'Darker', 'Darker', 'Darker', 'Darker', 'Darker', 'Darker', 'Darker', 'Darker', 'Darker', 'Darker', 'Darker', 'Darker', 'Darker', 'Darker', 'Darker', 'Darker', 'Darker', 'Darker', 'Darker', 'Darker', 'Darker', 'Darker', 'Darker', 'Darker', 'Darker', 'Darker', 'Darker', 'Darker', 'Darker', 'Darker', 'Darker', 'Darker', 'Darker', 'Darker', 'Darker', 'Darker', 'Darker', 'Darker', 'Darker', 'Darker', 'Darker', 'Darker', 'Darker', 'Darker', 'Darker', 'Darker', 'Darker', 'Darker', 'Darker', 'Darker', 'Darker', 'Darker', 'Darker', 'Darker', 'Darker', 'Darker', 'Darker', 'Darker', 'Darker', 'Darker', 'Darker', 'Darker', 'Darker', 'Darker', 'Darker', 'Darker', 'Darker', 'Darker', 'Darker', 'Darker', 'Darker', 'Darker', 'Darker', 'Darker', 'Darker', 'Darker', 'Darker', 'Darker', 'Darker', 'Darker', 'Darker', 'Darker', 'Darker', 'Darker', 'Darker', 'Darker', 'Darker', 'Darker', 'Darker', 'Darker', 'Darker', 'Darker', 'Darker', 'Darker', 'Darker', 'Darker', 'Darker', 'Darker', 'Darker', 'Darker', 'Darker', 'Darker', 'Darker', 'Darker', 'Darker', 'Darker', 'Darker', 'Darker', 'Darker', 'Darker', 'Darker', 'Darker', 'Darker', 'Darker', 'Darker', 'Darker', 'Darker', 'Darker', 'Darker', 'Darker', 'Darker', 'Darker', 'Darker', 'Darker', 'Darker', 'Darker', 'Darker', 'Darker', 'Darker', 'Darker', 'Darker', 'Darker', 'Darker', 'Darker', 'Darker', 'Darker', 'Darker', 'Darker', 'Darker', 'Darker', 'Darker', 'Darker', 'Darker', 'Darker', 'Darker', 'Darker', 'Darker', 'Darker', 'Darker', 'Darker', 'Darker', 'Darker', 'Darker', 'Darker', 'Darker', 'Darker', 'Darker', 'Darker', 'Darker', 'Darker', 'Darker', 'Darker', 'Darker', 'Darker', 'Darker', 'Darker', 'Darker', 'Darker', 'Darker', 'Darker', 'Darker', 'Darker', 'Darker', 'Darker', 'Darker', 'Darker', 'Darker', 'Darker', 'Darker', 'Darker', 'Darker', 'Darker', 'Darker', 'Darker', 'Darker', 'Darker', 'Darker', 'Darker', 'Darker', 'Darker', 'Darker', 'Darker', 'Darker', 'Darker', 'Darker', 'Darker', 'Darker', 'Darker', 'Darker', 'Darker', 'Darker', 'Darker', 'Darker', 'Darker', 'Darker', 'Darker', 'Darker', 'Darker', 'Darker', 'Darker', 'Darker', 'Darker', 'Darker', 'Darker', 'Darker', 'Darker', 'Darker', 'Darker', 'Darker', 'Darker', 'Darker', 'Darker', 'Darker', 'Darker', 'Darker', 'Darker', 'Darker', 'Darker', 'Darker', 'Darker', 'Darker', 'Darker', 'Darker', 'Darker', 'Darker', 'Darker', 'Darker', 'Darker', 'Darker', 'Darker', 'Darker', 'Darker', 'Darker', 'Darker', 'Darker', 'Darker', 'Darker', 'Darker', 'Darker', 'Darker', 'Darker', 'Darker', 'Darker', 'Darker', 'Darker', 'Darker', 'Darker', 'Darker', 'Darker', 'Darker', 'Darker', 'Darker', 'Darker', 'Darker', 'Darker', 'Darker', 'Darker', 'Darker', 'Darker', 'Darker', 'Darker', 'Darker', 'Darker', 'Darker', 'Darker', 'Darker', 'Darker', 'Darker', 'Darker', 'Darker', 'Darker', 'Darker', 'Darker', 'Darker', 'Darker', 'Darker', 'Darker', 'Darker', 'Darker', 'Darker', 'Darker', 'Darker', 'Darker', 'Darker', 'Darker', 'Darker', 'Darker', 'Darker', 'Darker', 'Darker', 'Darker', 'Darker', 'Darker', 'Darker', 'Darker', 'Darker', 'Darker', 'Darker', 'Darker', 'Darker', 'Darker', 'Darker', 'Darker', 'Darker', 'Darker', 'Darker', 'Darker', 'Darker', 'Darker', 'Darker', 'Darker', 'Darker', 'Darker', 'Darker', 'Darker', 'Darker', 'Darker', 'Darker', 'Darker', 'Darker', 'Darker', 'Darker', 'Darker', 'Darker', 'Darker', 'Darker', 'Darker', 'Darker', 'Darker', 'Darker', 'Darker', 'Darker', 'Darker', 'Darker', 'Darker', 'Darker', 'Darker', 'Darker', 'Darker', 'Darker', 'Darker', 'Darker', 'Darker', 'Darker', 'Darker', 'Darker', 'Darker', 'Darker', 'Darker', 'Darker', 'Darker', 'Darker', 'Darker', 'Darker', 'Darker', 'Darker', 'Darker', 'Darker', 'Darker', 'Darker', 'Darker', 'Darker', 'Darker', 'Darker', 'Darker', 'Darker', 'Darker', 'Darker', 'Darker', 'Darker', 'Darker', 'Darker', 'Darker', 'Darker', 'Darker', 'Darker', 'Darker', 'Darker', 'Darker', 'Darker', 'Darker', 'Darker', 'Darker', 'Darker', 'Darker', 'Darker', 'Darker', 'Darker', 'Darker', 'Darker', 'Darker', 'Darker', 'Darker', 'Darker', 'Darker', 'Darker', 'Darker', 'Darker', 'Darker', 'Darker', 'Darker', 'Darker', 'Darker', 'Darker', 'Darker', 'Darker', 'Darker', 'Darker', 'Darker', 'Darker', 'Darker', 'Darker', 'Darker', 'Darker', 'Darker', 'Darker', 'Darker', 'Darker', 'Darker', 'Darker', 'Darker', 'Darker', 'Darker', 'Darker', 'Darker', 'Darker', 'Darker', 'Darker', 'Darker', 'Darker', 'Darker', 'Darker', 'Darker', 'Darker', 'Darker', 'Darker', 'Darker', 'Darker', 'Darker', 'Darker', 'Darker', 'Darker', 'Darker', 'Darker', 'Darker', 'Darker', 'Darker', 'Darker', 'Darker', 'Darker', 'Darker', 'Darker', 'Darker', 'Darker', 'Darker', 'Darker', 'Darker', 'Darker', 'Darker', 'Darker', 'Darker', 'Darker', 'Darker', 'Darker', 'Darker', 'Darker', 'Darker', 'Darker', 'Darker', 'Darker', 'Darker', 'Darker', 'Darker', 'Darker', 'Darker', 'Darker', 'Darker', 'Darker', 'Darker', 'Darker', 'Darker', 'Darker', 'Darker', 'Darker', 'Darker', 'Darker', 'Darker', 'Darker', 'Darker', 'Darker', 'Darker', 'Darker', 'Darker', 'Darker', 'Darker', 'Darker', 'Darker', 'Darker', 'Darker', 'Darker', 'Darker', 'Darker', 'Darker', 'Darker', 'Darker', 'Darker', 'Darker', 'Darker', 'Darker', 'Darker', 'Darker', 'Darker', 'Darker', 'Darker', 'Darker', 'Darker', 'Darker', 'Darker', 'Darker', 'Darker', 'Darker', 'Darker', 'Darker', 'Darker', 'Darker', 'Darker', 'Darker', 'Darker', 'Darker', 'Darker', 'Darker', 'Darker', 'Darker', 'Darker', 'Darker', 'Darker', 'Darker', 'Darker', 'Darker', 'Darker', 'Darker', 'Darker', 'Darker', 'Darker', 'Darker', 'Darker', 'Darker', 'Darker', 'Darker', 'Darker', 'Darker', 'Darker', 'Darker', 'Darker', 'Darker', 'Darker', 'Darker', 'Darker', 'Darker', 'Darker', 'Darker', 'Darker', 'Darker', 'Darker', 'Darker', 'Darker', 'Darker', 'Darker', 'Darker', 'Darker', 'Darker', 'Darker', 'Darker', 'Darker', 'Darker', 'Darker', 'Darker', 'Darker', 'Darker', 'Darker', 'Darker', 'Darker', 'Darker', 'Darker', 'Darker', 'Darker', 'Darker', 'Darker', 'Darker', 'Darker', 'Darker', 'Darker', 'Darker', 'Darker', 'Darker', 'Darker', 'Darker', 'Darker', 'Darker', 'Darker', 'Darker', 'Darker', 'Darker', 'Darker', 'Darker', 'Darker', 'Darker', 'Darker', 'Darker', 'Darker', 'Darker', 'Darker', 'Darker', 'Darker', 'Darker', 'Darker', 'Darker', 'Darker', 'Darker', 'Darker', 'Darker', 'Darker', 'Darker', 'Darker', 'Darker', 'Darker', 'Darker', 'Darker', 'Darker', 'Darker', 'Darker', 'Darker', 'Darker', 'Darker', 'Darker', 'Darker', 'Darker', 'Darker', 'Darker', 'Darker', 'Darker', 'Darker', 'Darker', 'Darker', 'Darker', 'Darker', 'Darker', 'Darker', 'Darker', 'Darker', 'Darker', 'Darker', 'Darker', 'Darker', 'Darker', 'Darker', 'Darker', 'Darker', 'Darker', 'Darker', 'Darker', 'Darker', 'Darker', 'Darker', 'Darker', 'Darker', 'Darker', 'Darker', 'Darker', 'Darker', 'Darker', 'Darker', 'Darker', 'Darker', 'Darker', 'Darker', 'Darker', 'Darker', 'Darker', 'Darker', 'Darker', 'Darker', 'Darker', 'Darker', 'Darker', 'Darker', 'Darker', 'Darker', 'Darker', 'Darker', 'Darker', 'Darker', 'Darker', 'Darker', 'Darker', 'Darker', 'Darker', 'Darker', 'Darker', 'Darker', 'Darker', 'Darker', 'Darker', 'Darker', 'Darker', 'Darker', 'Darker', 'Darker', 'Darker', 'Darker', 'Darker', 'Darker', 'Darker', 'Darker', 'Darker', 'Darker', 'Darker', 'Darker', 'Darker', 'Darker', 'Darker', 'Darker', 'Darker', 'Darker', 'Darker', 'Darker', 'Darker', 'Darker', 'Darker', 'Darker', 'Darker', 'Darker', 'Darker', 'Darker', 'Darker', 'Darker', 'Darker', 'Darker', 'Darker', 'Darker', 'Darker', 'Darker', 'Darker', 'Darker', 'Darker', 'Darker', 'Darker', 'Darker', 'Darker', 'Darker', 'Darker', 'Darker', 'Darker', 'Darker', 'Darker', 'Darker', 'Darker', 'Darker', 'Darker', 'Darker', 'Darker', 'Darker', 'Darker', 'Darker', 'Darker', 'Darker', 'Darker', 'Darker', 'Darker', 'Darker', 'Darker', 'Darker', 'Darker', 'Darker', 'Darker', 'Darker', 'Darker', 'Darker', 'Darker', 'Darker', 'Darker', 'Darker', 'Darker', 'Darker', 'Darker', 'Darker', 'Darker', 'Darker', 'Darker', 'Darker', 'Darker', 'Darker', 'Darker', 'Darker', 'Darker', 'Darker', 'Darker', 'Darker', 'Darker', 'Darker', 'Darker', 'Darker', 'Darker', 'Darker', 'Darker', 'Darker', 'Darker', 'Darker', 'Darker', 'Darker', 'Darker', 'Darker', 'Darker', 'Darker', 'Darker', 'Darker', 'Darker', 'Darker', 'Darker', 'Darker', 'Darker', 'Darker', 'Darker', 'Darker', 'Darker', 'Darker', 'Darker', 'Darker', 'Darker', 'Darker', 'Darker', 'Darker', 'Darker', 'Darker', 'Darker', 'Darker', 'Darker', 'Darker', 'Darker', 'Darker', 'Darker', 'Darker', 'Darker', 'Darker', 'Darker', 'Darker', 'Darker', 'Darker', 'Darker', 'Darker', 'Darker', 'Darker', 'Darker', 'Darker', 'Darker', 'Darker', 'Darker', 'Darker', 'Darker', 'Darker', 'Darker', 'Darker', 'Darker', 'Darker', 'Darker', 'Darker', 'Darker', 'Darker', 'Darker', 'Darker', 'Darker', 'Darker', 'Darker', 'Darker', 'Darker', 'Darker', 'Darker', 'Darker', 'Darker', 'Darker', 'Darker', 'Darker', 'Darker', 'Darker', 'Darker', 'Darker', 'Darker', 'Darker', 'Darker', 'Darker', 'Darker', 'Darker', 'Darker', 'Darker', 'Darker', 'Darker', 'Darker', 'Darker', 'Darker', 'Darker', 'Darker', 'Darker', 'Darker', 'Darker', 'Darker', 'Darker', 'Darker', 'Darker', 'Darker', 'Darker', 'Darker', 'Darker', 'Darker', 'Darker', 'Darker', 'Darker', 'Darker', 'Darker', 'Darker', 'Darker', 'Darker', 'Darker', 'Darker', 'Darker', 'Darker', 'Darker', 'Darker', 'Darker', 'Darker', 'Darker', 'Darker', 'Darker', 'Darker', 'Darker', 'Darker', 'Darker', 'Darker', 'Darker', 'Darker', 'Darker', 'Darker', 'Darker', 'Darker', 'Darker', 'Darker', 'Darker', 'Darker', 'Darker', 'Darker', 'Darker', 'Darker', 'Darker', 'Darker', 'Darker', 'Darker', 'Darker', 'Darker', 'Darker', 'Darker', 'Darker', 'Darker', 'Darker', 'Darker', 'Darker', 'Darker', 'Darker', 'Darker', 'Darker', 'Darker', 'Darker', 'Darker', 'Darker', 'Darker', 'Darker', 'Darker', 'Darker', 'Darker', 'Darker', 'Darker', 'Darker', 'Darker', 'Darker', 'Darker', 'Darker', 'Darker', 'Darker', 'Darker', 'Darker', 'Darker', 'Darker', 'Darker', 'Darker', 'Darker', 'Darker', 'Darker', 'Darker', 'Darker', 'Darker', 'Darker', 'Darker', 'Darker', 'Darker', 'Darker', 'Darker', 'Darker', 'Darker', 'Darker', 'Darker', 'Darker', 'Darker', 'Darker', 'Darker', 'Darker', 'Darker', 'Darker', 'Darker', 'Darker', 'Darker', 'Darker', 'Darker', 'Darker', 'Darker', 'Darker', 'Darker', 'Darker', 'Darker', 'Darker', 'Darker', 'Darker', 'Darker', 'Darker', 'Darker', 'Darker', 'Darker', 'Darker', 'Darker', 'Darker', 'Darker', 'Darker', 'Darker', 'Darker', 'Darker', 'Darker', 'Darker', 'Darker', 'Darker', 'Darker', 'Darker', 'Darker', 'Darker', 'Darker', 'Darker', 'Darker', 'Darker', 'Darker', 'Darker', 'Darker', 'Darker', 'Darker', 'Darker', 'Darker', 'Darker', 'Darker', 'Darker', 'Darker', 'Darker', 'Darker', 'Darker', 'Darker', 'Darker', 'Darker', 'Darker', 'Darker', 'Darker', 'Darker', 'Darker', 'Darker', 'Darker', 'Darker', 'Darker', 'Darker', 'Darker', 'Darker', 'Darker', 'Darker', 'Darker', 'Darker', 'Darker', 'Darker', 'Darker', 'Darker', 'Darker', 'Darker', 'Darker', 'Darker', 'Darker', 'Darker', 'Darker', 'Darker', 'Darker', 'Darker', 'Darker', 'Darker', 'Darker', 'Darker', 'Darker', 'Darker', 'Darker', 'Darker', 'Darker', 'Darker', 'Darker', 'Darker', 'Darker', 'Darker', 'Darker', 'Darker', 'Darker', 'Darker', 'Darker', 'Darker', 'Darker', 'Darker', 'Darker', 'Darker', 'Darker', 'Darker', 'Darker', 'Darker', 'Darker', 'Darker', 'Darker', 'Darker', 'Darker', 'Darker', 'Darker', 'Darker', 'Darker', 'Darker', 'Darker', 'Darker', 'Darker', 'Darker', 'Darker', 'Darker', 'Darker', 'Darker', 'Darker', 'Darker', 'Darker', 'Darker', 'Darker', 'Darker', 'Darker', 'Darker', 'Darker', 'Darker', 'Darker', 'Darker', 'Darker', 'Darker', 'Darker', 'Darker', 'Darker', 'Darker', 'Darker', 'Darker', 'Darker', 'Darker', 'Darker', 'Darker', 'Darker', 'Darker', 'Darker', 'Darker', 'Darker', 'Darker', 'Darker', 'Darker', 'Darker', 'Darker', 'Darker', 'Darker', 'Darker', 'Darker', 'Darker', 'Darker', 'Darker', 'Darker', 'Darker', 'Darker', 'Darker', 'Darker', 'Darker', 'Darker', 'Darker', 'Darker', 'Darker', 'Darker', 'Darker', 'Darker', 'Darker', 'Darker', 'Darker', 'Darker', 'Darker', 'Darker', 'Darker', 'Darker', 'Darker', 'Darker', 'Darker', 'Darker', 'Darker', 'Darker', 'Darker', 'Darker', 'Darker', 'Darker', 'Darker', 'Darker', 'Darker', 'Darker', 'Darker', 'Darker', 'Darker', 'Darker', 'Darker', 'Darker', 'Darker', 'Darker', 'Darker', 'Darker', 'Darker', 'Darker', 'Darker', 'Darker', 'Darker', 'Darker', 'Darker', 'Darker', 'Darker', 'Darker', 'Darker', 'Darker', 'Darker', 'Darker', 'Darker', 'Darker', 'Darker', 'Darker', 'Darker', 'Darker', 'Darker', 'Darker', 'Darker', 'Darker', 'Darker', 'Darker', 'Darker', 'Darker', 'Darker', 'Darker', 'Darker', 'Darker', 'Darker', 'Darker', 'Darker', 'Darker', 'Darker', 'Darker', 'Darker', 'Darker', 'Darker', 'Darker', 'Darker', 'Darker', 'Darker', 'Darker', 'Darker', 'Darker', 'Darker', 'Darker', 'Darker', 'Darker', 'Darker', 'Darker', 'Darker', 'Darker', 'Darker', 'Darker', 'Darker', 'Darker', 'Darker', 'Darker', 'Darker', 'Darker', 'Darker', 'Darker', 'Darker', 'Darker', 'Darker', 'Darker', 'Darker', 'Darker', 'Darker', 'Darker', 'Darker', 'Darker', 'Darker', 'Darker', 'Darker', 'Darker', 'Darker', 'Darker', 'Darker', 'Darker', 'Darker', 'Darker', 'Darker', 'Darker', 'Darker', 'Darker', 'Darker', 'Darker', 'Darker', 'Darker', 'Darker', 'Darker', 'Darker', 'Darker', 'Darker', 'Darker', 'Darker', 'Darker', 'Darker', 'Darker', 'Darker', 'Darker', 'Darker', 'Darker', 'Darker', 'Darker', 'Darker', 'Darker', 'Darker', 'Darker', 'Darker', 'Darker', 'Darker', 'Darker', 'Darker', 'Darker', 'Darker', 'Darker', 'Darker', 'Darker', 'Darker', 'Darker', 'Darker', 'Darker', 'Darker', 'Darker', 'Darker', 'Darker', 'Darker', 'Darker', 'Darker', 'Darker', 'Darker', 'Darker', 'Darker', 'Darker', 'Darker', 'Darker', 'Darker', 'Darker', 'Darker', 'Darker', 'Darker', 'Darker', 'Darker', 'Darker', 'Darker', 'Darker', 'Darker', 'Darker', 'Darker', 'Darker', 'Darker', 'Darker', 'Darker', 'Darker', 'Darker', 'Darker', 'Darker', 'Darker', 'Darker', 'Darker', 'Darker', 'Darker', 'Darker', 'Darker', 'Darker', 'Darker', 'Darker', 'Darker', 'Darker', 'Darker', 'Darker', 'Darker', 'Darker', 'Darker', 'Darker', 'Darker', 'Darker', 'Darker', 'Darker', 'Darker', 'Darker', 'Darker', 'Darker', 'Darker', 'Darker', 'Darker', 'Darker', 'Darker', 'Darker', 'Darker', 'Darker', 'Darker', 'Darker', 'Darker', 'Darker', 'Darker', 'Darker', 'Darker', 'Darker', 'Darker', 'Darker', 'Darker', 'Darker', 'Darker', 'Darker', 'Darker', 'Darker', 'Darker', 'Darker', 'Darker', 'Darker', 'Darker', 'Darker', 'Darker', 'Darker', 'Darker', 'Darker', 'Darker', 'Darker', 'Darker', 'Darker', 'Darker', 'Darker', 'Darker', 'Darker', 'Darker', 'Darker', 'Darker', 'Darker', 'Darker', 'Darker', 'Darker', 'Darker', 'Darker', 'Darker', 'Darker', 'Darker', 'Darker', 'Darker', 'Darker', 'Darker', 'Darker', 'Darker', 'Darker', 'Darker', 'Darker', 'Darker', 'Darker', 'Darker', 'Darker', 'Darker', 'Darker', 'Darker', 'Darker', 'Darker', 'Darker', 'Darker', 'Darker', 'Darker', 'Darker', 'Darker', 'Darker', 'Darker', 'Darker', 'Darker', 'Darker', 'Darker', 'Darker', 'Darker', 'Darker', 'Darker', 'Darker', 'Darker', 'Darker', 'Darker', 'Darker', 'Darker', 'Darker', 'Darker', 'Darker', 'Darker', 'Darker', 'Darker', 'Darker', 'Darker', 'Darker', 'Darker', 'Darker', 'Darker', 'Darker', 'Darker', 'Darker', 'Darker', 'Darker', 'Darker', 'Darker', 'Darker', 'Darker', 'Darker', 'Darker', 'Darker', 'Darker', 'Darker', 'Darker', 'Darker', 'Darker', 'Darker', 'Darker', 'Darker', 'Darker', 'Darker', 'Darker', 'Darker', 'Darker', 'Darker', 'Darker', 'Darker', 'Darker', 'Darker', 'Darker', 'Darker', 'Darker', 'Darker', 'Darker', 'Darker', 'Darker', 'Darker', 'Darker', 'Darker', 'Darker', 'Darker', 'Darker', 'Darker', 'Darker', 'Darker', 'Darker', 'Darker', 'Darker', 'Darker', 'Darker', 'Darker', 'Darker', 'Darker', 'Darker', 'Darker', 'Darker', 'Darker', 'Darker', 'Darker', 'Darker', 'Darker', 'Darker', 'Darker', 'Darker', 'Darker', 'Darker', 'Darker', 'Darker', 'Darker', 'Darker', 'Darker', 'Darker', 'Darker', 'Darker', 'Darker', 'Darker', 'Darker', 'Darker', 'Darker', 'Darker', 'Darker', 'Darker', 'Darker', 'Darker', 'Darker', 'Darker', 'Darker', 'Darker', 'Darker', 'Darker', 'Darker', 'Darker', 'Darker', 'Darker', 'Darker', 'Darker', 'Darker', 'Darker', 'Darker', 'Darker', 'Darker', 'Darker', 'Darker', 'Darker', 'Darker', 'Darker', 'Darker', 'Darker', 'Darker', 'Darker', 'Darker', 'Darker', 'Darker', 'Darker', 'Darker', 'Darker', 'Darker', 'Darker', 'Darker', 'Darker', 'Darker', 'Darker', 'Darker', 'Darker', 'Darker', 'Darker', 'Darker', 'Darker', 'Darker', 'Darker', 'Darker', 'Darker', 'Darker', 'Darker', 'Darker', 'Darker', 'Darker', 'Darker', 'Darker', 'Darker', 'Darker', 'Darker', 'Darker', 'Darker', 'Darker', 'Darker', 'Darker', 'Darker', 'Darker', 'Darker', 'Darker', 'Darker', 'Darker', 'Darker', 'Darker', 'Darker', 'Darker', 'Darker', 'Darker', 'Darker', 'Darker', 'Darker', 'Darker', 'Darker', 'Darker', 'Darker', 'Darker', 'Darker', 'Darker', 'Darker', 'Darker', 'Darker', 'Darker', 'Darker', 'Darker', 'Darker', 'Darker', 'Darker', 'Darker', 'Darker', 'Darker', 'Darker', 'Darker', 'Darker', 'Darker', 'Darker', 'Darker', 'Darker', 'Darker', 'Darker', 'Darker', 'Darker', 'Darker', 'Darker', 'Darker', 'Darker', 'Darker', 'Darker', 'Darker', 'Darker', 'Darker', 'Darker', 'Darker', 'Darker', 'Darker', 'Darker', 'Darker', 'Darker', 'Darker', 'Darker', 'Darker', 'Darker', 'Darker', 'Darker', 'Darker', 'Darker', 'Darker', 'Darker', 'Darker', 'Darker', 'Darker', 'Darker', 'Darker', 'Darker', 'Darker', 'Darker', 'Darker', 'Darker', 'Darker', 'Darker', 'Darker', 'Darker', 'Darker', 'Darker', 'Darker', 'Darker', 'Darker', 'Darker', 'Darker', 'Darker', 'Darker', 'Darker', 'Darker', 'Darker', 'Darker', 'Darker', 'Darker', 'Darker', 'Darker', 'Darker', 'Darker', 'Darker', 'Darker', 'Darker', 'Darker', 'Darker', 'Darker', 'Darker', 'Darker', 'Darker', 'Darker', 'Darker', 'Darker', 'Darker', 'Darker', 'Darker', 'Darker', 'Darker', 'Darker', 'Darker', 'Darker', 'Darker', 'Darker', 'Darker', 'Darker', 'Darker', 'Darker', 'Darker', 'Darker', 'Darker', 'Darker', 'Darker', 'Darker', 'Darker', 'Darker', 'Darker', 'Darker', 'Darker', 'Darker', 'Darker', 'Darker', 'Darker', 'Darker', 'Darker', 'Darker', 'Darker', 'Darker', 'Darker', 'Darker', 'Darker', 'Darker', 'Darker', 'Darker', 'Darker', 'Darker', 'Darker', 'Darker', 'Darker', 'Darker', 'Darker', 'Darker', 'Darker', 'Darker', 'Darker', 'Darker', 'Darker', 'Darker', 'Darker', 'Darker', 'Darker', 'Darker', 'Darker', 'Darker', 'Darker', 'Darker', 'Darker', 'Darker', 'Darker', 'Darker', 'Darker', 'Darker', 'Darker', 'Darker', 'Darker', 'Darker', 'Darker', 'Darker', 'Darker', 'Darker', 'Darker', 'Darker', 'Darker', 'Darker', 'Darker', 'Darker', 'Darker', 'Darker', 'Darker', 'Darker', 'Darker', 'Darker', 'Darker', 'Darker', 'Darker', 'Darker', 'Darker', 'Darker', 'Darker', 'Darker', 'Darker', 'Darker', 'Darker', 'Darker', 'Darker', 'Darker', 'Darker', 'Darker', 'Darker', 'Darker', 'Darker', 'Darker', 'Darker', 'Darker', 'Darker', 'Darker', 'Darker', 'Darker', 'Darker', 'Darker', 'Darker', 'Darker', 'Darker', 'Darker', 'Darker', 'Darker', 'Darker', 'Darker', 'Darker', 'Darker', 'Darker', 'Darker', 'Darker', 'Darker', 'Darker', 'Darker', 'Darker', 'Darker', 'Darker', 'Darker', 'Darker', 'Darker', 'Darker', 'Darker', 'Darker', 'Darker', 'Darker', 'Darker', 'Darker', 'Darker', 'Darker', 'Darker', 'Darker', 'Darker', 'Darker', 'Darker', 'Darker', 'Darker', 'Darker', 'Darker', 'Darker', 'Darker', 'Darker', 'Darker', 'Darker', 'Darker', 'Darker', 'Darker', 'Darker', 'Darker', 'Darker', 'Darker', 'Darker', 'Darker', 'Darker', 'Darker', 'Darker', 'Darker', 'Darker', 'Darker', 'Darker', 'Darker', 'Darker', 'Darker', 'Darker', 'Darker', 'Darker', 'Darker', 'Darker', 'Darker', 'Darker', 'Darker', 'Darker', 'Darker', 'Darker', 'Darker', 'Darker', 'Darker', 'Darker', 'Darker', 'Darker', 'Darker', 'Darker', 'Darker', 'Darker', 'Darker', 'Darker', 'Darker', 'Darker', 'Darker', 'Darker', 'Darker', 'Darker', 'Darker', 'Darker', 'Darker', 'Darker', 'Darker', 'Darker', 'Darker', 'Darker', 'Darker', 'Darker', 'Darker', 'Darker', 'Darker', 'Darker', 'Darker', 'Darker', 'Darker', 'Darker', 'Darker', 'Darker', 'Darker', 'Darker', 'Darker', 'Darker', 'Darker', 'Darker', 'Darker', 'Darker', 'Darker', 'Darker', 'Darker', 'Darker', 'Darker', 'Darker', 'Darker', 'Darker', 'Darker', 'Darker', 'Darker', 'Darker', 'Darker', 'Darker', 'Darker', 'Darker', 'Darker', 'Darker', 'Darker', 'Darker', 'Darker', 'Darker', 'Darker', 'Darker', 'Darker', 'Darker', 'Darker', 'Darker', 'Darker', 'Darker', 'Darker', 'Darker', 'Darker', 'Darker', 'Darker', 'Darker', 'Darker', 'Darker', 'Darker', 'Darker', 'Darker', 'Darker', 'Darker', 'Darker', 'Darker', 'Darker', 'Darker', 'Darker', 'Darker', 'Darker', 'Darker', 'Darker', 'Darker', 'Darker', 'Darker', 'Darker', 'Darker', 'Darker', 'Darker', 'Darker', 'Darker', 'Darker', 'Darker', 'Darker', 'Darker', 'Darker', 'Darker', 'Darker', 'Darker', 'Darker', 'Darker', 'Darker', 'Darker', 'Darker', 'Darker', 'Darker', 'Darker', 'Darker', 'Darker', 'Darker', 'Darker', 'Darker', 'Darker', 'Darker', 'Darker', 'Darker', 'Darker', 'Darker', 'Darker', 'Darker', 'Darker', 'Darker', 'Darker', 'Darker', 'Darker', 'Darker', 'Darker', 'Darker', 'Darker', 'Darker', 'Darker', 'Darker', 'Darker', 'Darker', 'Darker', 'Darker', 'Darker', 'Darker', 'Darker', 'Darker', 'Darker', 'Darker', 'Darker', 'Darker', 'Darker', 'Darker', 'Darker', 'Darker', 'Darker', 'Darker', 'Darker', 'Darker', 'Darker', 'Darker', 'Darker', 'Darker', 'Darker', 'Darker', 'Darker', 'Darker', 'Darker', 'Darker', 'Darker', 'Darker', 'Darker', 'Darker', 'Darker', 'Darker', 'Darker', 'Darker', 'Darker', 'Darker', 'Darker', 'Darker', 'Darker', 'Darker', 'Darker', 'Darker', 'Darker', 'Darker', 'Darker', 'Darker', 'Darker', 'Darker', 'Darker', 'Darker', 'Darker', 'Darker', 'Darker', 'Darker', 'Darker', 'Darker', 'Darker', 'Darker', 'Darker', 'Darker', 'Darker', 'Darker', 'Darker', 'Darker', 'Darker', 'Darker', 'Darker', 'Darker', 'Darker', 'Darker', 'Darker', 'Darker', 'Darker', 'Darker', 'Darker', 'Darker', 'Darker', 'Darker', 'Darker', 'Darker', 'Darker', 'Darker', 'Darker', 'Darker', 'Darker', 'Darker', 'Darker', 'Darker', 'Darker', 'Darker', 'Darker', 'Darker', 'Darker', 'Darker', 'Darker', 'Darker', 'Darker', 'Darker', 'Darker', 'Darker', 'Darker', 'Darker', 'Darker', 'Darker', 'Darker', 'Darker', 'Darker', 'Darker', 'Darker', 'Darker', 'Darker', 'Darker', 'Darker', 'Darker', 'Darker', 'Darker', 'Darker', 'Darker', 'Darker', 'Darker', 'Darker', 'Darker', 'Darker', 'Darker', 'Darker', 'Darker', 'Darker', 'Darker', 'Darker', 'Darker', 'Darker', 'Darker', 'Darker', 'Darker', 'Darker', 'Darker', 'Darker', 'Darker', 'Darker', 'Darker', 'Darker', 'Darker', 'Darker', 'Darker', 'Darker', 'Darker', 'Darker', 'Darker', 'Darker', 'Darker', 'Darker', 'Darker', 'Darker', 'Darker', 'Darker', 'Darker', 'Darker', 'Darker', 'Darker', 'Darker', 'Darker', 'Darker', 'Darker', 'Darker', 'Darker', 'Darker', 'Darker', 'Darker', 'Darker', 'Darker', 'Darker', 'Darker', 'Darker', 'Darker', 'Darker', 'Darker', 'Darker', 'Darker', 'Darker', 'Darker', 'Darker', 'Darker', 'Darker', 'Darker', 'Darker', 'Darker', 'Darker', 'Darker', 'Darker', 'Darker', 'Darker', 'Darker', 'Darker', 'Darker', 'Darker', 'Darker', 'Darker', 'Darker', 'Darker', 'Darker', 'Darker', 'Darker', 'Darker', 'Darker', 'Darker', 'Darker', 'Darker', 'Darker', 'Darker', 'Darker', 'Darker', 'Darker', 'Darker', 'Darker', 'Darker', 'Darker', 'Darker', 'Darker', 'Darker', 'Darker', 'Darker', 'Darker', 'Darker', 'Darker', 'Darker', 'Darker', 'Darker', 'Darker', 'Darker', 'Darker', 'Darker', 'Darker', 'Darker', 'Darker', 'Darker', 'Darker', 'Darker', 'Darker', 'Darker', 'Darker', 'Darker', 'Darker', 'Darker', 'Darker', 'Darker', 'Darker', 'Darker', 'Darker', 'Darker', 'Darker', 'Darker', 'Darker', 'Darker', 'Darker', 'Darker', 'Darker', 'Darker', 'Darker', 'Darker', 'Darker', 'Darker', 'Darker', 'Darker', 'Darker', 'Darker', 'Darker', 'Darker', 'Darker', 'Darker', 'Darker', 'Darker', 'Darker', 'Darker', 'Darker', 'Darker', 'Darker', 'Darker', 'Darker', 'Darker', 'Darker', 'Darker', 'Darker', 'Darker', 'Darker', 'Darker', 'Darker', 'Darker', 'Darker', 'Darker', 'Darker', 'Darker', 'Darker', 'Darker', 'Darker', 'Darker', 'Darker', 'Darker', 'Darker', 'Darker', 'Darker', 'Darker', 'Darker', 'Darker', 'Darker', 'Darker', 'Darker', 'Darker', 'Darker', 'Darker', 'Darker', 'Darker', 'Darker', 'Darker', 'Darker', 'Darker', 'Darker', 'Darker', 'Darker', 'Darker', 'Darker', 'Darker', 'Darker', 'Darker', 'Darker', 'Darker', 'Darker', 'Darker', 'Darker', 'Darker', 'Darker', 'Darker', 'Darker', 'Darker', 'Darker', 'Darker', 'Darker', 'Darker', 'Darker', 'Darker', 'Darker', 'Darker', 'Darker', 'Darker', 'Darker', 'Darker', 'Darker', 'Darker', 'Darker', 'Darker', 'Darker', 'Darker', 'Darker', 'Darker', 'Darker', 'Darker', 'Darker', 'Darker', 'Darker', 'Darker', 'Darker', 'Darker', 'Darker', 'Darker', 'Darker', 'Darker', 'Darker', 'Darker', 'Darker', 'Darker', 'Darker', 'Darker', 'Darker', 'Darker', 'Darker', 'Darker', 'Darker', 'Darker', 'Darker', 'Darker', 'Darker', 'Darker', 'Darker', 'Darker', 'Darker', 'Darker', 'Darker', 'Darker', 'Darker', 'Darker', 'Darker', 'Darker', 'Darker', 'Darker', 'Darker', 'Darker', 'Darker', 'Darker', 'Darker', 'Darker', 'Darker', 'Darker', 'Darker', 'Darker', 'Darker', 'Darker', 'Darker', 'Darker', 'Darker', 'Darker', 'Darker', 'Darker', 'Darker', 'Darker', 'Darker', 'Darker', 'Darker', 'Darker', 'Darker', 'Darker', 'Darker', 'Darker', 'Darker', 'Darker', 'Darker', 'Darker', 'Darker', 'Darker', 'Darker', 'Darker', 'Darker', 'Darker', 'Darker', 'Darker', 'Darker', 'Darker', 'Darker', 'Darker', 'Darker', 'Darker', 'Darker', 'Darker', 'Darker', 'Darker', 'Darker', 'Darker', 'Darker', 'Darker', 'Darker', 'Darker', 'Darker', 'Darker', 'Darker', 'Darker', 'Darker', 'Darker', 'Darker', 'Darker', 'Darker', 'Darker', 'Darker', 'Darker', 'Darker', 'Darker', 'Darker', 'Darker', 'Darker', 'Darker', 'Darker', 'Darker', 'Darker', 'Darker', 'Darker', 'Darker', 'Darker', 'Darker', 'Darker', 'Darker', 'Darker', 'Darker', 'Darker', 'Darker', 'Darker', 'Darker', 'Darker', 'Darker', 'Darker', 'Darker', 'Darker', 'Darker', 'Darker', 'Darker', 'Darker', 'Darker', 'Darker', 'Darker', 'Darker', 'Darker', 'Darker', 'Darker', 'Darker', 'Darker', 'Darker', 'Darker', 'Darker', 'Darker', 'Darker', 'Darker', 'Darker', 'Darker', 'Darker', 'Darker', 'Darker', 'Darker', 'Darker', 'Darker', 'Darker', 'Darker', 'Darker', 'Darker', 'Darker', 'Darker', 'Darker', 'Darker', 'Darker', 'Darker', 'Darker', 'Darker', 'Darker', 'Darker', 'Darker', 'Darker', 'Darker', 'Darker', 'Darker', 'Darker', 'Darker', 'Darker', 'Darker', 'Darker', 'Darker', 'Darker', 'Darker', 'Darker', 'Darker', 'Darker', 'Darker', 'Darker', 'Darker', 'Darker', 'Darker', 'Darker', 'Darker', 'Darker', 'Darker', 'Darker', 'Darker', 'Darker', 'Darker', 'Darker', 'Darker', 'Darker', 'Darker', 'Darker', 'Darker', 'Darker', 'Darker', 'Darker', 'Darker', 'Darker', 'Darker', 'Darker', 'Darker', 'Darker', 'Darker', 'Darker', 'Darker', 'Darker', 'Darker', 'Darker', 'Darker', 'Darker', 'Darker', 'Darker', 'Darker', 'Darker', 'Darker', 'Darker', 'Darker', 'Darker', 'Darker', 'Darker', 'Darker', 'Darker', 'Darker', 'Darker', 'Darker', 'Darker', 'Darker', 'Darker', 'Darker', 'Darker', 'Darker', 'Darker', 'Darker', 'Darker', 'Darker', 'Darker', 'Darker', 'Darker', 'Darker', 'Darker', 'Darker', 'Darker', 'Darker', 'Darker', 'Darker', 'Darker', 'Darker', 'Darker', 'Darker', 'Darker', 'Darker', 'Darker', 'Darker', 'Darker', 'Darker', 'Darker', 'Darker', 'Darker', 'Darker', 'Darker', 'Darker', 'Darker', 'Darker', 'Darker', 'Darker', 'Darker', 'Darker', 'Darker', 'Darker', 'Darker', 'Darker', 'Darker', 'Darker', 'Darker', 'Darker', 'Darker', 'Darker', 'Darker', 'Darker', 'Darker', 'Darker', 'Darker', 'Darker', 'Darker', 'Darker', 'Darker', 'Darker', 'Darker', 'Darker', 'Darker', 'Darker', 'Darker', 'Darker', 'Darker', 'Darker', 'Darker', 'Darker', 'Darker', 'Darker', 'Darker', 'Darker', 'Darker', 'Darker', 'Darker', 'Darker', 'Darker', 'Darker', 'Darker', 'Darker', 'Darker', 'Darker', 'Darker', 'Darker', 'Darker', 'Darker', 'Darker', 'Darker', 'Darker', 'Darker', 'Darker', 'Darker', 'Darker', 'Darker', 'Darker', 'Darker', 'Darker', 'Darker', 'Darker', 'Darker', 'Darker', 'Darker', 'Darker', 'Darker', 'Darker', 'Darker', 'Darker', 'Darker', 'Darker', 'Darker', 'Darker', 'Darker', 'Darker', 'Darker', 'Darker', 'Darker', 'Darker', 'Darker', 'Darker', 'Darker', 'Darker', 'Darker', 'Darker', 'Darker', 'Darker', 'Darker', 'Darker', 'Darker', 'Darker', 'Darker', 'Darker', 'Darker', 'Darker', 'Darker', 'Darker', 'Darker', 'Darker', 'Darker', 'Darker', 'Darker', 'Darker', 'Darker', 'Darker', 'Darker', 'Darker', 'Darker', 'Darker', 'Darker', 'Darker', 'Darker', 'Darker', 'Darker', 'Darker', 'Darker', 'Darker', 'Darker', 'Darker', 'Darker', 'Darker', 'Darker', 'Darker', 'Darker', 'Darker', 'Darker', 'Darker', 'Darker', 'Darker', 'Darker', 'Darker', 'Darker', 'Darker', 'Darker', 'Darker', 'Darker', 'Darker', 'Darker', 'Darker', 'Darker', 'Darker', 'Darker', 'Darker', 'Darker', 'Darker', 'Darker', 'Darker', 'Darker', 'Darker', 'Darker', 'Darker', 'Darker', 'Darker', 'Darker', 'Darker', 'Darker', 'Darker', 'Darker', 'Darker', 'Darker', 'Darker', 'Darker', 'Darker', 'Darker', 'Darker', 'Darker', 'Darker', 'Darker', 'Darker', 'Darker', 'Darker', 'Darker', 'Darker', 'Darker', 'Darker', 'Darker', 'Darker', 'Darker', 'Darker', 'Darker', 'Darker', 'Darker', 'Darker', 'Darker', 'Darker', 'Darker', 'Darker', 'Darker', 'Darker', 'Darker', 'Darker', 'Darker', 'Darker', 'Darker', 'Darker', 'Darker', 'Darker', 'Darker', 'Darker', 'Darker', 'Darker', 'Darker', 'Darker', 'Darker', 'Darker', 'Darker', 'Darker', 'Darker', 'Darker', 'Darker', 'Darker', 'Darker', 'Darker', 'Darker', 'Darker', 'Darker', 'Darker', 'Darker', 'Darker', 'Darker', 'Darker', 'Darker', 'Darker', 'Darker', 'Darker', 'Darker', 'Darker', 'Darker', 'Darker', 'Darker', 'Darker', 'Darker', 'Darker', 'Darker', 'Darker', 'Darker', 'Darker', 'Darker', 'Darker', 'Darker', 'Darker', 'Darker', 'Darker', 'Darker', 'Darker', 'Darker', 'Darker', 'Darker', 'Darker', 'Darker', 'Darker', 'Darker', 'Darker', 'Darker', 'Darker', 'Darker', 'Darker', 'Darker', 'Darker', 'Darker', 'Darker', 'Darker', 'Darker', 'Darker', 'Darker', 'Darker', 'Darker', 'Darker', 'Darker', 'Darker', 'Darker', 'Darker', 'Darker', 'Darker', 'Darker', 'Darker', 'Darker', 'Darker', 'Darker', 'Darker', 'Darker', 'Darker', 'Darker', 'Darker', 'Darker', 'Darker', 'Darker', 'Darker', 'Darker', 'Darker', 'Darker', 'Darker', 'Darker', 'Darker', 'Darker', 'Darker', 'Darker', 'Darker', 'Darker', 'Darker', 'Darker', 'Darker', 'Darker', 'Darker', 'Darker', 'Darker', 'Darker', 'Darker', 'Darker', 'Darker', 'Darker', 'Darker', 'Darker', 'Darker', 'Darker', 'Darker', 'Darker', 'Darker', 'Darker', 'Darker', 'Darker', 'Darker', 'Darker', 'Darker', 'Darker', 'Darker', 'Darker', 'Darker', 'Darker', 'Darker', 'Darker', 'Darker', 'Darker', 'Darker', 'Darker', 'Darker', 'Darker', 'Darker', 'Darker', 'Darker', 'Darker', 'Darker', 'Darker', 'Darker', 'Darker', 'Darker', 'Darker', 'Darker', 'Darker', 'Darker', 'Darker', 'Darker', 'Darker', 'Darker', 'Darker', 'Darker', 'Darker', 'Darker', 'Darker', 'Darker', 'Darker', 'Darker', 'Darker', 'Darker', 'Darker', 'Darker', 'Darker', 'Darker', 'Darker', 'Darker', 'Darker', 'Darker', 'Darker', 'Darker', 'Darker', 'Darker', 'Darker', 'Darker', 'Darker', 'Darker', 'Darker', 'Darker', 'Darker', 'Darker', 'Darker', 'Darker', 'Darker', 'Darker', 'Darker', 'Darker', 'Darker', 'Darker', 'Darker', 'Darker', 'Darker', 'Darker', 'Darker', 'Darker', 'Darker', 'Darker', 'Darker', 'Darker', 'Darker', 'Darker', 'Darker', 'Darker', 'Darker', 'Darker', 'Darker', 'Darker', 'Darker', 'Darker', 'Darker', 'Darker', 'Darker', 'Darker', 'Darker', 'Darker', 'Darker', 'Darker', 'Darker', 'Darker', 'Darker', 'Darker', 'Darker', 'Darker', 'Darker', 'Darker', 'Darker', 'Darker', 'Darker', 'Darker', 'Darker', 'Darker', 'Darker', 'Darker', 'Darker', 'Darker', 'Darker', 'Darker', 'Darker', 'Darker', 'Darker', 'Darker', 'Darker', 'Darker', 'Darker', 'Darker', 'Darker', 'Darker', 'Darker', 'Darker', 'Darker', 'Darker', 'Darker', 'Darker', 'Darker', 'Darker', 'Darker', 'Darker', 'Darker', 'Darker', 'Darker', 'Darker', 'Darker', 'Darker', 'Darker', 'Darker', 'Darker', 'Darker', 'Darker', 'Darker', 'Darker', 'Darker', 'Darker', 'Darker', 'Darker', 'Darker', 'Darker', 'Darker', 'Darker', 'Darker', 'Darker', 'Darker', 'Darker', 'Darker', 'Darker', 'Darker', 'Darker', 'Darker', 'Darker', 'Darker', 'Darker', 'Darker', 'Darker', 'Darker', 'Darker', 'Darker', 'Darker', 'Darker', 'Darker', 'Darker', 'Darker', 'Darker', 'Darker', 'Darker', 'Darker', 'Darker', 'Darker', 'Darker', 'Darker', 'Darker', 'Darker', 'Darker', 'Darker', 'Darker', 'Darker', 'Darker', 'Darker', 'Darker', 'Darker', 'Darker', 'Darker', 'Darker', 'Darker', 'Darker', 'Darker', 'Darker', 'Darker', 'Darker', 'Darker', 'Darker', 'Darker', 'Darker', 'Darker', 'Darker', 'Darker', 'Darker', 'Darker', 'Darker', 'Darker', 'Darker', 'Darker', 'Darker', 'Darker', 'Darker', 'Darker', 'Darker', 'Darker', 'Darker', 'Darker', 'Darker', 'Darker', 'Darker', 'Darker', 'Darker', 'Darker', 'Darker', 'Darker', 'Darker', 'Darker', 'Darker', 'Darker', 'Darker', 'Darker', 'Darker', 'Darker', 'Darker', 'Darker', 'Darker', 'Darker', 'Darker', 'Darker', 'Darker', 'Darker', 'Darker', 'Darker', 'Darker', 'Darker', 'Darker', 'Darker', 'Darker', 'Darker', 'Darker', 'Darker', 'Darker', 'Darker', 'Darker', 'Darker', 'Darker', 'Darker', 'Darker', 'Darker', 'Darker', 'Darker', 'Darker', 'Darker', 'Darker', 'Darker', 'Darker', 'Darker', 'Darker', 'Darker', 'Darker', 'Darker', 'Darker', 'Darker', 'Darker', 'Darker', 'Darker', 'Darker', 'Darker', 'Darker', 'Darker', 'Darker', 'Darker', 'Darker', 'Darker', 'Darker', 'Darker', 'Darker', 'Darker', 'Darker', 'Darker', 'Darker', 'Darker', 'Darker', 'Darker', 'Darker', 'Darker', 'Darker', 'Darker', 'Darker', 'Darker', 'Darker', 'Darker', 'Darker', 'Darker', 'Darker', 'Darker', 'Darker', 'Darker', 'Darker', 'Darker', 'Darker', 'Darker', 'Darker', 'Darker', 'Darker', 'Darker', 'Darker', 'Darker', 'Darker', 'Darker', 'Darker', 'Darker', 'Darker', 'Darker', 'Darker', 'Darker', 'Darker', 'Darker', 'Darker', 'Darker', 'Darker', 'Darker', 'Darker', 'Darker', 'Darker', 'Darker', 'Darker', 'Darker', 'Darker', 'Darker', 'Darker', 'Darker', 'Darker', 'Darker', 'Darker', 'Darker', 'Darker', 'Darker', 'Darker', 'Darker', 'Darker', 'Darker', 'Darker', 'Darker', 'Darker', 'Darker', 'Darker', 'Darker', 'Darker', 'Darker', 'Darker', 'Darker', 'Darker', 'Darker', 'Darker', 'Darker', 'Darker', 'Darker', 'Darker', 'Darker', 'Darker', 'Darker', 'Darker', 'Darker', 'Darker', 'Darker', 'Darker', 'Darker', 'Darker', 'Darker', 'Darker', 'Darker', 'Darker', 'Darker', 'Darker', 'Darker', 'Darker', 'Darker', 'Darker', 'Darker', 'Darker', 'Darker', 'Darker', 'Darker', 'Darker', 'Darker', 'Darker', 'Darker', 'Darker', 'Darker', 'Darker', 'Darker', 'Darker', 'Darker', 'Darker', 'Darker', 'Darker', 'Darker', 'Darker', 'Darker', 'Darker', 'Darker', 'Darker', 'Darker', 'Darker', 'Darker', 'Darker', 'Darker', 'Darker', 'Darker', 'Darker', 'Darker', 'Darker', 'Darker', 'Darker', 'Darker', 'Darker', 'Darker', 'Darker', 'Darker', 'Darker', 'Darker', 'Darker', 'Darker', 'Darker', 'Darker', 'Darker', 'Darker', 'Darker', 'Darker', 'Darker', 'Darker', 'Darker', 'Darker', 'Darker', 'Darker', 'Darker', 'Darker', 'Darker', 'Darker', 'Darker', 'Darker', 'Darker', 'Darker', 'Darker', 'Darker', 'Darker', 'Darker', 'Darker', 'Darker', 'Darker', 'Darker', 'Darker', 'Darker', 'Darker', 'Darker', 'Darker', 'Darker', 'Darker', 'Darker', 'Darker', 'Darker', 'Darker', 'Darker', 'Darker', 'Darker', 'Darker', 'Darker', 'Darker', 'Darker', 'Darker', 'Darker', 'Darker', 'Darker', 'Darker', 'Darker', 'Darker', 'Darker', 'Darker', 'Darker', 'Darker', 'Darker', 'Darker', 'Darker', 'Darker', 'Darker', 'Darker', 'Darker', 'Darker', 'Darker', 'Darker', 'Darker', 'Darker', 'Darker', 'Darker', 'Darker', 'Darker', 'Darker', 'Darker', 'Darker', 'Darker', 'Darker', 'Darker', 'Darker', 'Darker', 'Darker', 'Darker', 'Darker', 'Darker', 'Darker', 'Darker', 'Darker', 'Darker', 'Darker', 'Darker', 'Darker', 'Darker', 'Darker', 'Darker', 'Darker', 'Darker', 'Darker', 'Darker', 'Darker', 'Darker', 'Darker', 'Darker', 'Darker', 'Darker', 'Darker', 'Darker', 'Darker', 'Darker', 'Darker', 'Darker', 'Darker', 'Darker', 'Darker', 'Darker', 'Darker', 'Darker', 'Darker', 'Darker', 'Darker', 'Darker', 'Darker', 'Darker', 'Darker', 'Darker', 'Darker', 'Darker', 'Darker', 'Darker', 'Darker', 'Darker', 'Darker', 'Darker', 'Darker', 'Darker', 'Darker', 'Darker', 'Darker', 'Darker', 'Darker', 'Darker', 'Darker', 'Darker', 'Darker', 'Darker', 'Darker', 'Darker', 'Darker', 'Darker', 'Darker', 'Darker', 'Darker', 'Darker', 'Darker', 'Darker', 'Darker', 'Darker', 'Darker', 'Darker', 'Darker', 'Darker', 'Darker', 'Darker', 'Darker', 'Darker', 'Darker', 'Darker', 'Darker', 'Darker', 'Darker', 'Darker', 'Darker', 'Darker', 'Darker', 'Darker', 'Darker', 'Darker', 'Darker', 'Darker', 'Darker', 'Darker', 'Darker', 'Darker', 'Darker', 'Darker', 'Darker', 'Darker', 'Darker', 'Darker', 'Darker', 'Darker', 'Darker', 'Darker', 'Darker', 'Darker', 'Darker', 'Darker', 'Darker', 'Darker', 'Darker', 'Darker', 'Darker', 'Darker', 'Darker', 'Darker', 'Darker', 'Darker', 'Darker', 'Darker', 'Darker', 'Darker', 'Darker', 'Darker', 'Darker', 'Darker', 'Darker', 'Darker', 'Darker', 'Darker', 'Darker', 'Darker', 'Darker', 'Darker', 'Darker', 'Darker', 'Darker', 'Darker', 'Darker', 'Darker', 'Darker', 'Darker', 'Darker', 'Darker', 'Darker', 'Darker', 'Darker', 'Darker', 'Darker', 'Darker', 'Darker', 'Darker', 'Darker', 'Darker', 'Darker', 'Darker', 'Darker', 'Darker', 'Darker', 'Darker', 'Darker', 'Darker', 'Darker', 'Darker', 'Darker', 'Darker', 'Darker', 'Darker', 'Darker', 'Darker', 'Darker', 'Darker', 'Darker', 'Darker', 'Darker', 'Darker', 'Darker', 'Darker', 'Darker', 'Darker', 'Darker', 'Darker', 'Darker', 'Darker', 'Darker', 'Darker', 'Darker', 'Darker', 'Darker', 'Darker', 'Darker', 'Darker', 'Darker', 'Darker', 'Darker', 'Darker', 'Darker', 'Darker', 'Darker', 'Darker', 'Darker', 'Darker', 'Darker', 'Darker', 'Darker', 'Darker', 'Darker', 'Darker', 'Darker', 'Darker', 'Darker', 'Darker', 'Darker', 'Darker', 'Darker', 'Darker', 'Darker', 'Darker', 'Darker', 'Darker', 'Darker', 'Darker', 'Darker', 'Darker', 'Darker', 'Darker', 'Darker', 'Darker', 'Darker', 'Darker', 'Darker', 'Darker', 'Darker', 'Darker', 'Darker', 'Darker', 'Darker', 'Darker', 'Darker', 'Darker', 'Darker', 'Darker', 'Darker', 'Darker', 'Darker', 'Darker', 'Darker', 'Darker', 'Darker', 'Darker', 'Darker', 'Darker', 'Darker', 'Darker', 'Darker', 'Darker', 'Darker', 'Darker', 'Darker', 'Darker', 'Darker', 'Darker', 'Darker', 'Darker', 'Darker', 'Darker', 'Darker', 'Darker', 'Darker', 'Darker', 'Darker', 'Darker', 'Darker', 'Darker', 'Darker', 'Darker', 'Darker', 'Darker', 'Darker', 'Darker', 'Darker', 'Darker', 'Darker', 'Darker', 'Darker', 'Darker', 'Darker', 'Darker', 'Darker', 'Darker', 'Darker', 'Darker', 'Darker', 'Darker', 'Darker', 'Darker', 'Darker', 'Darker', 'Darker', 'Darker', 'Darker', 'Darker', 'Darker', 'Darker', 'Darker', 'Darker', 'Darker', 'Darker', 'Darker', 'Darker', 'Darker', 'Darker', 'Darker', 'Darker', 'Darker', 'Darker', 'Darker', 'Darker', 'Darker', 'Darker', 'Darker', 'Darker', 'Darker', 'Darker', 'Darker', 'Darker', 'Darker', 'Darker', 'Darker', 'Darker', 'Darker', 'Darker', 'Darker', 'Darker', 'Darker', 'Darker', 'Darker', 'Darker', 'Darker', 'Darker', 'Darker', 'Darker', 'Darker', 'Darker', 'Darker', 'Darker', 'Darker', 'Darker', 'Darker', 'Darker', 'Darker', 'Darker', 'Darker', 'Darker', 'Darker', 'Darker', 'Darker', 'Darker', 'Darker', 'Darker', 'Darker', 'Darker', 'Darker', 'Darker', 'Darker', 'Darker', 'Darker', 'Darker', 'Darker', 'Darker', 'Darker', 'Darker', 'Darker', 'Darker', 'Darker', 'Darker', 'Darker', 'Darker', 'Darker', 'Darker', 'Darker', 'Darker', 'Darker', 'Darker', 'Darker', 'Darker', 'Darker', 'Darker', 'Darker', 'Darker', 'Darker', 'Darker', 'Darker', 'Darker', 'Darker', 'Darker', 'Darker', 'Darker', 'Darker', 'Darker', 'Darker', 'Darker', 'Darker', 'Darker', 'Darker', 'Darker', 'Darker', 'Darker', 'Darker', 'Darker', 'Darker', 'Darker', 'Darker', 'Darker', 'Darker', 'Darker', 'Darker', 'Darker', 'Darker', 'Darker', 'Darker', 'Darker', 'Darker', 'Darker', 'Darker', 'Darker', 'Darker', 'Darker', 'Darker', 'Darker', 'Darker', 'Darker', 'Darker', 'Darker', 'Darker', 'Darker', 'Darker', 'Darker', 'Darker', 'Darker', 'Darker', 'Darker', 'Darker', 'Darker', 'Darker', 'Darker', 'Darker', 'Darker', 'Darker', 'Darker', 'Darker', 'Darker', 'Darker', 'Darker', 'Darker', 'Darker', 'Darker', 'Darker', 'Darker', 'Darker', 'Darker', 'Darker', 'Darker', 'Darker', 'Darker', 'Darker', 'Darker', 'Darker', 'Darker', 'Darker', 'Darker', 'Darker', 'Darker', 'Darker', 'Darker', 'Darker', 'Darker', 'Darker', 'Darker', 'Darker', 'Darker', 'Darker', 'Darker', 'Darker', 'Darker', 'Darker', 'Darker', 'Darker', 'Darker', 'Darker', 'Darker', 'Darker', 'Darker', 'Darker', 'Darker', 'Darker', 'Darker', 'Darker', 'Darker', 'Darker', 'Darker', 'Darker', 'Darker', 'Darker', 'Darker', 'Darker', 'Darker', 'Darker', 'Darker', 'Darker', 'Darker', 'Darker', 'Darker', 'Darker', 'Darker', 'Darker', 'Darker', 'Darker', 'Darker', 'Darker', 'Darker', 'Darker', 'Darker', 'Darker', 'Darker', 'Darker', 'Darker', 'Darker', 'Darker', 'Darker', 'Darker', 'Darker', 'Darker', 'Darker', 'Darker', 'Darker', 'Darker', 'Darker', 'Darker', 'Darker', 'Darker', 'Darker', 'Darker', 'Darker', 'Darker', 'Darker', 'Darker', 'Darker', 'Darker', 'Darker', 'Darker', 'Darker', 'Darker', 'Darker', 'Darker', 'Darker', 'Darker', 'Darker', 'Darker', 'Darker', 'Darker', 'Darker', 'Darker', 'Darker', 'Darker', 'Darker', 'Darker', 'Darker', 'Darker', 'Darker', 'Darker', 'Darker', 'Darker', 'Darker', 'Darker', 'Darker', 'Darker', 'Darker', 'Darker', 'Darker', 'Darker', 'Darker', 'Darker', 'Darker', 'Darker', 'Darker', 'Darker', 'Darker', 'Darker', 'Darker', 'Darker', 'Darker', 'Darker', 'Darker', 'Darker', 'Darker', 'Darker', 'Darker', 'Darker', 'Darker', 'Darker', 'Darker', 'Darker', 'Darker', 'Darker', 'Darker', 'Darker', 'Darker', 'Darker', 'Darker', 'Darker', 'Darker', 'Darker', 'Darker', 'Darker', 'Darker', 'Darker', 'Darker', 'Darker', 'Darker', 'Darker', 'Darker', 'Darker', 'Darker', 'Darker', 'Darker', 'Darker', 'Darker', 'Darker', 'Darker', 'Darker', 'Darker', 'Darker', 'Darker', 'Darker', 'Darker', 'Darker', 'Darker', 'Darker', 'Darker', 'Darker', 'Darker', 'Darker', 'Darker', 'Darker', 'Darker', 'Darker', 'Darker', 'Darker', 'Darker', 'Darker', 'Darker', 'Darker', 'Darker', 'Darker', 'Darker', 'Darker', 'Darker', 'Darker', 'Darker', 'Darker', 'Darker', 'Darker', 'Darker', 'Darker', 'Darker', 'Darker', 'Darker', 'Darker', 'Darker', 'Darker', 'Darker', 'Darker', 'Darker', 'Darker', 'Darker', 'Darker', 'Darker', 'Darker', 'Darker', 'Darker', 'Darker', 'Darker', 'Darker', 'Darker', 'Darker', 'Darker', 'Darker', 'Darker', 'Darker', 'Darker', 'Darker', 'Darker', 'Darker', 'Darker', 'Darker', 'Darker', 'Darker', 'Darker', 'Darker', 'Darker', 'Darker', 'Darker', 'Darker', 'Darker', 'Darker', 'Darker', 'Darker', 'Darker', 'Darker', 'Darker', 'Darker', 'Darker', 'Darker', 'Darker', 'Darker', 'Darker', 'Darker', 'Darker', 'Darker', 'Darker', 'Darker', 'Darker', 'Darker', 'Darker', 'Darker', 'Darker', 'Darker', 'Darker', 'Darker', 'Darker', 'Darker', 'Darker', 'Darker', 'Darker', 'Darker', 'Darker', 'Darker', 'Darker', 'Darker', 'Darker', 'Darker', 'Darker', 'Darker', 'Darker', 'Darker', 'Darker', 'Darker', 'Darker', 'Darker', 'Darker', 'Darker', 'Darker', 'Darker', 'Darker', 'Darker', 'Darker', 'Darker', 'Darker', 'Darker', 'Darker', 'Darker', 'Darker', 'Darker', 'Darker', 'Darker', 'Darker', 'Darker', 'Darker', 'Darker', 'Darker', 'Darker', 'Darker', 'Darker', 'Darker', 'Darker', 'Darker', 'Darker', 'Darker', 'Darker', 'Darker', 'Darker', 'Darker', 'Darker', 'Darker', 'Darker', 'Darker', 'Darker', 'Darker', 'Darker', 'Darker', 'Darker', 'Darker', 'Darker', 'Darker', 'Darker', 'Darker', 'Darker', 'Darker', 'Darker', 'Darker', 'Darker', 'Darker', 'Darker', 'Darker', 'Darker', 'Darker', 'Darker', 'Darker', 'Darker', 'Darker', 'Darker', 'Darker', 'Darker', 'Darker', 'Darker', 'Darker', 'Darker', 'Darker', 'Darker', 'Darker', 'Darker', 'Darker', 'Darker', 'Darker', 'Darker', 'Darker', 'Darker', 'Darker', 'Darker', 'Darker', 'Darker', 'Darker', 'Darker', 'Darker', 'Darker', 'Darker', 'Darker', 'Darker', 'Darker', 'Darker', 'Darker', 'Darker', 'Darker', 'Darker', 'Darker', 'Darker', 'Darker', 'Darker', 'Darker', 'Darker', 'Darker', 'Darker', 'Darker', 'Darker', 'Darker', 'Darker', 'Darker', 'Darker', 'Darker', 'Darker', 'Darker', 'Darker', 'Darker', 'Darker', 'Darker', 'Darker', 'Darker', 'Darker', 'Darker', 'Darker', 'Darker', 'Darker', 'Darker', 'Darker', 'Darker', 'Darker', 'Darker', 'Darker', 'Darker', 'Darker', 'Darker', 'Darker', 'Darker', 'Darker', 'Darker', 'Darker', 'Darker', 'Darker', 'Darker', 'Darker', 'Darker', 'Darker', 'Darker', 'Darker', 'Darker', 'Darker', 'Darker', 'Darker', 'Darker', 'Darker', 'Darker', 'Darker', 'Darker', 'Darker', 'Darker', 'Darker', 'Darker', 'Darker', 'Darker', 'Darker', 'Darker', 'Darker', 'Darker', 'Darker', 'Darker', 'Darker', 'Darker', 'Darker', 'Darker', 'Darker', 'Darker', 'Darker', 'Darker', 'Darker', 'Darker', 'Darker', 'Darker', 'Darker', 'Darker', 'Darker', 'Darker', 'Darker', 'Darker', 'Darker', 'Darker', 'Darker', 'Darker', 'Darker', 'Darker', 'Darker', 'Darker', 'Darker', 'Darker', 'Darker', 'Darker', 'Darker', 'Darker', 'Darker', 'Darker', 'Darker', 'Darker', 'Darker', 'Darker', 'Darker', 'Darker', 'Darker', 'Darker', 'Darker', 'Darker', 'Darker', 'Darker', 'Darker', 'Darker', 'Darker', 'Darker', 'Darker', 'Darker', 'Darker', 'Darker', 'Darker', 'Darker', 'Darker', 'Darker', 'Darker', 'Darker', 'Darker', 'Darker', 'Darker', 'Darker', 'Darker', 'Darker', 'Darker', 'Darker', 'Darker', 'Darker', 'Darker', 'Darker', 'Darker', 'Darker', 'Darker', 'Darker', 'Darker', 'Darker', 'Darker', 'Darker', 'Darker', 'Darker', 'Darker', 'Darker', 'Darker', 'Darker', 'Darker', 'Darker', 'Darker', 'Darker', 'Darker', 'Darker', 'Darker', 'Darker', 'Darker', 'Darker', 'Darker', 'Darker', 'Darker', 'Darker', 'Darker', 'Darker', 'Darker', 'Darker', 'Darker', 'Darker', 'Darker', 'Darker', 'Darker', 'Darker', 'Darker', 'Darker', 'Darker', 'Darker', 'Darker', 'Darker', 'Darker', 'Darker', 'Darker', 'Darker', 'Darker', 'Darker', 'Darker', 'Darker', 'Darker', 'Darker', 'Darker', 'Darker', 'Darker', 'Darker', 'Darker', 'Darker', 'Darker', 'Darker', 'Darker', 'Darker', 'Darker', 'Darker', 'Darker', 'Darker', 'Darker', 'Darker', 'Darker', 'Darker', 'Darker', 'Darker', 'Darker', 'Darker', 'Darker', 'Darker', 'Darker', 'Darker', 'Darker', 'Darker', 'Darker', 'Darker', 'Darker', 'Darker', 'Darker', 'Darker', 'Darker', 'Darker', 'Darker', 'Darker', 'Darker', 'Darker', 'Darker', 'Darker', 'Darker', 'Darker', 'Darker', 'Darker', 'Darker', 'Darker', 'Darker', 'Darker', 'Darker', 'Darker', 'Darker', 'Darker', 'Darker', 'Darker', 'Darker', 'Darker', 'Darker', 'Darker', 'Darker', 'Darker', 'Darker', 'Darker', 'Darker', 'Darker', 'Darker', 'Darker', 'Darker', 'Darker', 'Darker', 'Darker', 'Darker', 'Darker', 'Darker', 'Darker', 'Darker', 'Darker', 'Darker', 'Darker', 'Darker', 'Darker', 'Darker', 'Darker', 'Darker', 'Darker', 'Darker', 'Darker', 'Darker', 'Darker', 'Darker', 'Darker', 'Darker', 'Darker', 'Darker', 'Darker', 'Darker', 'Darker', 'Darker', 'Darker', 'Darker', 'Darker', 'Darker', 'Darker', 'Darker', 'Darker', 'Darker', 'Darker', 'Darker', 'Darker', 'Darker', 'Darker', 'Darker', 'Darker', 'Darker', 'Darker', 'Darker', 'Darker', 'Darker', 'Darker', 'Darker', 'Darker', 'Darker', 'Darker', 'Darker', 'Darker', 'Darker', 'Darker', 'Darker', 'Darker', 'Darker', 'Darker', 'Darker', 'Darker', 'Darker', 'Darker', 'Darker', 'Darker', 'Darker', 'Darker', 'Darker', 'Darker', 'Darker', 'Darker', 'Darker', 'Darker', 'Darker', 'Darker', 'Darker', 'Darker', 'Darker', 'Darker', 'Darker', 'Darker', 'Darker', 'Darker', 'Darker', 'Darker', 'Darker', 'Darker', 'Darker', 'Darker', 'Darker', 'Darker', 'Darker', 'Darker', 'Darker', 'Darker', 'Darker', 'Darker', 'Darker', 'Darker', 'Darker', 'Darker', 'Darker', 'Darker', 'Darker', 'Darker', 'Darker', 'Darker', 'Darker', 'Darker', 'Darker', 'Darker', 'Darker', 'Darker', 'Darker', 'Darker', 'Darker', 'Darker', 'Darker', 'Darker', 'Darker', 'Darker', 'Darker', 'Darker', 'Darker', 'Darker', 'Darker', 'Darker', 'Darker', 'Darker', 'Darker', 'Darker', 'Darker', 'Darker', 'Darker', 'Darker', 'Darker', 'Darker', 'Darker', 'Darker', 'Darker', 'Darker', 'Darker', 'Darker', 'Darker', 'Darker', 'Darker', 'Darker', 'Darker', 'Darker', 'Darker', 'Darker', 'Darker', 'Darker', 'Darker', 'Darker', 'Darker', 'Darker', 'Darker', 'Darker', 'Darker', 'Darker', 'Darker', 'Darker', 'Darker', 'Darker', 'Darker', 'Darker', 'Darker', 'Darker', 'Darker', 'Darker', 'Darker', 'Darker', 'Darker', 'Darker', 'Darker', 'Darker', 'Darker', 'Darker', 'Darker', 'Darker', 'Darker', 'Darker', 'Darker', 'Darker', 'Darker', 'Darker', 'Darker', 'Darker', 'Darker', 'Darker', 'Darker', 'Darker', 'Darker', 'Darker', 'Darker', 'Darker', 'Darker', 'Darker', 'Darker', 'Darker', 'Darker', 'Darker', 'Darker', 'Darker', 'Darker', 'Darker', 'Darker', 'Darker', 'Darker', 'Darker', 'Darker', 'Darker', 'Darker', 'Darker', 'Darker', 'Darker', 'Darker', 'Darker', 'Darker', 'Darker', 'Darker', 'Darker', 'Darker', 'Darker', 'Darker', 'Darker', 'Darker', 'Darker', 'Darker', 'Darker', 'Darker', 'Darker', 'Darker', 'Darker', 'Darker', 'Darker', 'Darker', 'Darker', 'Darker', 'Darker', 'Darker', 'Darker', 'Darker', 'Darker', 'Darker', 'Darker', 'Darker', 'Darker', 'Darker', 'Darker', 'Darker', 'Darker', 'Darker', 'Darker', 'Darker', 'Darker', 'Darker', 'Darker', 'Darker', 'Darker', 'Darker', 'Darker', 'Darker', 'Darker', 'Darker', 'Darker', 'Darker', 'Darker', 'Darker', 'Darker', 'Darker', 'Darker', 'Darker', 'Darker', 'Darker', 'Darker', 'Darker', 'Darker', 'Darker', 'Darker', 'Darker', 'Darker', 'Darker', 'Darker', 'Darker', 'Darker', 'Darker', 'Darker', 'Darker', 'Darker', 'Darker', 'Darker', 'Darker', 'Darker', 'Darker', 'Darker', 'Darker', 'Darker', 'Darker', 'Darker', 'Darker', 'Darker', 'Darker', 'Darker', 'Darker', 'Darker', 'Darker', 'Darker', 'Darker', 'Darker', 'Darker', 'Darker', 'Darker', 'Darker', 'Darker', 'Darker', 'Darker', 'Darker', 'Darker', 'Darker', 'Darker', 'Darker', 'Darker', 'Darker', 'Darker', 'Darker', 'Darker', 'Darker', 'Darker', 'Darker', 'Darker', 'Darker', 'Darker', 'Darker', 'Darker', 'Darker', 'Darker', 'Darker', 'Darker', 'Darker', 'Darker', 'Darker', 'Darker', 'Darker', 'Darker', 'Darker', 'Darker', 'Darker', 'Darker', 'Darker', 'Darker', 'Darker', 'Darker', 'Darker', 'Darker', 'Darker', 'Darker', 'Darker', 'Darker', 'Darker', 'Darker', 'Darker', 'Darker', 'Darker', 'Darker', 'Darker', 'Darker', 'Darker', 'Darker', 'Darker', 'Darker', 'Darker', 'Darker', 'Darker', 'Darker', 'Darker', 'Darker', 'Darker', 'Darker', 'Darker', 'Darker', 'Darker', 'Darker', 'Darker', 'Darker', 'Darker', 'Darker', 'Darker', 'Darker', 'Darker', 'Darker', 'Darker', 'Darker', 'Darker', 'Darker', 'Darker', 'Darker', 'Darker', 'Darker', 'Darker', 'Darker', 'Darker', 'Darker', 'Darker', 'Darker', 'Darker', 'Darker', 'Darker', 'Darker', 'Darker', 'Darker', 'Darker', 'Darker', 'Darker', 'Darker', 'Darker', 'Darker', 'Darker', 'Darker', 'Darker', 'Darker', 'Darker', 'Darker', 'Darker', 'Darker', 'Darker', 'Darker', 'Darker', 'Darker', 'Darker', 'Darker', 'Darker', 'Darker', 'Darker', 'Darker', 'Darker', 'Darker', 'Darker', 'Darker', 'Darker', 'Darker', 'Darker', 'Darker', 'Darker', 'Darker', 'Darker', 'Darker', 'Darker', 'Darker', 'Darker', 'Darker', 'Darker', 'Darker', 'Darker', 'Darker', 'Darker', 'Darker', 'Darker', 'Darker', 'Darker', 'Darker', 'Darker', 'Darker', 'Darker', 'Darker', 'Darker', 'Darker', 'Darker', 'Darker', 'Darker', 'Darker', 'Darker', 'Darker', 'Darker', 'Darker', 'Darker', 'Darker', 'Darker', 'Darker', 'Darker', 'Darker', 'Darker', 'Darker', 'Darker', 'Darker', 'Darker', 'Darker', 'Darker', 'Darker', 'Darker', 'Darker', 'Darker', 'Darker', 'Darker', 'Darker', 'Darker', 'Darker', 'Darker', 'Darker', 'Darker', 'Darker', 'Darker', 'Darker', 'Darker', 'Darker', 'Darker', 'Darker', 'Darker', 'Darker', 'Darker', 'Darker', 'Darker', 'Darker', 'Darker', 'Darker', 'Darker', 'Darker', 'Darker', 'Darker', 'Darker', 'Darker', 'Darker', 'Darker', 'Darker', 'Darker', 'Darker', 'Darker', 'Darker', 'Darker', 'Darker', 'Darker', 'Darker', 'Darker', 'Darker', 'Darker', 'Darker', 'Darker', 'Darker', 'Darker', 'Darker', 'Darker', 'Darker', 'Darker', 'Darker', 'Darker', 'Darker', 'Darker', 'Darker', 'Darker', 'Darker', 'Darker', 'Darker', 'Darker', 'Darker', 'Darker', 'Darker', 'Darker', 'Darker', 'Darker', 'Darker', 'Darker', 'Darker', 'Darker', 'Darker', 'Darker', 'Darker', 'Darker', 'Darker', 'Darker', 'Darker', 'Darker', 'Darker', 'Darker', 'Darker', 'Darker', 'Darker', 'Darker', 'Darker', 'Darker', 'Darker', 'Darker', 'Darker', 'Darker', 'Darker', 'Darker', 'Darker', 'Darker', 'Darker', 'Darker', 'Darker', 'Darker', 'Darker', 'Darker', 'Darker', 'Darker', 'Darker', 'Darker', 'Darker', 'Darker', 'Darker', 'Darker', 'Darker', 'Darker', 'Darker', 'Darker', 'Darker', 'Darker', 'Darker', 'Darker', 'Darker', 'Darker', 'Darker', 'Darker', 'Darker', 'Darker', 'Darker', 'Darker', 'Darker', 'Darker', 'Darker', 'Darker', 'Darker', 'Darker', 'Darker', 'Darker', 'Darker', 'Darker', 'Darker', 'Darker', 'Darker', 'Darker', 'Darker', 'Darker', 'Darker', 'Darker', 'Darker', 'Darker', 'Darker', 'Darker', 'Darker', 'Darker', 'Darker', 'Darker', 'Darker', 'Darker', 'Darker', 'Darker', 'Darker', 'Darker', 'Darker', 'Darker', 'Darker', 'Darker', 'Darker', 'Darker', 'Darker', 'Darker', 'Darker', 'Darker', 'Darker', 'Darker', 'Darker', 'Darker', 'Darker', 'Darker', 'Darker', 'Darker', 'Darker', 'Darker', 'Darker', 'Darker', 'Darker', 'Darker', 'Darker', 'Darker', 'Darker', 'Darker', 'Darker', 'Darker', 'Darker', 'Darker', 'Darker', 'Darker', 'Darker', 'Darker', 'Darker', 'Darker', 'Darker', 'Darker', 'Darker', 'Darker', 'Darker', 'Darker', 'Darker', 'Darker', 'Darker', 'Darker', 'Darker', 'Darker', 'Darker', 'Darker', 'Darker', 'Darker', 'Darker', 'Darker', 'Darker', 'Darker', 'Darker', 'Darker', 'Darker', 'Darker', 'Darker', 'Darker', 'Darker', 'Darker', 'Darker', 'Darker', 'Darker', 'Darker', 'Darker', 'Darker', 'Darker', 'Darker', 'Darker', 'Darker', 'Darker', 'Darker', 'Darker', 'Darker', 'Darker', 'Darker', 'Darker', 'Darker', 'Darker', 'Darker', 'Darker', 'Darker', 'Darker', 'Darker', 'Darker', 'Darker', 'Darker', 'Darker', 'Darker', 'Darker', 'Darker', 'Darker', 'Darker', 'Darker', 'Darker', 'Darker', 'Darker', 'Darker', 'Darker', 'Darker', 'Darker', 'Darker', 'Darker', 'Darker', 'Darker', 'Darker', 'Darker', 'Darker', 'Darker', 'Darker', 'Darker', 'Darker', 'Darker', 'Darker', 'Darker', 'Darker', 'Darker', 'Darker', 'Darker', 'Darker', 'Darker', 'Darker', 'Darker', 'Darker', 'Darker', 'Darker', 'Darker', 'Darker', 'Darker', 'Darker', 'Darker', 'Darker', 'Darker', 'Darker', 'Darker', 'Darker', 'Darker', 'Darker', 'Darker', 'Darker', 'Darker', 'Darker', 'Darker', 'Darker', 'Darker', 'Darker', 'Darker', 'Darker', 'Darker', 'Darker', 'Darker', 'Darker', 'Darker', 'Darker', 'Darker', 'Darker', 'Darker', 'Darker', 'Darker', 'Darker', 'Darker', 'Darker', 'Darker', 'Darker', 'Darker', 'Darker', 'Darker', 'Darker', 'Darker', 'Darker', 'Darker', 'Darker', 'Darker', 'Darker', 'Darker', 'Darker', 'Darker', 'Darker', 'Darker', 'Darker', 'Darker', 'Darker', 'Darker', 'Darker', 'Darker', 'Darker', 'Darker', 'Darker', 'Darker', 'Darker', 'Darker', 'Darker', 'Darker', 'Darker', 'Darker', 'Darker', 'Darker', 'Darker', 'Darker', 'Darker', 'Darker', 'Darker', 'Darker', 'Darker', 'Darker', 'Darker', 'Darker', 'Darker', 'Darker', 'Darker', 'Darker', 'Darker', 'Darker', 'Darker', 'Darker', 'Darker', 'Darker', 'Darker', 'Darker', 'Darker', 'Darker', 'Darker', 'Darker', 'Darker', 'Darker', 'Darker', 'Darker', 'Darker', 'Darker', 'Darker', 'Darker', 'Darker', 'Darker', 'Darker', 'Darker', 'Darker', 'Darker', 'Darker', 'Darker', 'Darker', 'Darker', 'Darker', 'Darker', 'Darker', 'Darker', 'Darker', 'Darker', 'Darker', 'Darker', 'Darker', 'Darker', 'Darker', 'Darker', 'Darker', 'Darker', 'Darker', 'Darker', 'Darker', 'Darker', 'Darker', 'Darker', 'Darker', 'Darker', 'Darker', 'Darker', 'Darker', 'Darker', 'Darker', 'Darker', 'Darker', 'Darker', 'Darker', 'Darker', 'Darker', 'Darker', 'Darker', 'Darker', 'Darker', 'Darker', 'Darker', 'Darker', 'Darker', 'Darker', 'Darker', 'Darker', 'Darker', 'Darker', 'Darker', 'Darker', 'Darker', 'Darker', 'Darker', 'Darker', 'Darker', 'Darker', 'Darker', 'Darker', 'Darker', 'Darker', 'Darker', 'Darker', 'Darker', 'Darker', 'Darker', 'Darker', 'Darker', 'Darker', 'Darker', 'Darker', 'Darker', 'Darker', 'Darker', 'Darker', 'Darker', 'Darker', 'Darker', 'Darker', 'Darker', 'Darker', 'Darker', 'Darker', 'Darker', 'Darker', 'Darker', 'Darker', 'Darker', 'Darker', 'Darker', 'Darker', 'Darker', 'Darker', 'Darker', 'Darker', 'Darker', 'Darker', 'Darker', 'Darker', 'Darker', 'Darker', 'Darker', 'Darker', 'Darker', 'Darker', 'Darker', 'Darker', 'Darker', 'Darker', 'Darker', 'Darker', 'Darker', 'Darker', 'Darker', 'Darker', 'Darker', 'Darker', 'Darker', 'Darker', 'Darker', 'Darker', 'Darker', 'Darker', 'Darker', 'Darker', 'Darker', 'Darker', 'Darker', 'Darker', 'Darker', 'Darker', 'Darker', 'Darker', 'Darker', 'Darker', 'Darker', 'Darker', 'Darker', 'Darker', 'Darker', 'Darker', 'Darker', 'Darker', 'Darker', 'Darker', 'Darker', 'Darker', 'Darker', 'Darker', 'Darker', 'Darker', 'Darker', 'Darker', 'Darker', 'Darker', 'Darker', 'Darker', 'Darker', 'Darker', 'Darker', 'Darker', 'Darker', 'Darker', 'Darker', 'Darker', 'Darker', 'Darker', 'Darker', 'Darker', 'Darker', 'Darker', 'Darker', 'Darker', 'Darker', 'Darker', 'Darker', 'Darker', 'Darker', 'Darker', 'Darker', 'Darker', 'Darker', 'Darker', 'Darker', 'Darker', 'Darker', 'Darker', 'Darker', 'Darker', 'Darker', 'Darker', 'Darker', 'Darker', 'Darker', 'Darker', 'Darker', 'Darker', 'Darker', 'Darker', 'Darker', 'Darker', 'Darker', 'Darker', 'Darker', 'Darker', 'Darker', 'Darker', 'Darker', 'Darker', 'Darker', 'Darker', 'Darker', 'Darker', 'Darker', 'Darker', 'Darker', 'Darker', 'Darker', 'Darker', 'Darker', 'Darker', 'Darker', 'Darker', 'Darker', 'Darker', 'Darker', 'Darker', 'Darker', 'Darker', 'Darker', 'Darker', 'Darker', 'Darker', 'Darker', 'Darker', 'Darker', 'Darker', 'Darker', 'Darker', 'Darker', 'Darker', 'Darker', 'Darker', 'Darker', 'Darker', 'Darker', 'Darker', 'Darker', 'Darker', 'Darker', 'Darker', 'Darker', 'Darker', 'Darker', 'Darker', 'Darker', 'Darker', 'Darker', 'Darker', 'Darker', 'Darker', 'Darker', 'Darker', 'Darker', 'Darker', 'Darker', 'Darker', 'Darker', 'Darker', 'Darker', 'Darker', 'Darker', 'Darker', 'Darker', 'Darker', 'Darker', 'Darker', 'Darker', 'Darker', 'Darker', 'Darker', 'Darker', 'Darker', 'Darker', 'Darker', 'Darker', 'Darker', 'Darker', 'Darker', 'Darker', 'Darker', 'Darker', 'Darker', 'Darker', 'Darker', 'Darker', 'Darker', 'Darker', 'Darker', 'Darker', 'Darker', 'Darker', 'Darker', 'Darker', 'Darker', 'Darker', 'Darker', 'Darker', 'Darker', 'Darker', 'Darker', 'Darker', 'Darker', 'Darker', 'Darker', 'Darker', 'Darker', 'Darker', 'Darker', 'Darker', 'Darker', 'Darker', 'Darker', 'Darker', 'Darker', 'Darker', 'Darker', 'Darker', 'Darker', 'Darker', 'Darker', 'Darker', 'Darker', 'Darker', 'Darker', 'Darker', 'Darker', 'Darker', 'Darker', 'Darker', 'Darker', 'Darker', 'Darker', 'Darker', 'Darker', 'Darker', 'Darker', 'Darker', 'Darker', 'Darker', 'Darker', 'Darker', 'Darker', 'Darker', 'Darker', 'Darker', 'Darker', 'Darker', 'Darker', 'Darker', 'Darker', 'Darker', 'Darker', 'Darker', 'Darker', 'Darker', 'Darker', 'Darker', 'Darker', 'Darker', 'Darker', 'Darker', 'Darker', 'Darker', 'Darker', 'Darker', 'Darker', 'Darker', 'Darker', 'Darker', 'Darker', 'Darker', 'Darker', 'Darker', 'Darker', 'Darker', 'Darker', 'Darker', 'Darker', 'Darker', 'Darker', 'Darker', 'Darker', 'Darker', 'Darker', 'Darker', 'Darker', 'Darker', 'Darker', 'Darker', 'Darker', 'Darker', 'Darker', 'Darker', 'Darker', 'Darker', 'Darker', 'Darker', 'Darker', 'Darker', 'Darker', 'Darker', 'Darker', 'Darker', 'Darker', 'Darker', 'Darker', 'Darker', 'Darker', 'Darker', 'Darker', 'Darker', 'Darker', 'Darker', 'Darker', 'Darker', 'Darker', 'Darker', 'Darker', 'Darker', 'Darker', 'Darker', 'Darker', 'Darker', 'Darker', 'Darker', 'Darker', 'Darker', 'Darker', 'Darker', 'Darker', 'Darker', 'Darker', 'Darker', 'Darker', 'Darker', 'Darker', 'Darker', 'Darker', 'Darker', 'Darker', 'Darker', 'Darker', 'Darker', 'Darker', 'Darker', 'Darker', 'Darker', 'Darker', 'Darker', 'Darker', 'Darker', 'Darker', 'Darker', 'Darker', 'Darker', 'Darker', 'Darker', 'Darker', 'Darker', 'Darker', 'Darker', 'Darker', 'Darker', 'Darker', 'Darker', 'Darker', 'Darker', 'Darker', 'Darker', 'Darker', 'Darker', 'Darker', 'Darker', 'Darker', 'Darker', 'Darker', 'Darker', 'Darker', 'Darker', 'Darker', 'Darker', 'Darker', 'Darker', 'Darker', 'Darker', 'Darker', 'Darker', 'Darker', 'Darker', 'Darker', 'Darker', 'Darker', 'Darker', 'Darker', 'Darker', 'Darker', 'Darker', 'Darker', 'Darker', 'Darker', 'Darker', 'Darker', 'Darker', 'Darker', 'Darker', 'Darker', 'Darker', 'Darker', 'Darker', 'Darker', 'Darker', 'Darker', 'Darker', 'Darker', 'Darker', 'Darker', 'Darker', 'Darker', 'Darker', 'Darker', 'Darker', 'Darker', 'Darker', 'Darker', 'Darker', 'Darker', 'Darker', 'Darker', 'Darker', 'Darker', 'Darker', 'Darker', 'Darker', 'Darker', 'Darker', 'Darker', 'Darker', 'Darker', 'Darker', 'Darker', 'Darker', 'Darker', 'Darker', 'Darker', 'Darker', 'Darker', 'Darker', 'Darker', 'Darker', 'Darker', 'Darker', 'Darker', 'Darker', 'Darker', 'Darker', 'Darker', 'Darker', 'Darker', 'Darker', 'Darker', 'Darker', 'Darker', 'Darker', 'Darker', 'Darker', 'Darker', 'Darker', 'Darker', 'Darker', 'Darker', 'Darker', 'Darker', 'Darker', 'Darker', 'Darker', 'Darker', 'Darker', 'Darker', 'Darker', 'Darker', 'Darker', 'Darker', 'Darker', 'Darker', 'Darker', 'Darker', 'Darker', 'Darker', 'Darker', 'Darker', 'Darker', 'Darker', 'Darker', 'Darker', 'Darker', 'Darker', 'Darker', 'Darker', 'Darker', 'Darker', 'Darker', 'Darker', 'Darker', 'Darker', 'Darker', 'Darker', 'Darker', 'Darker', 'Darker', 'Darker', 'Darker', 'Darker', 'Darker', 'Darker', 'Darker', 'Darker', 'Darker', 'Darker', 'Darker', 'Darker', 'Darker', 'Darker', 'Darker', 'Darker', 'Darker', 'Darker', 'Darker', 'Darker', 'Darker', 'Darker', 'Darker', 'Darker', 'Darker', 'Darker', 'Darker', 'Darker', 'Darker', 'Darker', 'Darker', 'Darker', 'Darker', 'Darker', 'Darker', 'Darker', 'Darker', 'Darker', 'Darker', 'Darker', 'Darker', 'Darker', 'Darker', 'Darker', 'Darker', 'Darker', 'Darker', 'Darker', 'Darker', 'Darker', 'Darker', 'Darker', 'Darker', 'Darker', 'Darker', 'Darker', 'Darker', 'Darker', 'Darker', 'Darker', 'Darker', 'Darker', 'Darker', 'Darker', 'Darker', 'Darker', 'Darker', 'Darker', 'Darker', 'Darker', 'Darker', 'Darker', 'Darker', 'Darker', 'Darker', 'Darker', 'Darker', 'Darker', 'Darker', 'Darker', 'Darker', 'Darker', 'Darker', 'Darker', 'Darker', 'Darker', 'Darker', 'Darker', 'Darker', 'Darker', 'Darker', 'Darker', 'Darker', 'Darker', 'Darker', 'Darker', 'Darker', 'Darker', 'Darker', 'Darker', 'Darker', 'Darker', 'Darker', 'Darker', 'Darker', 'Darker', 'Darker', 'Darker', 'Darker', 'Darker', 'Darker', 'Darker', 'Darker', 'Darker', 'Darker', 'Darker', 'Darker', 'Darker', 'Darker', 'Darker', 'Darker', 'Darker', 'Darker', 'Darker', 'Darker', 'Darker', 'Darker', 'Darker', 'Darker', 'Darker', 'Darker', 'Darker', 'Darker', 'Darker', 'Darker', 'Darker', 'Darker', 'Darker', 'Darker', 'Darker', 'Darker', 'Darker', 'Darker', 'Darker', 'Darker', 'Darker', 'Darker', 'Darker', 'Darker', 'Darker', 'Darker', 'Darker', 'Darker', 'Darker', 'Darker', 'Darker', 'Darker', 'Darker', 'Darker', 'Darker', 'Darker', 'Darker', 'Darker', 'Darker', 'Darker', 'Darker', 'Darker', 'Darker', 'Darker', 'Darker', 'Darker', 'Darker', 'Darker', 'Darker', 'Darker', 'Darker', 'Darker', 'Darker', 'Darker', 'Darker', 'Darker', 'Darker', 'Darker', 'Darker', 'Darker', 'Darker', 'Darker', 'Darker', 'Darker', 'Darker', 'Darker', 'Darker', 'Darker', 'Darker', 'Darker', 'Darker', 'Darker', 'Darker', 'Darker', 'Darker', 'Darker', 'Darker', 'Darker', 'Darker', 'Darker', 'Darker', 'Darker', 'Darker', 'Darker', 'Darker', 'Darker', 'Darker', 'Darker', 'Darker', 'Darker', 'Darker', 'Darker', 'Darker', 'Darker', 'Darker', 'Darker', 'Darker', 'Darker', 'Darker', 'Darker', 'Darker', 'Darker', 'Darker', 'Darker', 'Darker', 'Darker', 'Darker', 'Darker', 'Darker', 'Darker', 'Darker', 'Darker', 'Darker', 'Darker', 'Darker', 'Darker', 'Darker', 'Darker', 'Darker', 'Darker', 'Darker', 'Darker', 'Darker', 'Darker', 'Darker', 'Darker', 'Darker', 'Darker', 'Darker', 'Darker', 'Darker', 'Darker', 'Darker', 'Darker', 'Darker', 'Darker', 'Darker', 'Darker', 'Darker', 'Darker', 'Darker', 'Darker', 'Darker', 'Darker', 'Darker', 'Darker', 'Darker', 'Darker', 'Darker', 'Darker', 'Darker', 'Darker', 'Darker', 'Darker', 'Darker', 'Darker', 'Darker', 'Darker', 'Darker', 'Darker', 'Darker', 'Darker', 'Darker', 'Darker', 'Darker', 'Darker', 'Darker', 'Darker', 'Darker', 'Darker', 'Darker', 'Darker', 'Darker', 'Darker', 'Darker', 'Darker', 'Darker', 'Darker', 'Darker', 'Darker', 'Darker', 'Darker', 'Darker', 'Darker', 'Darker', 'Darker', 'Darker', 'Darker', 'Darker', 'Darker', 'Darker', 'Darker', 'Darker', 'Darker', 'Darker', 'Darker', 'Darker', 'Darker', 'Darker', 'Darker', 'Darker', 'Darker', 'Darker', 'Darker', 'Darker', 'Darker', 'Darker', 'Darker', 'Darker', 'Darker', 'Darker', 'Darker', 'Darker', 'Darker', 'Darker', 'Darker', 'Darker', 'Darker', 'Darker', 'Darker', 'Darker', 'Darker', 'Darker', 'Darker', 'Darker', 'Darker', 'Darker', 'Darker', 'Darker', 'Darker', 'Darker', 'Darker', 'Darker', 'Darker', 'Darker', 'Darker', 'Darker', 'Darker', 'Darker', 'Darker', 'Darker', 'Darker', 'Darker', 'Darker', 'Darker', 'Darker', 'Darker', 'Darker', 'Darker', 'Darker', 'Darker', 'Darker', 'Darker', 'Darker', 'Darker', 'Darker', 'Darker', 'Darker', 'Darker', 'Darker', 'Darker', 'Darker', 'Darker', 'Darker', 'Darker', 'Darker', 'Darker', 'Darker', 'Darker', 'Darker', 'Darker', 'Darker', 'Darker', 'Darker', 'Darker', 'Darker', 'Darker', 'Darker', 'Darker', 'Darker', 'Darker', 'Darker', 'Darker', 'Darker', 'Darker', 'Darker', 'Darker', 'Darker', 'Darker', 'Darker', 'Darker', 'Darker', 'Darker', 'Darker', 'Darker', 'Darker', 'Darker', 'Darker', 'Darker', 'Darker', 'Darker', 'Darker', 'Darker', 'Darker', 'Darker', 'Darker', 'Darker', 'Darker', 'Darker', 'Darker', 'Darker', 'Darker', 'Darker', 'Darker', 'Darker', 'Darker', 'Darker', 'Darker', 'Darker', 'Darker', 'Darker', 'Darker', 'Darker', 'Darker', 'Darker', 'Darker', 'Darker', 'Darker', 'Darker', 'Darker', 'Darker', 'Darker', 'Darker', 'Darker', 'Darker', 'Darker', 'Darker', 'Darker', 'Darker', 'Darker', 'Darker', 'Darker', 'Darker', 'Darker', 'Darker', 'Darker', 'Darker', 'Darker', 'Darker', 'Darker', 'Darker', 'Darker', 'Darker', 'Darker', 'Darker', 'Darker', 'Darker', 'Darker', 'Darker', 'Darker', 'Darker', 'Darker', 'Darker', 'Darker', 'Darker', 'Darker', 'Darker', 'Darker', 'Darker', 'Darker', 'Darker', 'Darker', 'Darker', 'Darker', 'Darker', 'Darker', 'Darker', 'Darker', 'Darker', 'Darker', 'Darker', 'Darker', 'Darker', 'Darker', 'Darker', 'Darker', 'Darker', 'Darker', 'Darker', 'Darker', 'Darker', 'Darker', 'Darker', 'Darker', 'Darker', 'Darker', 'Darker', 'Darker', 'Darker', 'Darker', 'Darker', 'Darker', 'Darker', 'Darker', 'Darker', 'Darker', 'Darker', 'Darker', 'Darker', 'Darker', 'Darker', 'Darker', 'Darker', 'Darker', 'Darker', 'Darker', 'Darker', 'Darker', 'Darker', 'Darker', 'Darker', 'Darker', 'Darker', 'Darker', 'Darker', 'Darker', 'Darker', 'Darker', 'Darker', 'Darker', 'Darker', 'Darker', 'Darker', 'Darker', 'Darker', 'Darker', 'Darker', 'Darker', 'Darker', 'Darker', 'Darker', 'Darker', 'Darker', 'Darker', 'Darker', 'Darker', 'Darker', 'Darker', 'Darker', 'Darker', 'Darker', 'Darker', 'Darker', 'Darker', 'Darker', 'Darker', 'Darker', 'Darker', 'Darker', 'Darker', 'Darker', 'Darker', 'Darker', 'Darker', 'Darker', 'Darker', 'Darker', 'Darker', 'Darker', 'Darker', 'Darker', 'Darker', 'Darker', 'Darker', 'Darker', 'Darker', 'Darker', 'Darker', 'Darker', 'Darker', 'Darker', 'Darker', 'Darker', 'Darker', 'Darker', 'Darker', 'Darker', 'Darker', 'Darker', 'Darker', 'Darker', 'Darker', 'Darker', 'Darker', 'Darker', 'Darker', 'Darker', 'Darker', 'Darker', 'Darker', 'Darker', 'Darker', 'Darker', 'Darker', 'Darker', 'Darker', 'Darker', 'Darker', 'Darker', 'Darker', 'Darker', 'Darker', 'Darker', 'Darker', 'Darker', 'Darker', 'Darker', 'Darker', 'Darker', 'Darker', 'Darker', 'Darker', 'Darker', 'Darker', 'Darker', 'Darker', 'Darker', 'Darker', 'Darker', 'Darker', 'Darker', 'Darker', 'Darker', 'Darker', 'Darker', 'Darker', 'Darker', 'Darker', 'Darker', 'Darker', 'Darker', 'Darker', 'Darker', 'Darker', 'Darker', 'Darker', 'Darker', 'Darker', 'Darker', 'Darker', 'Darker', 'Darker', 'Darker', 'Darker', 'Darker', 'Darker', 'Darker', 'Darker', 'Darker', 'Darker', 'Darker', 'Darker', 'Darker', 'Darker', 'Darker', 'Darker', 'Darker', 'Darker', 'Darker', 'Darker', 'Darker', 'Darker', 'Darker', 'Darker', 'Darker', 'Darker', 'Darker', 'Darker', 'Darker', 'Darker', 'Darker', 'Darker', 'Darker', 'Darker', 'Darker', 'Darker', 'Darker', 'Darker', 'Darker', 'Darker', 'Darker', 'Darker', 'Darker', 'Darker', 'Darker', 'Darker', 'Darker', 'Darker', 'Darker', 'Darker', 'Darker', 'Darker', 'Darker', 'Darker', 'Darker', 'Darker', 'Darker', 'Darker', 'Darker', 'Darker', 'Darker', 'Darker', 'Darker', 'Darker', 'Darker', 'Darker', 'Darker', 'Darker', 'Darker', 'Darker', 'Darker', 'Darker', 'Darker', 'Darker', 'Darker', 'Darker', 'Darker', 'Darker', 'Darker', 'Darker', 'Darker', 'Darker', 'Darker', 'Darker', 'Darker', 'Darker', 'Darker', 'Darker', 'Darker', 'Darker', 'Darker', 'Darker', 'Darker', 'Darker', 'Darker', 'Darker', 'Darker', 'Darker', 'Darker', 'Darker', 'Darker', 'Darker', 'Darker', 'Darker', 'Darker', 'Darker', 'Darker', 'Darker', 'Darker', 'Darker', 'Darker', 'Darker', 'Darker', 'Darker', 'Darker', 'Darker', 'Darker', 'Darker', 'Darker', 'Darker', 'Darker', 'Darker', 'Darker', 'Darker', 'Darker', 'Darker', 'Darker', 'Darker', 'Darker', 'Darker', 'Darker', 'Darker', 'Darker', 'Darker', 'Darker', 'Darker', 'Darker', 'Darker', 'Darker', 'Darker', 'Darker', 'Darker', 'Darker', 'Darker', 'Darker', 'Darker', 'Darker', 'Darker', 'Darker', 'Darker', 'Darker', 'Darker', 'Darker', 'Darker', 'Darker', 'Darker', 'Darker', 'Darker', 'Darker', 'Darker', 'Darker', 'Darker', 'Darker', 'Darker', 'Darker', 'Darker', 'Darker', 'Darker', 'Darker', 'Darker', 'Darker', 'Darker', 'Darker', 'Darker', 'Darker', 'Darker', 'Darker', 'Darker', 'Darker', 'Darker', 'Darker', 'Darker', 'Darker', 'Darker', 'Darker', 'Darker', 'Darker', 'Darker', 'Darker', 'Darker', 'Darker', 'Darker', 'Darker', 'Darker', 'Darker', 'Darker', 'Darker', 'Darker', 'Darker', 'Darker', 'Darker', 'Darker', 'Darker', 'Darker', 'Darker', 'Darker', 'Darker', 'Darker', 'Darker', 'Darker', 'Darker', 'Darker', 'Darker', 'Darker', 'Darker', 'Darker', 'Darker', 'Darker', 'Darker', 'Darker', 'Darker', 'Darker', 'Darker', 'Darker', 'Darker', 'Darker', 'Darker', 'Darker', 'Darker', 'Darker', 'Darker', 'Darker', 'Darker', 'Darker', 'Darker', 'Darker', 'Darker', 'Darker', 'Darker', 'Darker', 'Darker', 'Darker', 'Darker', 'Darker', 'Darker', 'Darker', 'Darker', 'Darker', 'Darker', 'Darker', 'Darker', 'Darker', 'Darker', 'Darker', 'Darker', 'Darker', 'Darker', 'Darker', 'Darker', 'Darker', 'Darker', 'Darker', 'Darker', 'Darker', 'Darker', 'Darker', 'Darker', 'Darker', 'Darker', 'Darker', 'Darker', 'Darker', 'Darker', 'Darker', 'Darker', 'Darker', 'Darker', 'Darker', 'Darker', 'Darker', 'Darker', 'Darker', 'Darker', 'Darker', 'Darker', 'Darker', 'Darker', 'Darker', 'Darker', 'Darker', 'Darker', 'Darker', 'Darker', 'Darker', 'Darker', 'Darker', 'Darker', 'Darker', 'Darker', 'Darker', 'Darker', 'Darker', 'Darker', 'Darker', 'Darker', 'Darker', 'Darker', 'Darker', 'Darker', 'Darker', 'Darker', 'Darker', 'Darker', 'Darker', 'Darker', 'Darker', 'Darker', 'Darker', 'Darker', 'Darker', 'Darker', 'Darker', 'Darker', 'Darker', 'Darker', 'Darker', 'Darker', 'Darker', 'Darker', 'Darker', 'Darker', 'Darker', 'Darker', 'Darker', 'Darker', 'Darker', 'Darker', 'Darker', 'Darker', 'Darker', 'Darker', 'Darker', 'Darker', 'Darker', 'Darker', 'Darker', 'Darker', 'Darker', 'Darker', 'Darker', 'Darker', 'Darker', 'Darker', 'Darker', 'Darker', 'Darker', 'Darker', 'Darker', 'Darker', 'Darker', 'Darker', 'Darker', 'Darker', 'Darker', 'Darker', 'Darker', 'Darker', 'Darker', 'Darker', 'Darker', 'Darker', 'Darker', 'Darker', 'Darker', 'Darker', 'Darker', 'Darker', 'Darker', 'Darker', 'Darker', 'Darker', 'Darker', 'Darker', 'Darker', 'Darker', 'Darker', 'Darker', 'Darker', 'Darker', 'Darker', 'Darker', 'Darker', 'Darker', 'Darker', 'Darker', 'Darker', 'Darker', 'Darker', 'Darker', 'Darker', 'Darker', 'Darker', 'Darker', 'Darker', 'Darker', 'Darker', 'Darker', 'Darker', 'Darker', 'Darker', 'Darker', 'Darker', 'Darker', 'Darker', 'Darker', 'Darker', 'Darker', 'Darker', 'Darker', 'Darker', 'Darker', 'Darker', 'Darker', 'Darker', 'Darker', 'Darker', 'Darker', 'Darker', 'Darker', 'Darker', 'Darker', 'Darker', 'Darker', 'Darker', 'Darker', 'Darker', 'Darker', 'Darker', 'Darker', 'Darker', 'Darker', 'Darker', 'Darker', 'Darker', 'Darker', 'Darker', 'Darker', 'Darker', 'Darker', 'Darker', 'Darker', 'Darker', 'Darker', 'Darker', 'Darker', 'Darker', 'Darker', 'Darker', 'Darker', 'Darker', 'Darker', 'Darker', 'Darker', 'Darker', 'Darker', 'Darker', 'Darker', 'Darker', 'Darker', 'Darker', 'Darker', 'Darker', 'Darker', 'Darker', 'Darker', 'Darker', 'Darker', 'Darker', 'Darker', 'Darker', 'Darker', 'Darker', 'Darker', 'Darker', 'Darker', 'Darker', 'Darker', 'Darker', 'Darker', 'Darker', 'Darker', 'Darker', 'Darker', 'Darker', 'Darker', 'Darker', 'Darker', 'Darker', 'Darker', 'Darker', 'Darker', 'Darker', 'Darker', 'Darker', 'Darker', 'Darker', 'Darker', 'Darker', 'Darker', 'Darker', 'Darker', 'Darker', 'Darker', 'Darker', 'Darker', 'Darker', 'Darker', 'Darker', 'Darker', 'Darker', 'Darker', 'Darker', 'Darker', 'Darker', 'Darker', 'Darker', 'Darker', 'Darker', 'Darker', 'Darker', 'Darker', 'Darker', 'Darker', 'Darker', 'Darker', 'Darker', 'Darker', 'Darker', 'Darker', 'Darker', 'Darker', 'Darker', 'Darker', 'Darker', 'Darker', 'Darker', 'Darker', 'Darker', 'Darker', 'Darker', 'Darker', 'Darker', 'Darker', 'Darker', 'Darker', 'Darker', 'Darker', 'Darker', 'Darker', 'Darker', 'Darker', 'Darker', 'Darker', 'Darker', 'Darker', 'Darker', 'Darker', 'Darker', 'Darker', 'Darker', 'Darker', 'Darker', 'Darker', 'Darker', 'Darker', 'Darker', 'Darker', 'Darker', 'Darker', 'Darker', 'Darker', 'Darker', 'Darker', 'Darker', 'Darker', 'Darker', 'Darker', 'Darker', 'Darker', 'Darker', 'Darker', 'Darker', 'Darker', 'Darker', 'Darker', 'Darker', 'Darker', 'Darker', 'Darker', 'Darker', 'Darker', 'Darker', 'Darker', 'Darker', 'Darker', 'Darker', 'Darker', 'Darker', 'Darker', 'Darker', 'Darker', 'Darker', 'Darker', 'Darker', 'Darker', 'Darker', 'Darker', 'Darker', 'Darker', 'Darker', 'Darker', 'Darker', 'Darker', 'Darker', 'Darker', 'Darker', 'Darker', 'Darker', 'Darker', 'Darker', 'Darker', 'Darker', 'Darker', 'Darker', 'Darker', 'Darker', 'Darker', 'Darker', 'Darker', 'Darker', 'Darker', 'Darker', 'Darker', 'Darker', 'Darker', 'Darker', 'Darker', 'Darker', 'Darker', 'Darker', 'Darker', 'Darker', 'Darker', 'Darker', 'Darker', 'Darker', 'Darker', 'Darker', 'Darker', 'Darker', 'Darker', 'Darker', 'Darker', 'Darker', 'Darker', 'Darker', 'Darker', 'Darker', 'Darker', 'Darker', 'Darker', 'Darker', 'Darker', 'Darker', 'Darker', 'Darker', 'Darker', 'Darker', 'Darker', 'Darker', 'Darker', 'Darker', 'Darker', 'Darker', 'Darker', 'Darker', 'Darker', 'Darker', 'Darker', 'Darker', 'Darker', 'Darker', 'Darker', 'Darker', 'Darker', 'Darker', 'Darker', 'Darker', 'Darker', 'Darker', 'Darker', 'Darker', 'Darker', 'Darker', 'Darker', 'Darker', 'Darker', 'Darker', 'Darker', 'Darker', 'Darker', 'Darker', 'Darker', 'Darker', 'Darker', 'Darker', 'Darker', 'Darker', 'Darker', 'Darker', 'Darker', 'Darker', 'Darker', 'Darker', 'Darker', 'Darker', 'Darker', 'Darker', 'Darker', 'Darker', 'Darker', 'Darker', 'Darker', 'Darker', 'Darker', 'Darker', 'Darker', 'Darker', 'Darker', 'Darker', 'Darker', 'Darker', 'Darker', 'Darker', 'Darker', 'Darker', 'Darker', 'Darker', 'Darker', 'Darker', 'Darker', 'Darker', 'Darker', 'Darker', 'Darker', 'Darker', 'Darker', 'Darker', 'Darker', 'Darker', 'Darker', 'Darker', 'Darker', 'Darker', 'Darker', 'Darker', 'Darker', 'Darker', 'Darker', 'Darker', 'Darker', 'Darker', 'Darker', 'Darker', 'Darker', 'Darker', 'Darker', 'Darker', 'Darker', 'Darker', 'Darker', 'Darker', 'Darker', 'Darker', 'Darker', 'Darker', 'Darker', 'Darker', 'Darker', 'Darker', 'Darker', 'Darker', 'Darker', 'Darker', 'Darker', 'Darker', 'Darker', 'Darker', 'Darker', 'Darker', 'Darker', 'Darker', 'Darker', 'Darker', 'Darker', 'Darker', 'Darker', 'Darker', 'Darker', 'Darker', 'Darker', 'Darker', 'Darker', 'Darker', 'Darker', 'Darker', 'Darker', 'Darker', 'Darker', 'Darker', 'Darker', 'Darker', 'Darker', 'Darker', 'Darker', 'Darker', 'Darker', 'Darker', 'Darker', 'Darker', 'Darker', 'Darker', 'Darker', 'Darker', 'Darker', 'Darker', 'Darker', 'Darker', 'Darker', 'Darker', 'Darker', 'Darker', 'Darker', 'Darker', 'Darker', 'Darker', 'Darker', 'Darker', 'Darker', 'Darker', 'Darker', 'Darker', 'Darker', 'Darker', 'Darker', 'Darker', 'Darker', 'Darker', 'Darker', 'Darker', 'Darker', 'Darker', 'Darker', 'Darker', 'Darker', 'Darker', 'Darker', 'Darker', 'Darker', 'Darker', 'Darker', 'Darker', 'Darker', 'Darker', 'Darker', 'Darker', 'Darker', 'Darker', 'Darker', 'Darker', 'Darker', 'Darker', 'Darker', 'Darker', 'Darker', 'Darker', 'Darker', 'Darker', 'Darker', 'Darker', 'Darker', 'Darker', 'Darker', 'Darker', 'Darker', 'Darker', 'Darker', 'Darker', 'Darker', 'Darker', 'Darker', 'Darker', 'Darker', 'Darker', 'Darker', 'Darker', 'Darker', 'Darker', 'Darker', 'Darker', 'Darker', 'Darker', 'Darker', 'Darker', 'Darker', 'Darker', 'Darker', 'Darker', 'Darker', 'Darker', 'Darker', 'Darker', 'Darker', 'Darker', 'Darker', 'Darker', 'Darker', 'Darker', 'Darker', 'Darker', 'Darker', 'Darker', 'Darker', 'Darker', 'Darker', 'Darker', 'Darker', 'Darker', 'Darker', 'Darker', 'Darker', 'Darker', 'Darker', 'Darker', 'Darker', 'Darker', 'Darker', 'Darker', 'Darker', 'Darker', 'Darker', 'Darker', 'Darker', 'Darker', 'Darker', 'Darker', 'Darker', 'Darker', 'Darker', 'Darker', 'Darker', 'Darker', 'Darker', 'Darker', 'Darker', 'Darker', 'Darker', 'Darker', 'Darker', 'Darker', 'Darker', 'Darker', 'Darker', 'Darker', 'Darker', 'Darker', 'Darker', 'Darker', 'Darker', 'Darker', 'Darker', 'Darker', 'Darker', 'Darker', 'Darker', 'Darker', 'Darker', 'Darker', 'Darker', 'Darker', 'Darker', 'Darker', 'Darker', 'Darker', 'Darker', 'Darker', 'Darker', 'Darker', 'Darker', 'Darker', 'Darker', 'Darker', 'Darker', 'Darker', 'Darker', 'Darker', 'Darker', 'Darker', 'Darker', 'Darker', 'Darker', 'Darker', 'Darker', 'Darker', 'Darker', 'Darker', 'Darker', 'Darker', 'Darker', 'Darker', 'Darker', 'Darker', 'Darker', 'Darker', 'Darker', 'Darker', 'Darker', 'Darker', 'Darker', 'Darker', 'Darker', 'Darker', 'Darker', 'Darker', 'Darker', 'Darker', 'Darker', 'Darker', 'Darker', 'Darker', 'Darker', 'Darker', 'Darker', 'Darker', 'Darker', 'Darker', 'Darker', 'Darker', 'Darker', 'Darker', 'Darker', 'Darker', 'Darker', 'Darker', 'Darker', 'Darker', 'Darker', 'Darker', 'Darker', 'Darker', 'Darker', 'Darker', 'Darker', 'Darker', 'Darker', 'Darker', 'Darker', 'Darker', 'Darker', 'Darker', 'Darker', 'Darker', 'Darker', 'Darker', 'Darker', 'Darker', 'Darker', 'Darker', 'Darker', 'Darker', 'Darker', 'Darker', 'Darker', 'Darker', 'Darker', 'Darker', 'Darker', 'Darker', 'Darker', 'Darker', 'Darker', 'Darker', 'Darker', 'Darker', 'Darker', 'Darker', 'Darker', 'Darker', 'Darker', 'Darker', 'Darker', 'Darker', 'Darker', 'Darker', 'Darker', 'Darker', 'Darker', 'Darker', 'Darker', 'Darker', 'Darker', 'Darker', 'Darker', 'Darker', 'Darker', 'Darker', 'Darker', 'Darker', 'Darker', 'Darker', 'Darker', 'Darker', 'Darker', 'Darker', 'Darker', 'Darker', 'Darker', 'Darker', 'Darker', 'Darker', 'Darker', 'Darker', 'Darker', 'Darker', 'Darker', 'Darker', 'Darker', 'Darker', 'Darker', 'Darker', 'Darker', 'Darker', 'Darker', 'Darker', 'Darker', 'Darker', 'Darker', 'Darker', 'Darker', 'Darker', 'Darker', 'Darker', 'Darker', 'Darker', 'Darker', 'Darker', 'Darker', 'Darker', 'Darker', 'Darker', 'Darker', 'Darker', 'Darker', 'Darker', 'Darker', 'Darker', 'Darker', 'Darker', 'Darker', 'Darker', 'Darker', 'Darker', 'Darker', 'Darker', 'Darker', 'Darker', 'Darker', 'Darker', 'Darker', 'Darker', 'Darker', 'Darker', 'Darker', 'Darker', 'Darker', 'Darker', 'Darker', 'Darker', 'Darker', 'Darker', 'Darker', 'Darker', 'Darker', 'Darker', 'Darker', 'Darker', 'Darker', 'Darker', 'Darker', 'Darker', 'Darker', 'Darker', 'Darker', 'Darker', 'Darker', 'Darker', 'Darker', 'Darker', 'Darker', 'Darker', 'Darker', 'Darker', 'Darker', 'Darker', 'Darker', 'Darker', 'Darker', 'Darker', 'Darker', 'Darker', 'Darker', 'Darker', 'Darker', 'Darker', 'Darker', 'Darker', 'Darker', 'Darker', 'Darker', 'Darker', 'Darker', 'Darker', 'Darker', 'Darker', 'Darker', 'Darker', 'Darker', 'Darker', 'Darker', 'Darker', 'Darker', 'Darker', 'Darker', 'Darker', 'Darker', 'Darker', 'Darker', 'Darker', 'Darker', 'Darker', 'Darker', 'Darker', 'Darker', 'Darker', 'Darker', 'Darker', 'Darker', 'Darker', 'Darker', 'Darker', 'Darker', 'Darker', 'Darker', 'Darker', 'Darker', 'Darker', 'Darker', 'Darker', 'Darker', 'Darker', 'Darker', 'Darker', 'Darker', 'Darker', 'Darker', 'Darker', 'Darker', 'Darker', 'Darker', 'Darker', 'Darker', 'Darker', 'Darker', 'Darker', 'Darker', 'Darker', 'Darker', 'Darker', 'Darker', 'Darker', 'Darker', 'Darker', 'Darker', 'Darker', 'Darker', 'Darker', 'Darker', 'Darker', 'Darker', 'Darker', 'Darker', 'Darker', 'Darker', 'Darker', 'Darker', 'Darker', 'Darker', 'Darker', 'Darker', 'Darker', 'Darker', 'Darker', 'Darker', 'Darker', 'Darker', 'Darker', 'Darker', 'Darker', 'Darker', 'Darker', 'Darker', 'Darker', 'Darker', 'Darker', 'Darker', 'Darker', 'Darker', 'Darker', 'Darker', 'Darker', 'Darker', 'Darker', 'Darker', 'Darker', 'Darker', 'Darker', 'Darker', 'Darker', 'Darker', 'Darker', 'Darker', 'Darker', 'Darker', 'Darker', 'Darker', 'Darker', 'Darker', 'Darker', 'Darker', 'Darker', 'Darker', 'Darker', 'Darker', 'Darker', 'Darker', 'Darker', 'Darker', 'Darker', 'Darker', 'Darker', 'Darker', 'Darker', 'Darker', 'Darker', 'Darker', 'Darker', 'Darker', 'Darker', 'Darker', 'Darker', 'Darker', 'Darker', 'Darker', 'Darker', 'Darker', 'Darker', 'Darker', 'Darker', 'Darker', 'Darker', 'Darker', 'Darker', 'Darker', 'Darker', 'Darker', 'Darker', 'Darker', 'Darker', 'Darker', 'Darker', 'Darker', 'Darker', 'Darker', 'Darker', 'Darker', 'Darker', 'Darker', 'Darker', 'Darker', 'Darker', 'Darker', 'Darker', 'Darker', 'Darker', 'Darker', 'Darker', 'Darker', 'Darker', 'Darker', 'Darker', 'Darker', 'Darker', 'Darker', 'Darker', 'Darker', 'Darker', 'Darker', 'Darker', 'Darker', 'Darker', 'Darker', 'Darker', 'Darker', 'Darker', 'Darker', 'Darker', 'Darker', 'Darker', 'Darker', 'Darker', 'Darker', 'Darker', 'Darker', 'Darker', 'Darker', 'Darker', 'Darker', 'Darker', 'Darker', 'Darker', 'Darker', 'Darker', 'Darker', 'Darker', 'Darker', 'Darker', 'Darker', 'Darker', 'Darker', 'Darker', 'Darker', 'Darker', 'Darker', 'Darker', 'Darker', 'Darker', 'Darker', 'Darker', 'Darker', 'Darker', 'Darker', 'Darker', 'Darker', 'Darker', 'Darker', 'Darker', 'Darker', 'Darker', 'Darker', 'Darker', 'Darker', 'Darker', 'Darker', 'Darker', 'Darker', 'Darker', 'Darker', 'Darker', 'Darker', 'Darker', 'Darker', 'Darker', 'Darker', 'Darker', 'Darker', 'Darker', 'Darker', 'Darker', 'Darker', 'Darker', 'Darker', 'Darker', 'Darker', 'Darker', 'Darker', 'Darker', 'Darker', 'Darker', 'Darker', 'Darker', 'Darker', 'Darker', 'Darker', 'Darker', 'Darker', 'Darker', 'Darker', 'Darker', 'Darker', 'Darker', 'Darker', 'Darker', 'Darker', 'Darker', 'Darker', 'Darker', 'Darker', 'Darker', 'Darker', 'Darker', 'Darker', 'Darker', 'Darker', 'Darker', 'Darker', 'Darker', 'Darker', 'Darker', 'Darker', 'Darker', 'Darker', 'Darker', 'Darker', 'Darker', 'Darker', 'Darker', 'Darker', 'Darker', 'Darker', 'Darker', 'Darker', 'Darker', 'Darker', 'Darker', 'Darker', 'Darker', 'Darker', 'Darker', 'Darker', 'Darker', 'Darker', 'Darker', 'Darker', 'Darker', 'Darker', 'Darker', 'Darker', 'Darker', 'Darker', 'Darker', 'Darker', 'Darker', 'Darker', 'Darker', 'Darker', 'Darker', 'Darker', 'Darker', 'Darker', 'Darker', 'Darker', 'Darker', 'Darker', 'Darker', 'Darker', 'Darker', 'Darker', 'Darker', 'Darker', 'Darker', 'Darker', 'Darker', 'Darker', 'Darker', 'Darker', 'Darker', 'Darker', 'Darker', 'Darker', 'Darker', 'Darker', 'Darker', 'Darker', 'Darker', 'Darker', 'Darker', 'Darker', 'Darker', 'Darker', 'Darker', 'Darker', 'Darker', 'Darker', 'Darker', 'Darker', 'Darker', 'Darker', 'Darker', 'Darker', 'Darker', 'Darker', 'Darker', 'Darker', 'Darker', 'Darker', 'Darker', 'Darker', 'Darker', 'Darker', 'Darker', 'Darker', 'Darker', 'Darker', 'Darker', 'Darker', 'Darker', 'Darker', 'Darker', 'Darker', 'Darker', 'Darker', 'Darker', 'Darker', 'Darker', 'Darker', 'Darker', 'Darker', 'Darker', 'Darker', 'Darker', 'Darker', 'Darker', 'Darker', 'Darker', 'Darker', 'Darker', 'Darker', 'Darker', 'Darker', 'Darker', 'Darker', 'Darker', 'Darker', 'Darker', 'Darker', 'Darker', 'Darker', 'Darker', 'Darker', 'Darker', 'Darker', 'Darker', 'Darker', 'Darker', 'Darker', 'Darker', 'Darker', 'Darker', 'Darker', 'Darker', 'Darker', 'Darker', 'Darker', 'Darker', 'Darker', 'Darker', 'Darker', 'Darker', 'Darker', 'Darker', 'Darker', 'Darker', 'Darker', 'Darker', 'Darker', 'Darker', 'Darker', 'Darker', 'Darker', 'Darker', 'Darker', 'Darker', 'Darker', 'Darker', 'Darker', 'Darker', 'Darker', 'Darker', 'Darker', 'Darker', 'Darker', 'Darker', 'Darker', 'Darker', 'Darker', 'Darker', 'Darker', 'Darker', 'Darker', 'Darker', 'Darker', 'Darker', 'Darker', 'Darker', 'Darker', 'Darker', 'Darker', 'Darker', 'Darker', 'Darker', 'Darker', 'Darker', 'Darker', 'Darker', 'Darker', 'Darker', 'Darker', 'Darker', 'Darker', 'Darker', 'Darker', 'Darker', 'Darker', 'Darker', 'Darker', 'Darker', 'Darker', 'Darker', 'Darker', 'Darker', 'Darker', 'Darker', 'Darker', 'Darker', 'Darker', 'Darker', 'Darker', 'Darker', 'Darker', 'Darker', 'Darker', 'Darker', 'Darker', 'Darker', 'Darker', 'Darker', 'Darker', 'Darker', 'Darker', 'Darker', 'Darker', 'Darker', 'Darker', 'Darker', 'Darker', 'Darker', 'Darker', 'Darker', 'Darker', 'Darker', 'Darker', 'Darker', 'Darker', 'Darker', 'Darker', 'Darker', 'Darker', 'Darker', 'Darker', 'Darker', 'Darker', 'Darker', 'Darker', 'Darker', 'Darker', 'Darker', 'Darker', 'Darker', 'Darker', 'Darker', 'Darker', 'Darker', 'Darker', 'Darker', 'Darker', 'Darker', 'Darker', 'Darker', 'Darker', 'Darker', 'Darker', 'Darker', 'Darker', 'Darker', 'Darker', 'Darker', 'Darker', 'Darker', 'Darker', 'Darker', 'Darker', 'Darker', 'Darker', 'Darker', 'Darker', 'Darker', 'Darker', 'Darker', 'Darker', 'Darker', 'Darker', 'Darker', 'Darker', 'Darker', 'Darker', 'Darker', 'Darker', 'Darker', 'Darker', 'Darker', 'Darker', 'Darker', 'Darker', 'Darker', 'Darker', 'Darker', 'Darker', 'Darker', 'Darker', 'Darker', 'Darker', 'Darker', 'Darker', 'Darker', 'Darker', 'Darker', 'Darker', 'Darker', 'Darker', 'Darker', 'Darker', 'Darker', 'Darker', 'Darker', 'Darker', 'Darker', 'Darker', 'Darker', 'Darker', 'Darker', 'Darker', 'Darker', 'Darker', 'Darker', 'Darker', 'Darker', 'Darker', 'Darker', 'Darker', 'Darker', 'Darker', 'Darker', 'Darker', 'Darker', 'Darker', 'Darker', 'Darker', 'Darker', 'Darker', 'Darker', 'Darker', 'Darker', 'Darker', 'Darker', 'Darker', 'Darker', 'Darker', 'Darker', 'Darker', 'Darker', 'Darker', 'Darker', 'Darker', 'Darker', 'Darker', 'Darker', 'Darker', 'Darker', 'Darker', 'Darker', 'Darker', 'Darker', 'Darker', 'Darker', 'Darker', 'Darker', 'Darker', 'Darker', 'Darker', 'Darker', 'Darker', 'Darker', 'Darker', 'Darker', 'Darker', 'Darker', 'Darker', 'Darker', 'Darker', 'Darker', 'Darker', 'Darker', 'Darker', 'Darker', 'Darker', 'Darker', 'Darker', 'Darker', 'Darker', 'Darker', 'Darker', 'Darker', 'Darker', 'Darker', 'Darker', 'Darker', 'Darker', 'Darker', 'Darker', 'Darker', 'Darker', 'Darker', 'Darker', 'Darker', 'Darker', 'Darker', 'Darker', 'Darker', 'Darker', 'Darker', 'Darker', 'Darker', 'Darker', 'Darker', 'Darker', 'Darker', 'Darker', 'Darker', 'Darker', 'Darker', 'Darker', 'Darker', 'Darker', 'Darker', 'Darker', 'Darker', 'Darker', 'Darker', 'Darker', 'Darker', 'Darker', 'Darker', 'Darker', 'Darker', 'Darker', 'Darker', 'Darker', 'Darker', 'Darker', 'Darker', 'Darker', 'Darker', 'Darker', 'Darker', 'Darker', 'Darker', 'Darker', 'Darker', 'Darker', 'Darker', 'Darker', 'Darker', 'Darker', 'Darker', 'Darker', 'Darker', 'Darker', 'Darker', 'Darker', 'Darker', 'Darker', 'Darker', 'Darker', 'Darker', 'Darker', 'Darker', 'Darker', 'Darker', 'Darker', 'Darker', 'Darker', 'Darker', 'Darker', 'Darker', 'Darker', 'Darker', 'Darker', 'Darker', 'Darker', 'Darker', 'Darker', 'Darker', 'Darker', 'Darker', 'Darker', 'Darker', 'Darker', 'Darker', 'Darker', 'Darker', 'Darker', 'Darker', 'Darker', 'Darker', 'Darker', 'Darker', 'Darker', 'Darker', 'Darker', 'Darker', 'Darker', 'Darker', 'Darker', 'Darker', 'Darker', 'Darker', 'Darker', 'Darker', 'Darker', 'Darker', 'Darker', 'Darker', 'Darker', 'Darker', 'Darker', 'Darker', 'Darker', 'Darker', 'Darker', 'Darker', 'Darker', 'Darker', 'Darker', 'Darker', 'Darker', 'Darker', 'Darker', 'Darker', 'Darker', 'Darker', 'Darker', 'Darker', 'Darker', 'Darker', 'Darker', 'Darker', 'Darker', 'Darker', 'Darker', 'Darker', 'Darker', 'Darker', 'Darker', 'Darker', 'Darker', 'Darker', 'Darker', 'Darker', 'Darker', 'Darker', 'Darker', 'Darker', 'Darker', 'Darker', 'Darker', 'Darker', 'Darker', 'Darker', 'Darker', 'Darker', 'Darker', 'Darker', 'Darker', 'Darker', 'Darker', 'Darker', 'Darker', 'Darker', 'Darker', 'Darker', 'Darker', 'Darker', 'Darker', 'Darker', 'Darker', 'Darker', 'Darker', 'Darker', 'Darker', 'Darker', 'Darker', 'Darker', 'Darker', 'Darker', 'Darker', 'Darker', 'Darker', 'Darker', 'Darker', 'Darker', 'Darker', 'Darker', 'Darker', 'Darker', 'Darker', 'Darker', 'Darker', 'Darker', 'Darker', 'Darker', 'Darker', 'Darker', 'Darker', 'Darker', 'Darker', 'Darker', 'Darker', 'Darker', 'Darker', 'Darker', 'Darker', 'Darker', 'Darker', 'Darker', 'Darker', 'Darker', 'Darker', 'Darker', 'Darker', 'Darker', 'Darker', 'Darker', 'Darker', 'Darker', 'Darker', 'Darker', 'Darker', 'Darker', 'Darker', 'Darker', 'Darker', 'Darker', 'Darker', 'Darker', 'Darker', 'Darker', 'Darker', 'Darker', 'Darker', 'Darker', 'Darker', 'Darker', 'Darker', 'Darker', 'Darker', 'Darker', 'Darker', 'Darker', 'Darker', 'Darker', 'Darker', 'Darker', 'Darker', 'Darker', 'Darker', 'Darker', 'Darker', 'Darker', 'Darker', 'Darker', 'Darker', 'Darker', 'Darker', 'Darker', 'Darker', 'Darker', 'Darker', 'Darker', 'Darker', 'Darker', 'Darker', 'Darker', 'Darker', 'Darker', 'Darker', 'Darker', 'Darker', 'Darker', 'Darker', 'Darker', 'Darker', 'Darker', 'Darker', 'Darker', 'Darker', 'Darker', 'Darker', 'Darker', 'Darker', 'Darker', 'Darker', 'Darker', 'Darker', 'Darker', 'Darker', 'Darker', 'Darker', 'Darker', 'Darker', 'Darker', 'Darker', 'Darker', 'Darker', 'Darker', 'Darker', 'Darker', 'Darker', 'Darker', 'Darker', 'Darker', 'Darker', 'Darker', 'Darker', 'Darker', 'Darker', 'Darker', 'Darker', 'Darker', 'Darker', 'Darker', 'Darker', 'Darker', 'Darker', 'Darker', 'Darker', 'Darker', 'Darker', 'Darker', 'Darker', 'Darker', 'Darker', 'Darker', 'Darker', 'Darker', 'Darker', 'Darker', 'Darker', 'Darker', 'Darker', 'Darker', 'Darker', 'Darker', 'Darker', 'Darker', 'Darker', 'Darker', 'Darker', 'Darker', 'Darker', 'Darker', 'Darker', 'Darker', 'Darker', 'Darker', 'Darker', 'Darker', 'Darker', 'Darker', 'Darker', 'Darker', 'Darker', 'Darker', 'Darker', 'Darker', 'Darker', 'Darker', 'Darker', 'Darker', 'Darker', 'Darker', 'Darker', 'Darker', 'Darker', 'Darker', 'Darker', 'Darker', 'Darker', 'Darker', 'Darker', 'Darker', 'Darker', 'Darker', 'Darker', 'Darker', 'Darker', 'Darker', 'Darker', 'Darker', 'Darker', 'Darker', 'Darker', 'Darker', 'Darker', 'Darker', 'Darker', 'Darker', 'Darker', 'Darker', 'Darker', 'Darker', 'Darker', 'Darker', 'Darker', 'Darker', 'Darker', 'Darker', 'Darker', 'Darker', 'Darker', 'Darker', 'Darker', 'Darker', 'Darker', 'Darker', 'Darker', 'Darker', 'Darker', 'Darker', 'Darker', 'Darker', 'Darker', 'Darker', 'Darker', 'Darker', 'Darker', 'Darker', 'Darker', 'Darker', 'Darker', 'Darker', 'Darker', 'Darker', 'Darker', 'Darker', 'Darker', 'Darker', 'Darker', 'Darker', 'Darker', 'Darker', 'Darker', 'Darker', 'Darker', 'Darker', 'Darker', 'Darker', 'Darker', 'Darker', 'Darker', 'Darker', 'Darker', 'Darker', 'Darker', 'Darker', 'Darker', 'Darker', 'Darker', 'Darker', 'Darker', 'Darker', 'Darker', 'Darker', 'Darker', 'Darker', 'Darker', 'Darker', 'Darker', 'Darker', 'Darker', 'Darker', 'Darker', 'Darker', 'Darker', 'Darker', 'Darker', 'Darker', 'Darker', 'Darker', 'Darker', 'Darker', 'Darker', 'Darker', 'Darker', 'Darker', 'Darker', 'Darker', 'Darker', 'Darker', 'Darker', 'Darker', 'Darker', 'Darker', 'Darker', 'Darker', 'Darker', 'Darker', 'Darker', 'Darker', 'Darker', 'Darker', 'Darker', 'Darker', 'Darker', 'Darker', 'Darker', 'Darker', 'Darker', 'Darker', 'Darker', 'Darker', 'Darker', 'Darker', 'Darker', 'Darker', 'Darker', 'Darker', 'Darker', 'Darker', 'Darker', 'Darker', 'Darker', 'Darker', 'Darker', 'Darker', 'Darker', 'Darker', 'Darker', 'Darker', 'Darker', 'Darker', 'Darker', 'Darker', 'Darker', 'Darker', 'Darker', 'Darker', 'Darker', 'Darker', 'Darker', 'Darker', 'Darker', 'Darker', 'Darker', 'Darker', 'Darker', 'Darker', 'Darker', 'Darker', 'Darker', 'Darker', 'Darker', 'Darker', 'Darker', 'Darker', 'Darker', 'Darker', 'Darker', 'Darker', 'Darker', 'Darker', 'Darker', 'Darker', 'Darker', 'Darker', 'Darker', 'Darker', 'Darker', 'Darker', 'Darker', 'Darker', 'Darker', 'Darker', 'Darker', 'Darker', 'Darker', 'Darker', 'Darker', 'Darker', 'Darker', 'Darker', 'Darker', 'Darker', 'Darker', 'Darker', 'Darker', 'Darker', 'Darker', 'Darker', 'Darker', 'Darker', 'Darker', 'Darker', 'Darker', 'Darker', 'Darker', 'Darker', 'Darker', 'Darker', 'Darker', 'Darker', 'Darker', 'Darker', 'Darker', 'Darker', 'Darker', 'Darker', 'Darker', 'Darker', 'Darker', 'Darker', 'Darker', 'Darker', 'Darker', 'Darker', 'Darker', 'Darker', 'Darker', 'Darker', 'Darker', 'Darker', 'Darker', 'Darker', 'Darker', 'Darker', 'Darker', 'Darker', 'Darker', 'Darker', 'Darker', 'Darker', 'Darker', 'Darker', 'Darker', 'Darker', 'Darker', 'Darker', 'Darker', 'Darker', 'Darker', 'Darker', 'Darker', 'Darker', 'Darker', 'Darker', 'Darker', 'Darker', 'Darker', 'Darker', 'Darker', 'Darker', 'Darker', 'Darker', 'Darker', 'Darker', 'Darker', 'Darker', 'Darker', 'Darker', 'Darker', 'Darker', 'Darker', 'Darker', 'Darker', 'Darker', 'Darker', 'Darker', 'Darker', 'Darker', 'Darker', 'Darker', 'Darker', 'Darker', 'Darker', 'Darker', 'Darker', 'Darker', 'Darker', 'Darker', 'Darker', 'Darker', 'Darker', 'Darker', 'Darker', 'Darker', 'Darker', 'Darker', 'Darker', 'Darker', 'Darker', 'Darker', 'Darker', 'Darker', 'Darker', 'Darker', 'Darker', 'Darker', 'Darker', 'Darker', 'Darker', 'Darker', 'Darker', 'Darker', 'Darker', 'Darker', 'Darker', 'Darker', 'Darker', 'Darker', 'Darker', 'Darker', 'Darker', 'Darker', 'Darker', 'Darker', 'Darker', 'Darker', 'Darker', 'Darker', 'Darker', 'Darker', 'Darker', 'Darker', 'Darker', 'Darker', 'Darker', 'Darker', 'Darker', 'Darker', 'Darker', 'Darker', 'Darker', 'Darker', 'Darker', 'Darker', 'Darker', 'Darker', 'Darker', 'Darker', 'Darker', 'Darker', 'Darker', 'Darker', 'Darker', 'Darker', 'Darker', 'Darker', 'Darker', 'Darker', 'Darker', 'Darker', 'Darker', 'Darker', 'Darker', 'Darker', 'Darker', 'Darker', 'Darker', 'Darker', 'Darker', 'Darker', 'Darker', 'Darker', 'Darker', 'Darker', 'Darker', 'Darker', 'Darker', 'Darker', 'Darker', 'Darker', 'Darker', 'Darker', 'Darker', 'Darker', 'Darker', 'Darker', 'Darker', 'Darker', 'Darker', 'Darker', 'Darker', 'Darker', 'Darker', 'Darker', 'Darker', 'Darker', 'Darker', 'Darker', 'Darker', 'Darker', 'Darker', 'Darker', 'Darker', 'Darker', 'Darker', 'Darker', 'Darker', 'Darker', 'Darker', 'Darker', 'Darker', 'Darker', 'Darker', 'Darker', 'Darker', 'Darker', 'Darker', 'Darker', 'Darker', 'Darker', 'Darker', 'Darker', 'Darker', 'Darker', 'Darker', 'Darker', 'Darker', 'Darker', 'Darker', 'Darker', 'Darker', 'Darker', 'Darker', 'Darker', 'Darker', 'Darker', 'Darker', 'Darker', 'Darker', 'Darker', 'Darker', 'Darker', 'Darker', 'Darker', 'Darker', 'Darker', 'Darker', 'Darker', 'Darker', 'Darker', 'Darker', 'Darker', 'Darker', 'Darker', 'Darker', 'Darker', 'Darker', 'Darker', 'Darker', 'Darker', 'Darker', 'Darker', 'Darker', 'Darker', 'Darker', 'Darker', 'Darker', 'Darker', 'Darker', 'Darker', 'Darker', 'Darker', 'Darker', 'Darker', 'Darker', 'Darker', 'Darker', 'Darker', 'Darker', 'Darker', 'Darker', 'Darker', 'Darker', 'Darker', 'Darker', 'Darker', 'Darker', 'Darker', 'Darker', 'Darker', 'Darker', 'Darker', 'Darker', 'Darker', 'Darker', 'Darker', 'Darker', 'Darker', 'Darker', 'Darker', 'Darker', 'Darker', 'Darker', 'Darker', 'Darker', 'Darker', 'Darker', 'Darker', 'Darker', 'Darker', 'Darker', 'Darker', 'Darker', 'Darker', 'Darker', 'Darker', 'Darker', 'Darker', 'Darker', 'Darker', 'Darker', 'Darker', 'Darker', 'Darker', 'Darker', 'Darker', 'Darker', 'Darker', 'Darker', 'Darker', 'Darker', 'Darker', 'Darker', 'Darker', 'Darker', 'Darker', 'Darker', 'Darker', 'Darker', 'Darker', 'Darker', 'Darker', 'Darker', 'Darker', 'Darker', 'Darker', 'Darker', 'Darker', 'Darker', 'Darker', 'Darker', 'Darker', 'Darker', 'Darker', 'Darker', 'Darker', 'Darker', 'Darker', 'Darker', 'Darker', 'Darker', 'Darker', 'Darker', 'Darker', 'Darker', 'Darker', 'Darker', 'Darker', 'Darker', 'Darker', 'Darker', 'Darker', 'Darker', 'Darker', 'Darker', 'Darker', 'Darker', 'Darker', 'Darker', 'Darker', 'Darker', 'Darker', 'Darker', 'Darker', 'Darker', 'Darker', 'Darker', 'Darker', 'Darker', 'Darker', 'Darker', 'Darker', 'Darker', 'Darker', 'Darker', 'Darker', 'Darker', 'Darker', 'Darker', 'Darker', 'Darker', 'Darker', 'Darker', 'Darker', 'Darker', 'Darker', 'Darker', 'Darker', 'Darker', 'Darker', 'Darker', 'Darker', 'Darker', 'Darker', 'Darker', 'Darker', 'Darker', 'Darker', 'Darker', 'Darker', 'Darker', 'Darker', 'Darker', 'Darker', 'Darker', 'Darker', 'Darker', 'Darker', 'Darker', 'Darker', 'Darker', 'Darker', 'Darker', 'Darker', 'Darker', 'Darker', 'Darker', 'Darker', 'Darker', 'Darker', 'Darker', 'Darker', 'Darker', 'Darker', 'Darker', 'Darker', 'Darker', 'Darker', 'Darker', 'Darker', 'Darker', 'Darker', 'Darker', 'Darker', 'Darker', 'Darker', 'Darker', 'Darker', 'Darker', 'Darker', 'Darker', 'Darker', 'Darker', 'Darker', 'Darker', 'Darker', 'Darker', 'Darker', 'Darker', 'Darker', 'Darker', 'Darker', 'Darker', 'Darker', 'Darker', 'Darker', 'Darker', 'Darker', 'Darker', 'Darker', 'Darker', 'Darker', 'Darker', 'Darker', 'Darker', 'Darker', 'Darker', 'Darker', 'Darker', 'Darker', 'Darker', 'Darker', 'Darker', 'Darker', 'Darker', 'Darker', 'Darker', 'Darker', 'Darker', 'Darker', 'Darker', 'Darker', 'Darker', 'Darker', 'Darker', 'Darker', 'Darker', 'Darker', 'Darker', 'Darker', 'Darker', 'Darker', 'Darker', 'Darker', 'Darker', 'Darker', 'Darker', 'Darker', 'Darker', 'Darker', 'Darker', 'Darker', 'Darker', 'Darker', 'Darker', 'Darker', 'Darker', 'Darker', 'Darker', 'Darker', 'Darker', 'Darker', 'Darker', 'Darker', 'Darker', 'Darker', 'Darker', 'Darker', 'Darker', 'Darker', 'Darker', 'Darker', 'Darker', 'Darker', 'Darker', 'Darker', 'Darker', 'Darker', 'Darker', 'Darker', 'Darker', 'Darker', 'Darker', 'Darker', 'Darker', 'Darker', 'Darker', 'Darker', 'Darker', 'Darker', 'Darker', 'Darker', 'Darker', 'Darker', 'Darker', 'Darker', 'Darker', 'Darker', 'Darker', 'Darker', 'Darker', 'Darker', 'Darker', 'Darker', 'Darker', 'Darker', 'Darker', 'Darker', 'Darker', 'Darker', 'Darker', 'Darker', 'Darker', 'Darker', 'Darker', 'Darker', 'Darker', 'Darker', 'Darker', 'Darker', 'Darker', 'Darker', 'Darker', 'Darker', 'Darker', 'Darker', 'Darker', 'Darker', 'Darker', 'Darker', 'Darker', 'Darker', 'Darker', 'Darker', 'Darker', 'Darker', 'Darker', 'Darker', 'Darker', 'Darker', 'Darker', 'Darker', 'Darker', 'Darker', 'Darker', 'Darker', 'Darker', 'Darker', 'Darker', 'Darker', 'Darker', 'Darker', 'Darker', 'Darker', 'Darker', 'Darker', 'Darker', 'Darker', 'Darker', 'Darker', 'Darker', 'Darker', 'Darker', 'Darker', 'Darker', 'Darker', 'Darker', 'Darker', 'Darker', 'Darker', 'Darker', 'Darker', 'Darker', 'Darker', 'Darker', 'Darker', 'Darker', 'Darker', 'Darker', 'Darker', 'Darker', 'Darker', 'Darker', 'Darker', 'Darker', 'Darker', 'Darker', 'Darker', 'Darker', 'Darker', 'Darker', 'Darker', 'Darker', 'Darker', 'Darker', 'Darker', 'Darker', 'Darker', 'Darker', 'Darker', 'Darker', 'Darker', 'Darker', 'Darker', 'Darker', 'Darker', 'Darker', 'Darker', 'Darker', 'Darker', 'Darker', 'Darker', 'Darker', 'Darker', 'Darker', 'Darker', 'Darker', 'Darker', 'Darker', 'Darker', 'Darker', 'Darker', 'Darker', 'Darker', 'Darker', 'Darker', 'Darker', 'Darker', 'Darker', 'Darker', 'Darker', 'Darker', 'Darker', 'Darker', 'Darker', 'Darker', 'Darker', 'Darker', 'Darker', 'Darker', 'Darker', 'Darker', 'Darker', 'Darker', 'Darker', 'Darker', 'Darker', 'Darker', 'Darker', 'Darker', 'Darker', 'Darker', 'Darker', 'Darker', 'Darker', 'Darker', 'Darker', 'Darker', 'Darker', 'Darker', 'Darker', 'Darker', 'Darker', 'Darker', 'Darker', 'Darker', 'Darker', 'Darker', 'Darker', 'Darker', 'Darker', 'Darker', 'Darker', 'Darker', 'Darker', 'Darker', 'Darker', 'Darker', 'Darker', 'Darker', 'Darker', 'Darker', 'Darker', 'Darker', 'Darker', 'Darker', 'Darker', 'Darker', 'Darker', 'Darker', 'Darker', 'Darker', 'Darker', 'Darker', 'Darker', 'Darker', 'Darker', 'Darker', 'Darker', 'Darker', 'Darker', 'Darker', 'Darker', 'Darker', 'Darker', 'Darker', 'Darker', 'Darker', 'Darker', 'Darker', 'Darker', 'Darker', 'Darker', 'Darker', 'Darker', 'Darker', 'Darker', 'Darker', 'Darker', 'Darker', 'Darker', 'Darker', 'Darker', 'Darker', 'Darker', 'Darker', 'Darker', 'Darker', 'Darker', 'Darker', 'Darker', 'Darker', 'Darker', 'Darker', 'Darker', 'Darker', 'Darker', 'Darker', 'Darker', 'Darker', 'Darker', 'Darker', 'Darker', 'Darker', 'Darker', 'Darker', 'Darker', 'Darker', 'Darker', 'Darker', 'Darker', 'Darker', 'Darker', 'Darker', 'Darker', 'Darker', 'Darker', 'Darker', 'Darker', 'Darker', 'Darker', 'Darker', 'Darker', 'Darker', 'Darker', 'Darker', 'Darker', 'Darker', 'Darker', 'Darker', 'Darker', 'Darker', 'Darker', 'Darker', 'Darker', 'Darker', 'Darker', 'Darker', 'Darker', 'Darker', 'Darker', 'Darker', 'Darker', 'Darker', 'Darker', 'Darker', 'Darker', 'Darker', 'Darker', 'Darker', 'Darker', 'Darker', 'Darker', 'Darker', 'Darker', 'Darker', 'Darker', 'Darker', 'Darker', 'Darker', 'Darker', 'Darker', 'Darker', 'Darker', 'Darker', 'Darker', 'Darker', 'Darker', 'Darker', 'Darker', 'Darker', 'Darker', 'Darker', 'Darker', 'Darker', 'Darker', 'Darker', 'Darker', 'Darker', 'Darker', 'Darker', 'Darker', 'Darker', 'Darker', 'Darker', 'Darker', 'Darker', 'Darker', 'Darker', 'Darker', 'Darker', 'Darker', 'Darker', 'Darker', 'Darker', 'Darker', 'Darker', 'Darker', 'Darker', 'Darker', 'Darker', 'Darker', 'Darker', 'Darker', 'Darker', 'Darker', 'Darker', 'Darker', 'Darker', 'Darker', 'Darker', 'Darker', 'Darker', 'Darker', 'Darker', 'Darker', 'Darker', 'Darker', 'Darker', 'Darker', 'Darker', 'Darker', 'Darker', 'Darker', 'Darker', 'Darker', 'Darker', 'Darker', 'Darker', 'Darker', 'Darker', 'Darker', 'Darker', 'Darker', 'Darker', 'Darker', 'Darker', 'Darker', 'Darker', 'Darker', 'Darker', 'Darker', 'Darker', 'Darker', 'Darker', 'Darker', 'Darker', 'Darker', 'Darker', 'Darker', 'Darker', 'Darker', 'Darker', 'Darker', 'Darker', 'Darker', 'Darker', 'Darker', 'Darker', 'Darker', 'Darker', 'Darker', 'Darker', 'Darker', 'Darker', 'Darker', 'Darker', 'Darker', 'Darker', 'Darker', 'Darker', 'Darker', 'Darker', 'Darker', 'Darker', 'Darker', 'Darker', 'Darker', 'Darker', 'Darker', 'Darker', 'Darker', 'Darker', 'Darker', 'Darker', 'Darker', 'Darker', 'Darker', 'Darker', 'Darker', 'Darker', 'Darker', 'Darker', 'Darker', 'Darker', 'Darker', 'Darker', 'Darker', 'Darker', 'Darker', 'Darker', 'Darker', 'Darker', 'Darker', 'Darker', 'Darker', 'Darker', 'Darker', 'Darker', 'Darker', 'Darker', 'Darker', 'Darker', 'Darker', 'Darker', 'Darker', 'Darker', 'Darker', 'Darker', 'Darker', 'Darker', 'Darker', 'Darker', 'Darker', 'Darker', 'Darker', 'Darker', 'Darker', 'Darker', 'Darker', 'Darker', 'Darker', 'Darker', 'Darker', 'Darker', 'Darker', 'Darker', 'Darker', 'Darker', 'Darker', 'Darker', 'Darker', 'Darker', 'Darker', 'Darker', 'Darker', 'Darker', 'Darker', 'Darker', 'Darker', 'Darker', 'Darker', 'Darker', 'Darker', 'Darker', 'Darker', 'Darker', 'Darker', 'Darker', 'Darker', 'Darker', 'Darker', 'Darker', 'Darker', 'Darker', 'Darker', 'Darker', 'Darker', 'Darker', 'Darker', 'Darker', 'Darker', 'Darker', 'Darker', 'Darker', 'Darker', 'Darker', 'Darker', 'Darker', 'Darker', 'Darker', 'Darker', 'Darker', 'Darker', 'Darker', 'Darker', 'Darker', 'Darker', 'Darker', 'Darker', 'Darker', 'Darker', 'Darker', 'Darker', 'Darker', 'Darker', 'Darker', 'Darker', 'Darker', 'Darker', 'Darker', 'Darker', 'Darker', 'Darker', 'Darker', 'Darker', 'Darker', 'Darker', 'Darker', 'Darker', 'Darker', 'Darker', 'Darker', 'Darker', 'Darker', 'Darker', 'Darker', 'Darker', 'Darker', 'Darker', 'Darker', 'Darker', 'Darker', 'Darker', 'Darker', 'Darker', 'Darker', 'Darker', 'Darker', 'Darker', 'Darker', 'Darker', 'Darker', 'Darker', 'Darker', 'Darker', 'Darker', 'Darker', 'Darker', 'Darker', 'Darker', 'Darker', 'Darker', 'Darker', 'Darker', 'Darker', 'Darker', 'Darker', 'Darker', 'Darker', 'Darker', 'Darker', 'Darker', 'Darker', 'Darker', 'Darker', 'Darker', 'Darker', 'Darker', 'Darker', 'Darker', 'Darker', 'Darker', 'Darker', 'Darker', 'Darker', 'Darker', 'Darker', 'Darker', 'Darker', 'Darker', 'Darker', 'Darker', 'Darker', 'Darker', 'Darker', 'Darker', 'Darker', 'Darker', 'Darker', 'Darker', 'Darker', 'Darker', 'Darker', 'Darker', 'Darker', 'Darker', 'Darker', 'Darker', 'Darker', 'Darker', 'Darker', 'Darker', 'Darker', 'Darker', 'Darker', 'Darker', 'Darker', 'Darker', 'Darker', 'Darker', 'Darker', 'Darker', 'Darker', 'Darker', 'Darker', 'Darker', 'Darker', 'Darker', 'Darker', 'Darker', 'Darker', 'Darker', 'Darker', 'Darker', 'Darker', 'Darker', 'Darker', 'Darker', 'Darker', 'Darker', 'Darker', 'Darker', 'Darker', 'Darker', 'Darker', 'Darker', 'Darker', 'Darker', 'Darker', 'Darker', 'Darker', 'Darker', 'Darker', 'Darker', 'Darker', 'Darker', 'Darker', 'Darker', 'Darker', 'Darker', 'Darker', 'Darker', 'Darker', 'Darker', 'Darker', 'Darker', 'Darker', 'Darker', 'Darker', 'Darker', 'Darker', 'Darker', 'Darker', 'Darker', 'Darker', 'Darker', 'Darker', 'Darker', 'Darker', 'Darker', 'Darker', 'Darker', 'Darker', 'Darker', 'Darker', 'Darker', 'Darker', 'Darker', 'Darker', 'Darker', 'Darker', 'Darker', 'Darker', 'Darker', 'Darker', 'Darker', 'Darker', 'Darker', 'Darker', 'Darker', 'Darker', 'Darker', 'Darker', 'Darker', 'Darker', 'Darker', 'Darker', 'Darker', 'Darker', 'Darker', 'Darker', 'Darker', 'Darker', 'Darker', 'Darker', 'Darker', 'Darker', 'Darker', 'Darker', 'Darker', 'Darker', 'Darker', 'Darker', 'Darker', 'Darker', 'Darker', 'Darker', 'Darker', 'Darker', 'Darker', 'Darker', 'Darker', 'Darker', 'Darker', 'Darker', 'Darker', 'Darker', 'Darker', 'Darker', 'Darker', 'Darker', 'Darker', 'Darker', 'Darker', 'Darker', 'Darker', 'Darker', 'Darker', 'Darker', 'Darker', 'Darker', 'Darker', 'Darker', 'Darker', 'Darker', 'Darker', 'Darker', 'Darker', 'Darker', 'Darker', 'Darker', 'Darker', 'Darker', 'Darker', 'Darker', 'Darker', 'Darker', 'Darker', 'Darker', 'Darker', 'Darker', 'Darker', 'Darker', 'Darker', 'Darker', 'Darker', 'Darker', 'Darker', 'Darker', 'Darker', 'Darker', 'Darker', 'Darker', 'Darker', 'Darker', 'Darker', 'Darker', 'Darker', 'Darker', 'Darker', 'Darker', 'Darker', 'Darker', 'Darker', 'Darker', 'Darker', 'Darker', 'Darker', 'Darker', 'Darker', 'Darker', 'Darker', 'Darker', 'Darker', 'Darker', 'Darker', 'Darker', 'Darker', 'Darker', 'Darker', 'Darker', 'Darker', 'Darker', 'Darker', 'Darker', 'Darker', 'Darker', 'Darker', 'Darker', 'Darker', 'Darker', 'Darker', 'Darker', 'Darker', 'Darker', 'Darker', 'Darker', 'Darker', 'Darker', 'Darker', 'Darker', 'Darker', 'Darker', 'Darker', 'Darker', 'Darker', 'Darker', 'Darker', 'Darker', 'Darker', 'Darker', 'Darker', 'Darker', 'Darker', 'Darker', 'Darker', 'Darker', 'Darker', 'Darker', 'Darker', 'Darker', 'Darker', 'Darker', 'Darker', 'Darker', 'Darker', 'Darker', 'Darker', 'Darker', 'Darker', 'Darker', 'Darker', 'Darker', 'Darker', 'Darker', 'Darker', 'Darker', 'Darker', 'Darker', 'Darker', 'Darker', 'Darker', 'Darker', 'Darker', 'Darker', 'Darker', 'Darker', 'Darker', 'Darker', 'Darker', 'Darker', 'Darker', 'Darker', 'Darker', 'Darker', 'Darker', 'Darker', 'Darker', 'Darker', 'Darker', 'Darker', 'Darker', 'Darker', 'Darker', 'Darker', 'Darker', 'Darker', 'Darker', 'Darker', 'Darker', 'Darker', 'Darker', 'Darker', 'Darker', 'Darker', 'Darker', 'Darker', 'Darker', 'Darker', 'Darker', 'Darker', 'Darker', 'Darker', 'Darker', 'Darker', 'Darker', 'Darker', 'Darker', 'Darker', 'Darker', 'Darker', 'Darker', 'Darker', 'Darker', 'Darker', 'Darker', 'Darker', 'Darker', 'Darker', 'Darker', 'Darker', 'Darker', 'Darker', 'Darker', 'Darker', 'Darker', 'Darker', 'Darker', 'Darker', 'Darker', 'Darker', 'Darker', 'Darker', 'Darker', 'Darker', 'Darker', 'Darker', 'Darker', 'Darker', 'Darker', 'Darker', 'Darker', 'Darker', 'Darker', 'Darker', 'Darker', 'Darker', 'Darker', 'Darker', 'Darker', 'Darker', 'Darker', 'Darker', 'Darker', 'Darker', 'Darker', 'Darker', 'Darker', 'Darker', 'Darker', 'Darker', 'Darker', 'Darker', 'Darker', 'Darker', 'Darker', 'Darker', 'Darker', 'Darker', 'Darker', 'Darker', 'Darker', 'Darker', 'Darker', 'Darker', 'Darker', 'Darker', 'Darker', 'Darker', 'Darker', 'Darker', 'Darker', 'Darker', 'Darker', 'Darker', 'Darker', 'Darker', 'Darker', 'Darker', 'Darker', 'Darker', 'Darker', 'Darker', 'Darker', 'Darker', 'Darker', 'Darker', 'Darker', 'Darker', 'Darker', 'Darker', 'Darker', 'Darker', 'Darker', 'Darker', 'Darker', 'Darker', 'Darker', 'Darker', 'Darker', 'Darker', 'Darker', 'Darker', 'Darker', 'Darker', 'Darker', 'Darker', 'Darker', 'Darker', 'Darker', 'Darker', 'Darker', 'Darker', 'Darker', 'Darker', 'Darker', 'Darker', 'Darker', 'Darker', 'Darker', 'Darker', 'Darker', 'Darker', 'Darker', 'Darker', 'Darker', 'Darker', 'Darker', 'Darker', 'Darker', 'Darker', 'Darker', 'Darker', 'Darker', 'Darker', 'Darker', 'Darker', 'Darker', 'Darker', 'Darker', 'Darker', 'Darker', 'Darker', 'Darker', 'Darker', 'Darker', 'Darker', 'Darker', 'Darker', 'Darker', 'Darker', 'Darker', 'Darker', 'Darker', 'Darker', 'Darker', 'Darker', 'Darker', 'Darker', 'Darker', 'Darker', 'Darker', 'Darker', 'Darker', 'Darker', 'Darker', 'Darker', 'Darker', 'Darker', 'Darker', 'Darker', 'Darker', 'Darker', 'Darker', 'Darker', 'Darker', 'Darker', 'Darker', 'Darker', 'Darker', 'Darker', 'Darker', 'Darker', 'Darker', 'Darker', 'Darker', 'Darker', 'Darker', 'Darker', 'Darker', 'Darker', 'Darker', 'Darker', 'Darker', 'Darker', 'Darker', 'Darker', 'Darker', 'Darker', 'Darker', 'Darker', 'Darker', 'Darker', 'Darker', 'Darker', 'Darker', 'Darker', 'Darker', 'Darker', 'Darker', 'Darker', 'Darker', 'Darker', 'Darker', 'Darker', 'Darker', 'Darker', 'Darker', 'Darker', 'Darker', 'Darker', 'Darker', 'Darker', 'Darker', 'Darker', 'Darker', 'Darker', 'Darker', 'Darker', 'Darker', 'Darker', 'Darker', 'Darker', 'Darker', 'Darker', 'Darker', 'Darker', 'Darker', 'Darker', 'Darker', 'Darker', 'Darker', 'Darker', 'Darker', 'Darker', 'Darker', 'Darker', 'Darker', 'Darker', 'Darker', 'Darker', 'Darker', 'Darker', 'Darker', 'Darker', 'Darker', 'Darker', 'Darker', 'Darker', 'Darker', 'Darker', 'Darker', 'Darker', 'Darker', 'Darker', 'Darker', 'Darker', 'Darker', 'Darker', 'Darker', 'Darker', 'Darker', 'Darker', 'Darker', 'Darker', 'Darker', 'Darker', 'Darker', 'Darker', 'Darker', 'Darker', 'Darker', 'Darker', 'Darker', 'Darker', 'Darker', 'Darker', 'Darker', 'Darker', 'Darker', 'Darker', 'Darker', 'Darker', 'Darker', 'Darker', 'Darker', 'Darker', 'Darker', 'Darker', 'Darker', 'Darker', 'Darker', 'Darker', 'Darker', 'Darker', 'Darker', 'Darker', 'Darker', 'Darker', 'Darker', 'Darker', 'Darker', 'Darker', 'Darker', 'Darker', 'Darker', 'Darker', 'Darker', 'Darker', 'Darker', 'Darker', 'Darker', 'Darker', 'Darker', 'Darker', 'Darker', 'Darker', 'Darker', 'Darker', 'Darker', 'Darker', 'Darker', 'Darker', 'Darker', 'Darker', 'Darker', 'Darker', 'Darker', 'Darker', 'Darker', 'Darker', 'Darker', 'Darker', 'Darker', 'Darker', 'Darker', 'Darker', 'Darker', 'Darker', 'Darker', 'Darker', 'Darker', 'Darker', 'Darker', 'Darker', 'Darker', 'Darker', 'Darker', 'Darker', 'Darker', 'Darker', 'Darker', 'Darker', 'Darker', 'Darker', 'Darker', 'Darker', 'Darker', 'Darker', 'Darker', 'Darker', 'Darker', 'Darker', 'Darker', 'Darker', 'Darker', 'Darker', 'Darker', 'Darker', 'Darker', 'Darker', 'Darker', 'Darker', 'Darker', 'Darker', 'Darker', 'Darker', 'Darker', 'Darker', 'Darker', 'Darker', 'Darker', 'Darker', 'Darker', 'Darker', 'Darker', 'Darker', 'Darker', 'Darker', 'Darker', 'Darker', 'Darker', 'Darker', 'Darker', 'Darker', 'Darker', 'Darker', 'Darker', 'Darker', 'Darker', 'Darker', 'Darker', 'Darker', 'Darker', 'Darker', 'Darker', 'Darker', 'Darker', 'Darker', 'Darker', 'Darker', 'Darker', 'Darker', 'Darker', 'Darker', 'Darker', 'Darker', 'Darker', 'Darker', 'Darker', 'Darker', 'Darker', 'Darker', 'Darker', 'Darker', 'Darker', 'Darker', 'Darker', 'Darker', 'Darker', 'Darker', 'Darker', 'Darker', 'Darker', 'Darker', 'Darker', 'Darker', 'Darker', 'Darker', 'Darker', 'Darker', 'Darker', 'Darker', 'Darker', 'Darker', 'Darker', 'Darker', 'Darker', 'Darker', 'Darker', 'Darker', 'Darker', 'Darker', 'Darker', 'Darker', 'Darker', 'Darker', 'Darker', 'Darker', 'Darker', 'Darker', 'Darker', 'Darker', 'Darker', 'Darker', 'Darker', 'Darker', 'Darker', 'Darker', 'Darker', 'Darker', 'Darker', 'Darker', 'Darker', 'Darker', 'Darker', 'Darker', 'Darker', 'Darker', 'Darker', 'Darker', 'Darker', 'Darker', 'Darker', 'Darker', 'Darker', 'Darker', 'Darker', 'Darker', 'Darker', 'Darker', 'Darker', 'Darker', 'Darker', 'Darker', 'Darker', 'Darker', 'Darker', 'Darker', 'Darker', 'Darker', 'Darker', 'Darker', 'Darker', 'Darker', 'Darker']",NA,NA,NA,4888.930040300009,5189.594230399933,2022-11-03 18:36:13.780907,2022-11-03 18:41:14.432141,['Frame: 1| Time: 2022-11-03 18:36:13.797857'],SR-1371,2022_Nov_03_1715,certainty_neuro,2021.2.3,59.978539668710326,
playingFunc,StimVidRadCheck30s_PinkNoise.mp4,NA,NA,NA,NA,NA,5189.942661049904,5220.065371899877,2022-11-03 18:41:14.798851,2022-11-03 18:41:44.912940,['Frame: 1| Time: 2022-11-03 18:41:14.801844'],SR-1371,2022_Nov_03_1715,certainty_neuro,2021.2.3,59.978539668710326,
isiFunc,NA,NA,NA,NA,+,NA,5220.059914299985,5250.069694350008,2022-11-03 18:41:44.913969,2022-11-03 18:42:14.913401,NA,SR-1371,2022_Nov_03_1715,certainty_neuro,2021.2.3,59.978539668710326,
instrFunc,NA,NA,NA,1,"This part of the trial is now complete!


Press the thumb button to close.",2.1498371000634506,5250.059699199977,5252.2409195499495,2022-11-03 18:42:14.913401,2022-11-03 18:42:17.082212,NA,SR-1371,2022_Nov_03_1715,certainty_neuro,2021.2.3,59.978539668710326,
